sample_index,raw_code,voltage_mV,sample_rate_hz
0,2046,-0.976562,25000000.000
1,2045,-1.464844,25000000.000
2,2045,-1.464844,25000000.000
3,2046,-0.976562,25000000.000
4,2045,-1.464844,25000000.000
5,2045,-1.464844,25000000.000
6,2046,-0.976562,25000000.000
7,2046,-0.976562,25000000.000
8,2046,-0.976562,25000000.000
9,2046,-0.976562,25000000.000
10,2046,-0.976562,25000000.000
11,2047,-0.488281,25000000.000
12,2046,-0.976562,25000000.000
13,2045,-1.464844,25000000.000
14,2046,-0.976562,25000000.000
15,2045,-1.464844,25000000.000
16,2046,-0.976562,25000000.000
17,2047,-0.488281,25000000.000
18,2046,-0.976562,25000000.000
19,2046,-0.976562,25000000.000
20,2046,-0.976562,25000000.000
21,2047,-0.488281,25000000.000
22,2046,-0.976562,25000000.000
23,2046,-0.976562,25000000.000
24,2046,-0.976562,25000000.000
25,2046,-0.976562,25000000.000
26,2046,-0.976562,25000000.000
27,2044,-1.953125,25000000.000
28,2045,-1.464844,25000000.000
29,2046,-0.976562,25000000.000
30,2045,-1.464844,25000000.000
31,2045,-1.464844,25000000.000
32,2046,-0.976562,25000000.000
33,2046,-0.976562,25000000.000
34,2044,-1.953125,25000000.000
35,2045,-1.464844,25000000.000
36,2046,-0.976562,25000000.000
37,2046,-0.976562,25000000.000
38,2045,-1.464844,25000000.000
39,2046,-0.976562,25000000.000
40,2046,-0.976562,25000000.000
41,2047,-0.488281,25000000.000
42,2047,-0.488281,25000000.000
43,2046,-0.976562,25000000.000
44,2046,-0.976562,25000000.000
45,2047,-0.488281,25000000.000
46,2047,-0.488281,25000000.000
47,2045,-1.464844,25000000.000
48,2047,-0.488281,25000000.000
49,2046,-0.976562,25000000.000
50,2046,-0.976562,25000000.000
51,2047,-0.488281,25000000.000
52,2047,-0.488281,25000000.000
53,2047,-0.488281,25000000.000
54,2047,-0.488281,25000000.000
55,2047,-0.488281,25000000.000
56,2047,-0.488281,25000000.000
57,2047,-0.488281,25000000.000
58,2047,-0.488281,25000000.000
59,2046,-0.976562,25000000.000
60,2046,-0.976562,25000000.000
61,2047,-0.488281,25000000.000
62,2046,-0.976562,25000000.000
63,2046,-0.976562,25000000.000
64,2046,-0.976562,25000000.000
65,2047,-0.488281,25000000.000
66,2046,-0.976562,25000000.000
67,2046,-0.976562,25000000.000
68,2046,-0.976562,25000000.000
69,2045,-1.464844,25000000.000
70,2045,-1.464844,25000000.000
71,2046,-0.976562,25000000.000
72,2046,-0.976562,25000000.000
73,2046,-0.976562,25000000.000
74,2046,-0.976562,25000000.000
75,2045,-1.464844,25000000.000
76,2046,-0.976562,25000000.000
77,2045,-1.464844,25000000.000
78,2046,-0.976562,25000000.000
79,2046,-0.976562,25000000.000
80,2046,-0.976562,25000000.000
81,2045,-1.464844,25000000.000
82,2045,-1.464844,25000000.000
83,2045,-1.464844,25000000.000
84,2045,-1.464844,25000000.000
85,2046,-0.976562,25000000.000
86,2044,-1.953125,25000000.000
87,2045,-1.464844,25000000.000
88,2045,-1.464844,25000000.000
89,2044,-1.953125,25000000.000
90,2044,-1.953125,25000000.000
91,2048,0.000000,25000000.000
92,2047,-0.488281,25000000.000
93,2045,-1.464844,25000000.000
94,2047,-0.488281,25000000.000
95,2045,-1.464844,25000000.000
96,2047,-0.488281,25000000.000
97,2047,-0.488281,25000000.000
98,2047,-0.488281,25000000.000
99,2044,-1.953125,25000000.000
100,2047,-0.488281,25000000.000
101,2046,-0.976562,25000000.000
102,2047,-0.488281,25000000.000
103,2047,-0.488281,25000000.000
104,2049,0.488281,25000000.000
105,2049,0.488281,25000000.000
106,2049,0.488281,25000000.000
107,2050,0.976562,25000000.000
108,2049,0.488281,25000000.000
109,2049,0.488281,25000000.000
110,2050,0.976562,25000000.000
111,2050,0.976562,25000000.000
112,2050,0.976562,25000000.000
113,2051,1.464844,25000000.000
114,2051,1.464844,25000000.000
115,2050,0.976562,25000000.000
116,2051,1.464844,25000000.000
117,2051,1.464844,25000000.000
118,2051,1.464844,25000000.000
119,2052,1.953125,25000000.000
120,2052,1.953125,25000000.000
121,2052,1.953125,25000000.000
122,2051,1.464844,25000000.000
123,2051,1.464844,25000000.000
124,2050,0.976562,25000000.000
125,2050,0.976562,25000000.000
126,2050,0.976562,25000000.000
127,2049,0.488281,25000000.000
128,2049,0.488281,25000000.000
129,2050,0.976562,25000000.000
130,2048,0.000000,25000000.000
131,2048,0.000000,25000000.000
132,2047,-0.488281,25000000.000
133,2047,-0.488281,25000000.000
134,2047,-0.488281,25000000.000
135,2046,-0.976562,25000000.000
136,2046,-0.976562,25000000.000
137,2046,-0.976562,25000000.000
138,2046,-0.976562,25000000.000
139,2046,-0.976562,25000000.000
140,2044,-1.953125,25000000.000
141,2046,-0.976562,25000000.000
142,2045,-1.464844,25000000.000
143,2044,-1.953125,25000000.000
144,2045,-1.464844,25000000.000
145,2046,-0.976562,25000000.000
146,2045,-1.464844,25000000.000
147,2045,-1.464844,25000000.000
148,2045,-1.464844,25000000.000
149,2045,-1.464844,25000000.000
150,2045,-1.464844,25000000.000
151,2045,-1.464844,25000000.000
152,2043,-2.441406,25000000.000
153,2043,-2.441406,25000000.000
154,2043,-2.441406,25000000.000
155,2043,-2.441406,25000000.000
156,2043,-2.441406,25000000.000
157,2042,-2.929688,25000000.000
158,2042,-2.929688,25000000.000
159,2043,-2.441406,25000000.000
160,2042,-2.929688,25000000.000
161,2041,-3.417969,25000000.000
162,2041,-3.417969,25000000.000
163,2041,-3.417969,25000000.000
164,2040,-3.906250,25000000.000
165,2041,-3.417969,25000000.000
166,2041,-3.417969,25000000.000
167,2041,-3.417969,25000000.000
168,2042,-2.929688,25000000.000
169,2041,-3.417969,25000000.000
170,2041,-3.417969,25000000.000
171,2041,-3.417969,25000000.000
172,2043,-2.441406,25000000.000
173,2043,-2.441406,25000000.000
174,2044,-1.953125,25000000.000
175,2043,-2.441406,25000000.000
176,2045,-1.464844,25000000.000
177,2045,-1.464844,25000000.000
178,2046,-0.976562,25000000.000
179,2046,-0.976562,25000000.000
180,2047,-0.488281,25000000.000
181,2048,0.000000,25000000.000
182,2047,-0.488281,25000000.000
183,2048,0.000000,25000000.000
184,2049,0.488281,25000000.000
185,2048,0.000000,25000000.000
186,2050,0.976562,25000000.000
187,2048,0.000000,25000000.000
188,2049,0.488281,25000000.000
189,2048,0.000000,25000000.000
190,2048,0.000000,25000000.000
191,2047,-0.488281,25000000.000
192,2047,-0.488281,25000000.000
193,2047,-0.488281,25000000.000
194,2046,-0.976562,25000000.000
195,2046,-0.976562,25000000.000
196,2044,-1.953125,25000000.000
197,2044,-1.953125,25000000.000
198,2042,-2.929688,25000000.000
199,2043,-2.441406,25000000.000
200,2040,-3.906250,25000000.000
201,2039,-4.394531,25000000.000
202,2038,-4.882812,25000000.000
203,2040,-3.906250,25000000.000
204,2037,-5.371094,25000000.000
205,2038,-4.882812,25000000.000
206,2037,-5.371094,25000000.000
207,2038,-4.882812,25000000.000
208,2036,-5.859375,25000000.000
209,2036,-5.859375,25000000.000
210,2037,-5.371094,25000000.000
211,2037,-5.371094,25000000.000
212,2038,-4.882812,25000000.000
213,2038,-4.882812,25000000.000
214,2040,-3.906250,25000000.000
215,2040,-3.906250,25000000.000
216,2041,-3.417969,25000000.000
217,2044,-1.953125,25000000.000
218,2044,-1.953125,25000000.000
219,2044,-1.953125,25000000.000
220,2047,-0.488281,25000000.000
221,2048,0.000000,25000000.000
222,2050,0.976562,25000000.000
223,2050,0.976562,25000000.000
224,2051,1.464844,25000000.000
225,2052,1.953125,25000000.000
226,2054,2.929688,25000000.000
227,2054,2.929688,25000000.000
228,2054,2.929688,25000000.000
229,2056,3.906250,25000000.000
230,2055,3.417969,25000000.000
231,2056,3.906250,25000000.000
232,2055,3.417969,25000000.000
233,2054,2.929688,25000000.000
234,2054,2.929688,25000000.000
235,2054,2.929688,25000000.000
236,2051,1.464844,25000000.000
237,2051,1.464844,25000000.000
238,2048,0.000000,25000000.000
239,2049,0.488281,25000000.000
240,2045,-1.464844,25000000.000
241,2044,-1.953125,25000000.000
242,2041,-3.417969,25000000.000
243,2041,-3.417969,25000000.000
244,2038,-4.882812,25000000.000
245,2036,-5.859375,25000000.000
246,2033,-7.324219,25000000.000
247,2036,-5.859375,25000000.000
248,2032,-7.812500,25000000.000
249,2030,-8.789062,25000000.000
250,2029,-9.277344,25000000.000
251,2029,-9.277344,25000000.000
252,2027,-10.253906,25000000.000
253,2027,-10.253906,25000000.000
254,2026,-10.742188,25000000.000
255,2026,-10.742188,25000000.000
256,2027,-10.253906,25000000.000
257,2029,-9.277344,25000000.000
258,2030,-8.789062,25000000.000
259,2029,-9.277344,25000000.000
260,2031,-8.300781,25000000.000
261,2033,-7.324219,25000000.000
262,2035,-6.347656,25000000.000
263,2035,-6.347656,25000000.000
264,2038,-4.882812,25000000.000
265,2040,-3.906250,25000000.000
266,2043,-2.441406,25000000.000
267,2042,-2.929688,25000000.000
268,2046,-0.976562,25000000.000
269,2049,0.488281,25000000.000
270,2051,1.464844,25000000.000
271,2051,1.464844,25000000.000
272,2053,2.441406,25000000.000
273,2054,2.929688,25000000.000
274,2054,2.929688,25000000.000
275,2054,2.929688,25000000.000
276,2055,3.417969,25000000.000
277,2056,3.906250,25000000.000
278,2055,3.417969,25000000.000
279,2055,3.417969,25000000.000
280,2054,2.929688,25000000.000
281,2052,1.953125,25000000.000
282,2051,1.464844,25000000.000
283,2051,1.464844,25000000.000
284,2047,-0.488281,25000000.000
285,2046,-0.976562,25000000.000
286,2045,-1.464844,25000000.000
287,2044,-1.953125,25000000.000
288,2041,-3.417969,25000000.000
289,2039,-4.394531,25000000.000
290,2037,-5.371094,25000000.000
291,2037,-5.371094,25000000.000
292,2035,-6.347656,25000000.000
293,2034,-6.835938,25000000.000
294,2034,-6.835938,25000000.000
295,2034,-6.835938,25000000.000
296,2034,-6.835938,25000000.000
297,2036,-5.859375,25000000.000
298,2036,-5.859375,25000000.000
299,2036,-5.859375,25000000.000
300,2040,-3.906250,25000000.000
301,2040,-3.906250,25000000.000
302,2044,-1.953125,25000000.000
303,2043,-2.441406,25000000.000
304,2048,0.000000,25000000.000
305,2051,1.464844,25000000.000
306,2054,2.929688,25000000.000
307,2054,2.929688,25000000.000
308,2060,5.859375,25000000.000
309,2062,6.835938,25000000.000
310,2065,8.300781,25000000.000
311,2064,7.812500,25000000.000
312,2070,10.742188,25000000.000
313,2071,11.230469,25000000.000
314,2072,11.718750,25000000.000
315,2072,11.718750,25000000.000
316,2073,12.207031,25000000.000
317,2074,12.695312,25000000.000
318,2074,12.695312,25000000.000
319,2074,12.695312,25000000.000
320,2071,11.230469,25000000.000
321,2069,10.253906,25000000.000
322,2067,9.277344,25000000.000
323,2067,9.277344,25000000.000
324,2063,7.324219,25000000.000
325,2060,5.859375,25000000.000
326,2056,3.906250,25000000.000
327,2056,3.906250,25000000.000
328,2050,0.976562,25000000.000
329,2047,-0.488281,25000000.000
330,2043,-2.441406,25000000.000
331,2043,-2.441406,25000000.000
332,2036,-5.859375,25000000.000
333,2035,-6.347656,25000000.000
334,2032,-7.812500,25000000.000
335,2032,-7.812500,25000000.000
336,2029,-9.277344,25000000.000
337,2028,-9.765625,25000000.000
338,2027,-10.253906,25000000.000
339,2026,-10.742188,25000000.000
340,2027,-10.253906,25000000.000
341,2029,-9.277344,25000000.000
342,2030,-8.789062,25000000.000
343,2029,-9.277344,25000000.000
344,2033,-7.324219,25000000.000
345,2036,-5.859375,25000000.000
346,2038,-4.882812,25000000.000
347,2038,-4.882812,25000000.000
348,2043,-2.441406,25000000.000
349,2046,-0.976562,25000000.000
350,2048,0.000000,25000000.000
351,2050,0.976562,25000000.000
352,2053,2.441406,25000000.000
353,2055,3.417969,25000000.000
354,2057,4.394531,25000000.000
355,2057,4.394531,25000000.000
356,2060,5.859375,25000000.000
357,2059,5.371094,25000000.000
358,2059,5.371094,25000000.000
359,2058,4.882812,25000000.000
360,2058,4.882812,25000000.000
361,2057,4.394531,25000000.000
362,2055,3.417969,25000000.000
363,2055,3.417969,25000000.000
364,2051,1.464844,25000000.000
365,2049,0.488281,25000000.000
366,2047,-0.488281,25000000.000
367,2047,-0.488281,25000000.000
368,2042,-2.929688,25000000.000
369,2039,-4.394531,25000000.000
370,2035,-6.347656,25000000.000
371,2036,-5.859375,25000000.000
372,2034,-6.835938,25000000.000
373,2033,-7.324219,25000000.000
374,2030,-8.789062,25000000.000
375,2030,-8.789062,25000000.000
376,2030,-8.789062,25000000.000
377,2030,-8.789062,25000000.000
378,2031,-8.300781,25000000.000
379,2031,-8.300781,25000000.000
380,2034,-6.835938,25000000.000
381,2036,-5.859375,25000000.000
382,2038,-4.882812,25000000.000
383,2038,-4.882812,25000000.000
384,2043,-2.441406,25000000.000
385,2046,-0.976562,25000000.000
386,2049,0.488281,25000000.000
387,2049,0.488281,25000000.000
388,2055,3.417969,25000000.000
389,2059,5.371094,25000000.000
390,2061,6.347656,25000000.000
391,2062,6.835938,25000000.000
392,2065,8.300781,25000000.000
393,2066,8.789062,25000000.000
394,2068,9.765625,25000000.000
395,2068,9.765625,25000000.000
396,2067,9.277344,25000000.000
397,2066,8.789062,25000000.000
398,2066,8.789062,25000000.000
399,2067,9.277344,25000000.000
400,2062,6.835938,25000000.000
401,2060,5.859375,25000000.000
402,2058,4.882812,25000000.000
403,2057,4.394531,25000000.000
404,2050,0.976562,25000000.000
405,2047,-0.488281,25000000.000
406,2043,-2.441406,25000000.000
407,2042,-2.929688,25000000.000
408,2035,-6.347656,25000000.000
409,2032,-7.812500,25000000.000
410,2029,-9.277344,25000000.000
411,2028,-9.765625,25000000.000
412,2024,-11.718750,25000000.000
413,2021,-13.183594,25000000.000
414,2021,-13.183594,25000000.000
415,2020,-13.671875,25000000.000
416,2020,-13.671875,25000000.000
417,2019,-14.160156,25000000.000
418,2021,-13.183594,25000000.000
419,2021,-13.183594,25000000.000
420,2025,-11.230469,25000000.000
421,2028,-9.765625,25000000.000
422,2032,-7.812500,25000000.000
423,2033,-7.324219,25000000.000
424,2040,-3.906250,25000000.000
425,2044,-1.953125,25000000.000
426,2049,0.488281,25000000.000
427,2049,0.488281,25000000.000
428,2058,4.882812,25000000.000
429,2061,6.347656,25000000.000
430,2067,9.277344,25000000.000
431,2067,9.277344,25000000.000
432,2073,12.207031,25000000.000
433,2076,13.671875,25000000.000
434,2079,15.136719,25000000.000
435,2078,14.648438,25000000.000
436,2081,16.113281,25000000.000
437,2078,14.648438,25000000.000
438,2085,18.066406,25000000.000
439,2080,15.625000,25000000.000
440,2075,13.183594,25000000.000
441,2073,12.207031,25000000.000
442,2070,10.742188,25000000.000
443,2069,10.253906,25000000.000
444,2061,6.347656,25000000.000
445,2056,3.906250,25000000.000
446,2051,1.464844,25000000.000
447,2050,0.976562,25000000.000
448,2041,-3.417969,25000000.000
449,2035,-6.347656,25000000.000
450,2031,-8.300781,25000000.000
451,2030,-8.789062,25000000.000
452,2023,-12.207031,25000000.000
453,2019,-14.160156,25000000.000
454,2016,-15.625000,25000000.000
455,2015,-16.113281,25000000.000
456,2012,-17.578125,25000000.000
457,2011,-18.066406,25000000.000
458,2012,-17.578125,25000000.000
459,2011,-18.066406,25000000.000
460,2014,-16.601562,25000000.000
461,2016,-15.625000,25000000.000
462,2019,-14.160156,25000000.000
463,2019,-14.160156,25000000.000
464,2026,-10.742188,25000000.000
465,2030,-8.789062,25000000.000
466,2036,-5.859375,25000000.000
467,2036,-5.859375,25000000.000
468,2047,-0.488281,25000000.000
469,2051,1.464844,25000000.000
470,2056,3.906250,25000000.000
471,2056,3.906250,25000000.000
472,2064,7.812500,25000000.000
473,2068,9.765625,25000000.000
474,2072,11.718750,25000000.000
475,2072,11.718750,25000000.000
476,2077,14.160156,25000000.000
477,2079,15.136719,25000000.000
478,2079,15.136719,25000000.000
479,2080,15.625000,25000000.000
480,2079,15.136719,25000000.000
481,2077,14.160156,25000000.000
482,2074,12.695312,25000000.000
483,2075,13.183594,25000000.000
484,2069,10.253906,25000000.000
485,2064,7.812500,25000000.000
486,2060,5.859375,25000000.000
487,2060,5.859375,25000000.000
488,2051,1.464844,25000000.000
489,2046,-0.976562,25000000.000
490,2041,-3.417969,25000000.000
491,2040,-3.906250,25000000.000
492,2031,-8.300781,25000000.000
493,2027,-10.253906,25000000.000
494,2024,-11.718750,25000000.000
495,2023,-12.207031,25000000.000
496,2016,-15.625000,25000000.000
497,2015,-16.113281,25000000.000
498,2015,-16.113281,25000000.000
499,2014,-16.601562,25000000.000
500,2014,-16.601562,25000000.000
501,2015,-16.113281,25000000.000
502,2016,-15.625000,25000000.000
503,2017,-15.136719,25000000.000
504,2021,-13.183594,25000000.000
505,2025,-11.230469,25000000.000
506,2030,-8.789062,25000000.000
507,2030,-8.789062,25000000.000
508,2039,-4.394531,25000000.000
509,2044,-1.953125,25000000.000
510,2048,0.000000,25000000.000
511,2049,0.488281,25000000.000
512,2056,3.906250,25000000.000
513,2061,6.347656,25000000.000
514,2064,7.812500,25000000.000
515,2065,8.300781,25000000.000
516,2071,11.230469,25000000.000
517,2071,11.230469,25000000.000
518,2074,12.695312,25000000.000
519,2073,12.207031,25000000.000
520,2075,13.183594,25000000.000
521,2072,11.718750,25000000.000
522,2071,11.230469,25000000.000
523,2071,11.230469,25000000.000
524,2066,8.789062,25000000.000
525,2063,7.324219,25000000.000
526,2059,5.371094,25000000.000
527,2059,5.371094,25000000.000
528,2051,1.464844,25000000.000
529,2047,-0.488281,25000000.000
530,2042,-2.929688,25000000.000
531,2042,-2.929688,25000000.000
532,2034,-6.835938,25000000.000
533,2030,-8.789062,25000000.000
534,2026,-10.742188,25000000.000
535,2025,-11.230469,25000000.000
536,2020,-13.671875,25000000.000
537,2018,-14.648438,25000000.000
538,2016,-15.625000,25000000.000
539,2016,-15.625000,25000000.000
540,2015,-16.113281,25000000.000
541,2016,-15.625000,25000000.000
542,2017,-15.136719,25000000.000
543,2017,-15.136719,25000000.000
544,2021,-13.183594,25000000.000
545,2024,-11.718750,25000000.000
546,2027,-10.253906,25000000.000
547,2027,-10.253906,25000000.000
548,2036,-5.859375,25000000.000
549,2039,-4.394531,25000000.000
550,2044,-1.953125,25000000.000
551,2044,-1.953125,25000000.000
552,2052,1.953125,25000000.000
553,2057,4.394531,25000000.000
554,2061,6.347656,25000000.000
555,2061,6.347656,25000000.000
556,2067,9.277344,25000000.000
557,2070,10.742188,25000000.000
558,2072,11.718750,25000000.000
559,2071,11.230469,25000000.000
560,2075,13.183594,25000000.000
561,2074,12.695312,25000000.000
562,2074,12.695312,25000000.000
563,2073,12.207031,25000000.000
564,2071,11.230469,25000000.000
565,2068,9.765625,25000000.000
566,2065,8.300781,25000000.000
567,2066,8.789062,25000000.000
568,2058,4.882812,25000000.000
569,2054,2.929688,25000000.000
570,2052,1.953125,25000000.000
571,2051,1.464844,25000000.000
572,2042,-2.929688,25000000.000
573,2038,-4.882812,25000000.000
574,2035,-6.347656,25000000.000
575,2033,-7.324219,25000000.000
576,2028,-9.765625,25000000.000
577,2025,-11.230469,25000000.000
578,2022,-12.695312,25000000.000
579,2023,-12.207031,25000000.000
580,2019,-14.160156,25000000.000
581,2019,-14.160156,25000000.000
582,2018,-14.648438,25000000.000
583,2020,-13.671875,25000000.000
584,2019,-14.160156,25000000.000
585,2021,-13.183594,25000000.000
586,2024,-11.718750,25000000.000
587,2024,-11.718750,25000000.000
588,2029,-9.277344,25000000.000
589,2031,-8.300781,25000000.000
590,2034,-6.835938,25000000.000
591,2035,-6.347656,25000000.000
592,2043,-2.441406,25000000.000
593,2046,-0.976562,25000000.000
594,2050,0.976562,25000000.000
595,2051,1.464844,25000000.000
596,2057,4.394531,25000000.000
597,2059,5.371094,25000000.000
598,2063,7.324219,25000000.000
599,2063,7.324219,25000000.000
600,2068,9.765625,25000000.000
601,2068,9.765625,25000000.000
602,2070,10.742188,25000000.000
603,2070,10.742188,25000000.000
604,2071,11.230469,25000000.000
605,2069,10.253906,25000000.000
606,2068,9.765625,25000000.000
607,2068,9.765625,25000000.000
608,2063,7.324219,25000000.000
609,2061,6.347656,25000000.000
610,2057,4.394531,25000000.000
611,2058,4.882812,25000000.000
612,2053,2.441406,25000000.000
613,2049,0.488281,25000000.000
614,2046,-0.976562,25000000.000
615,2046,-0.976562,25000000.000
616,2041,-3.417969,25000000.000
617,2039,-4.394531,25000000.000
618,2037,-5.371094,25000000.000
619,2036,-5.859375,25000000.000
620,2033,-7.324219,25000000.000
621,2031,-8.300781,25000000.000
622,2029,-9.277344,25000000.000
623,2030,-8.789062,25000000.000
624,2028,-9.765625,25000000.000
625,2027,-10.253906,25000000.000
626,2027,-10.253906,25000000.000
627,2027,-10.253906,25000000.000
628,2027,-10.253906,25000000.000
629,2029,-9.277344,25000000.000
630,2030,-8.789062,25000000.000
631,2031,-8.300781,25000000.000
632,2034,-6.835938,25000000.000
633,2037,-5.371094,25000000.000
634,2039,-4.394531,25000000.000
635,2040,-3.906250,25000000.000
636,2046,-0.976562,25000000.000
637,2049,0.488281,25000000.000
638,2053,2.441406,25000000.000
639,2052,1.953125,25000000.000
640,2058,4.882812,25000000.000
641,2061,6.347656,25000000.000
642,2064,7.812500,25000000.000
643,2065,8.300781,25000000.000
644,2068,9.765625,25000000.000
645,2068,9.765625,25000000.000
646,2067,9.277344,25000000.000
647,2068,9.765625,25000000.000
648,2065,8.300781,25000000.000
649,2064,7.812500,25000000.000
650,2060,5.859375,25000000.000
651,2061,6.347656,25000000.000
652,2055,3.417969,25000000.000
653,2051,1.464844,25000000.000
654,2049,0.488281,25000000.000
655,2047,-0.488281,25000000.000
656,2045,-1.464844,25000000.000
657,2043,-2.441406,25000000.000
658,2042,-2.929688,25000000.000
659,2042,-2.929688,25000000.000
660,2040,-3.906250,25000000.000
661,2039,-4.394531,25000000.000
662,2038,-4.882812,25000000.000
663,2038,-4.882812,25000000.000
664,2034,-6.835938,25000000.000
665,2033,-7.324219,25000000.000
666,2031,-8.300781,25000000.000
667,2030,-8.789062,25000000.000
668,2028,-9.765625,25000000.000
669,2029,-9.277344,25000000.000
670,2029,-9.277344,25000000.000
671,2029,-9.277344,25000000.000
672,2031,-8.300781,25000000.000
673,2035,-6.347656,25000000.000
674,2038,-4.882812,25000000.000
675,2038,-4.882812,25000000.000
676,2043,-2.441406,25000000.000
677,2046,-0.976562,25000000.000
678,2048,0.000000,25000000.000
679,2048,0.000000,25000000.000
680,2052,1.953125,25000000.000
681,2054,2.929688,25000000.000
682,2056,3.906250,25000000.000
683,2056,3.906250,25000000.000
684,2060,5.859375,25000000.000
685,2061,6.347656,25000000.000
686,2062,6.835938,25000000.000
687,2063,7.324219,25000000.000
688,2066,8.789062,25000000.000
689,2065,8.300781,25000000.000
690,2065,8.300781,25000000.000
691,2064,7.812500,25000000.000
692,2059,5.371094,25000000.000
693,2055,3.417969,25000000.000
694,2052,1.953125,25000000.000
695,2051,1.464844,25000000.000
696,2045,-1.464844,25000000.000
697,2042,-2.929688,25000000.000
698,2041,-3.417969,25000000.000
699,2040,-3.906250,25000000.000
700,2038,-4.882812,25000000.000
701,2038,-4.882812,25000000.000
702,2038,-4.882812,25000000.000
703,2038,-4.882812,25000000.000
704,2037,-5.371094,25000000.000
705,2036,-5.859375,25000000.000
706,2031,-8.300781,25000000.000
707,2033,-7.324219,25000000.000
708,2030,-8.789062,25000000.000
709,2027,-10.253906,25000000.000
710,2027,-10.253906,25000000.000
711,2026,-10.742188,25000000.000
712,2027,-10.253906,25000000.000
713,2028,-9.765625,25000000.000
714,2030,-8.789062,25000000.000
715,2030,-8.789062,25000000.000
716,2036,-5.859375,25000000.000
717,2040,-3.906250,25000000.000
718,2043,-2.441406,25000000.000
719,2043,-2.441406,25000000.000
720,2049,0.488281,25000000.000
721,2050,0.976562,25000000.000
722,2053,2.441406,25000000.000
723,2053,2.441406,25000000.000
724,2058,4.882812,25000000.000
725,2060,5.859375,25000000.000
726,2063,7.324219,25000000.000
727,2064,7.812500,25000000.000
728,2066,8.789062,25000000.000
729,2066,8.789062,25000000.000
730,2067,9.277344,25000000.000
731,2067,9.277344,25000000.000
732,2063,7.324219,25000000.000
733,2060,5.859375,25000000.000
734,2057,4.394531,25000000.000
735,2057,4.394531,25000000.000
736,2048,0.000000,25000000.000
737,2044,-1.953125,25000000.000
738,2041,-3.417969,25000000.000
739,2041,-3.417969,25000000.000
740,2036,-5.859375,25000000.000
741,2035,-6.347656,25000000.000
742,2033,-7.324219,25000000.000
743,2033,-7.324219,25000000.000
744,2035,-6.347656,25000000.000
745,2035,-6.347656,25000000.000
746,2034,-6.835938,25000000.000
747,2034,-6.835938,25000000.000
748,2032,-7.812500,25000000.000
749,2031,-8.300781,25000000.000
750,2028,-9.765625,25000000.000
751,2028,-9.765625,25000000.000
752,2026,-10.742188,25000000.000
753,2025,-11.230469,25000000.000
754,2026,-10.742188,25000000.000
755,2026,-10.742188,25000000.000
756,2031,-8.300781,25000000.000
757,2033,-7.324219,25000000.000
758,2038,-4.882812,25000000.000
759,2038,-4.882812,25000000.000
760,2045,-1.464844,25000000.000
761,2049,0.488281,25000000.000
762,2053,2.441406,25000000.000
763,2053,2.441406,25000000.000
764,2060,5.859375,25000000.000
765,2062,6.835938,25000000.000
766,2064,7.812500,25000000.000
767,2065,8.300781,25000000.000
768,2069,10.253906,25000000.000
769,2071,11.230469,25000000.000
770,2072,11.718750,25000000.000
771,2071,11.230469,25000000.000
772,2070,10.742188,25000000.000
773,2070,10.742188,25000000.000
774,2066,8.789062,25000000.000
775,2067,9.277344,25000000.000
776,2058,4.882812,25000000.000
777,2055,3.417969,25000000.000
778,2052,1.953125,25000000.000
779,2051,1.464844,25000000.000
780,2045,-1.464844,25000000.000
781,2043,-2.441406,25000000.000
782,2041,-3.417969,25000000.000
783,2041,-3.417969,25000000.000
784,2040,-3.906250,25000000.000
785,2039,-4.394531,25000000.000
786,2039,-4.394531,25000000.000
787,2041,-3.417969,25000000.000
788,2037,-5.371094,25000000.000
789,2033,-7.324219,25000000.000
790,2031,-8.300781,25000000.000
791,2031,-8.300781,25000000.000
792,2027,-10.253906,25000000.000
793,2025,-11.230469,25000000.000
794,2024,-11.718750,25000000.000
795,2024,-11.718750,25000000.000
796,2026,-10.742188,25000000.000
797,2028,-9.765625,25000000.000
798,2030,-8.789062,25000000.000
799,2031,-8.300781,25000000.000
800,2038,-4.882812,25000000.000
801,2040,-3.906250,25000000.000
802,2046,-0.976562,25000000.000
803,2045,-1.464844,25000000.000
804,2051,1.464844,25000000.000
805,2056,3.906250,25000000.000
806,2058,4.882812,25000000.000
807,2058,4.882812,25000000.000
808,2064,7.812500,25000000.000
809,2066,8.789062,25000000.000
810,2069,10.253906,25000000.000
811,2069,10.253906,25000000.000
812,2069,10.253906,25000000.000
813,2069,10.253906,25000000.000
814,2067,9.277344,25000000.000
815,2067,9.277344,25000000.000
816,2062,6.835938,25000000.000
817,2058,4.882812,25000000.000
818,2055,3.417969,25000000.000
819,2055,3.417969,25000000.000
820,2048,0.000000,25000000.000
821,2046,-0.976562,25000000.000
822,2043,-2.441406,25000000.000
823,2045,-1.464844,25000000.000
824,2042,-2.929688,25000000.000
825,2041,-3.417969,25000000.000
826,2039,-4.394531,25000000.000
827,2041,-3.417969,25000000.000
828,2038,-4.882812,25000000.000
829,2036,-5.859375,25000000.000
830,2035,-6.347656,25000000.000
831,2035,-6.347656,25000000.000
832,2030,-8.789062,25000000.000
833,2028,-9.765625,25000000.000
834,2028,-9.765625,25000000.000
835,2027,-10.253906,25000000.000
836,2026,-10.742188,25000000.000
837,2027,-10.253906,25000000.000
838,2028,-9.765625,25000000.000
839,2029,-9.277344,25000000.000
840,2034,-6.835938,25000000.000
841,2036,-5.859375,25000000.000
842,2040,-3.906250,25000000.000
843,2041,-3.417969,25000000.000
844,2049,0.488281,25000000.000
845,2052,1.953125,25000000.000
846,2055,3.417969,25000000.000
847,2056,3.906250,25000000.000
848,2062,6.835938,25000000.000
849,2065,8.300781,25000000.000
850,2068,9.765625,25000000.000
851,2067,9.277344,25000000.000
852,2069,10.253906,25000000.000
853,2069,10.253906,25000000.000
854,2068,9.765625,25000000.000
855,2068,9.765625,25000000.000
856,2063,7.324219,25000000.000
857,2061,6.347656,25000000.000
858,2056,3.906250,25000000.000
859,2056,3.906250,25000000.000
860,2050,0.976562,25000000.000
861,2048,0.000000,25000000.000
862,2045,-1.464844,25000000.000
863,2045,-1.464844,25000000.000
864,2043,-2.441406,25000000.000
865,2042,-2.929688,25000000.000
866,2042,-2.929688,25000000.000
867,2043,-2.441406,25000000.000
868,2040,-3.906250,25000000.000
869,2039,-4.394531,25000000.000
870,2037,-5.371094,25000000.000
871,2036,-5.859375,25000000.000
872,2032,-7.812500,25000000.000
873,2030,-8.789062,25000000.000
874,2026,-10.742188,25000000.000
875,2027,-10.253906,25000000.000
876,2024,-11.718750,25000000.000
877,2024,-11.718750,25000000.000
878,2025,-11.230469,25000000.000
879,2025,-11.230469,25000000.000
880,2028,-9.765625,25000000.000
881,2032,-7.812500,25000000.000
882,2035,-6.347656,25000000.000
883,2036,-5.859375,25000000.000
884,2043,-2.441406,25000000.000
885,2047,-0.488281,25000000.000
886,2050,0.976562,25000000.000
887,2051,1.464844,25000000.000
888,2058,4.882812,25000000.000
889,2060,5.859375,25000000.000
890,2063,7.324219,25000000.000
891,2063,7.324219,25000000.000
892,2067,9.277344,25000000.000
893,2068,9.765625,25000000.000
894,2067,9.277344,25000000.000
895,2067,9.277344,25000000.000
896,2064,7.812500,25000000.000
897,2061,6.347656,25000000.000
898,2058,4.882812,25000000.000
899,2057,4.394531,25000000.000
900,2051,1.464844,25000000.000
901,2049,0.488281,25000000.000
902,2046,-0.976562,25000000.000
903,2046,-0.976562,25000000.000
904,2043,-2.441406,25000000.000
905,2044,-1.953125,25000000.000
906,2043,-2.441406,25000000.000
907,2043,-2.441406,25000000.000
908,2043,-2.441406,25000000.000
909,2043,-2.441406,25000000.000
910,2041,-3.417969,25000000.000
911,2040,-3.906250,25000000.000
912,2036,-5.859375,25000000.000
913,2034,-6.835938,25000000.000
914,2031,-8.300781,25000000.000
915,2031,-8.300781,25000000.000
916,2028,-9.765625,25000000.000
917,2027,-10.253906,25000000.000
918,2027,-10.253906,25000000.000
919,2025,-11.230469,25000000.000
920,2030,-8.789062,25000000.000
921,2033,-7.324219,25000000.000
922,2036,-5.859375,25000000.000
923,2036,-5.859375,25000000.000
924,2043,-2.441406,25000000.000
925,2046,-0.976562,25000000.000
926,2049,0.488281,25000000.000
927,2049,0.488281,25000000.000
928,2055,3.417969,25000000.000
929,2058,4.882812,25000000.000
930,2060,5.859375,25000000.000
931,2060,5.859375,25000000.000
932,2065,8.300781,25000000.000
933,2066,8.789062,25000000.000
934,2067,9.277344,25000000.000
935,2066,8.789062,25000000.000
936,2066,8.789062,25000000.000
937,2064,7.812500,25000000.000
938,2061,6.347656,25000000.000
939,2060,5.859375,25000000.000
940,2055,3.417969,25000000.000
941,2051,1.464844,25000000.000
942,2048,0.000000,25000000.000
943,2048,0.000000,25000000.000
944,2044,-1.953125,25000000.000
945,2043,-2.441406,25000000.000
946,2043,-2.441406,25000000.000
947,2042,-2.929688,25000000.000
948,2043,-2.441406,25000000.000
949,2042,-2.929688,25000000.000
950,2041,-3.417969,25000000.000
951,2041,-3.417969,25000000.000
952,2038,-4.882812,25000000.000
953,2035,-6.347656,25000000.000
954,2033,-7.324219,25000000.000
955,2033,-7.324219,25000000.000
956,2028,-9.765625,25000000.000
957,2028,-9.765625,25000000.000
958,2027,-10.253906,25000000.000
959,2026,-10.742188,25000000.000
960,2028,-9.765625,25000000.000
961,2030,-8.789062,25000000.000
962,2033,-7.324219,25000000.000
963,2033,-7.324219,25000000.000
964,2039,-4.394531,25000000.000
965,2041,-3.417969,25000000.000
966,2044,-1.953125,25000000.000
967,2045,-1.464844,25000000.000
968,2051,1.464844,25000000.000
969,2054,2.929688,25000000.000
970,2057,4.394531,25000000.000
971,2057,4.394531,25000000.000
972,2061,6.347656,25000000.000
973,2064,7.812500,25000000.000
974,2064,7.812500,25000000.000
975,2065,8.300781,25000000.000
976,2065,8.300781,25000000.000
977,2064,7.812500,25000000.000
978,2062,6.835938,25000000.000
979,2062,6.835938,25000000.000
980,2056,3.906250,25000000.000
981,2053,2.441406,25000000.000
982,2050,0.976562,25000000.000
983,2050,0.976562,25000000.000
984,2045,-1.464844,25000000.000
985,2042,-2.929688,25000000.000
986,2042,-2.929688,25000000.000
987,2041,-3.417969,25000000.000
988,2041,-3.417969,25000000.000
989,2040,-3.906250,25000000.000
990,2040,-3.906250,25000000.000
991,2040,-3.906250,25000000.000
992,2039,-4.394531,25000000.000
993,2039,-4.394531,25000000.000
994,2037,-5.371094,25000000.000
995,2037,-5.371094,25000000.000
996,2034,-6.835938,25000000.000
997,2033,-7.324219,25000000.000
998,2031,-8.300781,25000000.000
999,2032,-7.812500,25000000.000
1000,2031,-8.300781,25000000.000
1001,2033,-7.324219,25000000.000
1002,2036,-5.859375,25000000.000
1003,2037,-5.371094,25000000.000
1004,2042,-2.929688,25000000.000
1005,2045,-1.464844,25000000.000
1006,2047,-0.488281,25000000.000
1007,2048,0.000000,25000000.000
1008,2054,2.929688,25000000.000
1009,2056,3.906250,25000000.000
1010,2058,4.882812,25000000.000
1011,2060,5.859375,25000000.000
1012,2063,7.324219,25000000.000
1013,2065,8.300781,25000000.000
1014,2067,9.277344,25000000.000
1015,2066,8.789062,25000000.000
1016,2067,9.277344,25000000.000
1017,2067,9.277344,25000000.000
1018,2065,8.300781,25000000.000
1019,2065,8.300781,25000000.000
1020,2060,5.859375,25000000.000
1021,2056,3.906250,25000000.000
1022,2054,2.929688,25000000.000
1023,2052,1.953125,25000000.000
1024,2046,-0.976562,25000000.000
1025,2043,-2.441406,25000000.000
1026,2042,-2.929688,25000000.000
1027,2040,-3.906250,25000000.000
1028,2038,-4.882812,25000000.000
1029,2038,-4.882812,25000000.000
1030,2037,-5.371094,25000000.000
1031,2036,-5.859375,25000000.000
1032,2037,-5.371094,25000000.000
1033,2035,-6.347656,25000000.000
1034,2034,-6.835938,25000000.000
1035,2035,-6.347656,25000000.000
1036,2032,-7.812500,25000000.000
1037,2031,-8.300781,25000000.000
1038,2028,-9.765625,25000000.000
1039,2027,-10.253906,25000000.000
1040,2028,-9.765625,25000000.000
1041,2029,-9.277344,25000000.000
1042,2031,-8.300781,25000000.000
1043,2031,-8.300781,25000000.000
1044,2036,-5.859375,25000000.000
1045,2038,-4.882812,25000000.000
1046,2042,-2.929688,25000000.000
1047,2042,-2.929688,25000000.000
1048,2049,0.488281,25000000.000
1049,2051,1.464844,25000000.000
1050,2053,2.441406,25000000.000
1051,2054,2.929688,25000000.000
1052,2058,4.882812,25000000.000
1053,2061,6.347656,25000000.000
1054,2062,6.835938,25000000.000
1055,2062,6.835938,25000000.000
1056,2064,7.812500,25000000.000
1057,2066,8.789062,25000000.000
1058,2065,8.300781,25000000.000
1059,2064,7.812500,25000000.000
1060,2061,6.347656,25000000.000
1061,2060,5.859375,25000000.000
1062,2056,3.906250,25000000.000
1063,2056,3.906250,25000000.000
1064,2050,0.976562,25000000.000
1065,2047,-0.488281,25000000.000
1066,2043,-2.441406,25000000.000
1067,2043,-2.441406,25000000.000
1068,2039,-4.394531,25000000.000
1069,2037,-5.371094,25000000.000
1070,2037,-5.371094,25000000.000
1071,2036,-5.859375,25000000.000
1072,2035,-6.347656,25000000.000
1073,2034,-6.835938,25000000.000
1074,2033,-7.324219,25000000.000
1075,2032,-7.812500,25000000.000
1076,2031,-8.300781,25000000.000
1077,2030,-8.789062,25000000.000
1078,2029,-9.277344,25000000.000
1079,2029,-9.277344,25000000.000
1080,2030,-8.789062,25000000.000
1081,2025,-11.230469,25000000.000
1082,2029,-9.277344,25000000.000
1083,2027,-10.253906,25000000.000
1084,2031,-8.300781,25000000.000
1085,2034,-6.835938,25000000.000
1086,2036,-5.859375,25000000.000
1087,2037,-5.371094,25000000.000
1088,2044,-1.953125,25000000.000
1089,2046,-0.976562,25000000.000
1090,2050,0.976562,25000000.000
1091,2049,0.488281,25000000.000
1092,2055,3.417969,25000000.000
1093,2059,5.371094,25000000.000
1094,2062,6.835938,25000000.000
1095,2061,6.347656,25000000.000
1096,2064,7.812500,25000000.000
1097,2066,8.789062,25000000.000
1098,2065,8.300781,25000000.000
1099,2065,8.300781,25000000.000
1100,2064,7.812500,25000000.000
1101,2061,6.347656,25000000.000
1102,2059,5.371094,25000000.000
1103,2058,4.882812,25000000.000
1104,2052,1.953125,25000000.000
1105,2049,0.488281,25000000.000
1106,2046,-0.976562,25000000.000
1107,2045,-1.464844,25000000.000
1108,2041,-3.417969,25000000.000
1109,2040,-3.906250,25000000.000
1110,2038,-4.882812,25000000.000
1111,2038,-4.882812,25000000.000
1112,2036,-5.859375,25000000.000
1113,2035,-6.347656,25000000.000
1114,2034,-6.835938,25000000.000
1115,2033,-7.324219,25000000.000
1116,2032,-7.812500,25000000.000
1117,2032,-7.812500,25000000.000
1118,2031,-8.300781,25000000.000
1119,2030,-8.789062,25000000.000
1120,2029,-9.277344,25000000.000
1121,2029,-9.277344,25000000.000
1122,2030,-8.789062,25000000.000
1123,2030,-8.789062,25000000.000
1124,2032,-7.812500,25000000.000
1125,2035,-6.347656,25000000.000
1126,2036,-5.859375,25000000.000
1127,2038,-4.882812,25000000.000
1128,2044,-1.953125,25000000.000
1129,2046,-0.976562,25000000.000
1130,2048,0.000000,25000000.000
1131,2049,0.488281,25000000.000
1132,2054,2.929688,25000000.000
1133,2057,4.394531,25000000.000
1134,2060,5.859375,25000000.000
1135,2055,3.417969,25000000.000
1136,2063,7.324219,25000000.000
1137,2066,8.789062,25000000.000
1138,2066,8.789062,25000000.000
1139,2065,8.300781,25000000.000
1140,2066,8.789062,25000000.000
1141,2063,7.324219,25000000.000
1142,2063,7.324219,25000000.000
1143,2061,6.347656,25000000.000
1144,2057,4.394531,25000000.000
1145,2053,2.441406,25000000.000
1146,2049,0.488281,25000000.000
1147,2050,0.976562,25000000.000
1148,2045,-1.464844,25000000.000
1149,2044,-1.953125,25000000.000
1150,2041,-3.417969,25000000.000
1151,2041,-3.417969,25000000.000
1152,2039,-4.394531,25000000.000
1153,2036,-5.859375,25000000.000
1154,2035,-6.347656,25000000.000
1155,2035,-6.347656,25000000.000
1156,2034,-6.835938,25000000.000
1157,2032,-7.812500,25000000.000
1158,2032,-7.812500,25000000.000
1159,2032,-7.812500,25000000.000
1160,2030,-8.789062,25000000.000
1161,2030,-8.789062,25000000.000
1162,2032,-7.812500,25000000.000
1163,2031,-8.300781,25000000.000
1164,2031,-8.300781,25000000.000
1165,2034,-6.835938,25000000.000
1166,2036,-5.859375,25000000.000
1167,2037,-5.371094,25000000.000
1168,2042,-2.929688,25000000.000
1169,2044,-1.953125,25000000.000
1170,2046,-0.976562,25000000.000
1171,2048,0.000000,25000000.000
1172,2053,2.441406,25000000.000
1173,2056,3.906250,25000000.000
1174,2060,5.859375,25000000.000
1175,2058,4.882812,25000000.000
1176,2065,8.300781,25000000.000
1177,2067,9.277344,25000000.000
1178,2069,10.253906,25000000.000
1179,2067,9.277344,25000000.000
1180,2068,9.765625,25000000.000
1181,2068,9.765625,25000000.000
1182,2065,8.300781,25000000.000
1183,2065,8.300781,25000000.000
1184,2060,5.859375,25000000.000
1185,2056,3.906250,25000000.000
1186,2053,2.441406,25000000.000
1187,2052,1.953125,25000000.000
1188,2048,0.000000,25000000.000
1189,2046,-0.976562,25000000.000
1190,2044,-1.953125,25000000.000
1191,2043,-2.441406,25000000.000
1192,2041,-3.417969,25000000.000
1193,2039,-4.394531,25000000.000
1194,2037,-5.371094,25000000.000
1195,2036,-5.859375,25000000.000
1196,2034,-6.835938,25000000.000
1197,2034,-6.835938,25000000.000
1198,2032,-7.812500,25000000.000
1199,2033,-7.324219,25000000.000
1200,2031,-8.300781,25000000.000
1201,2030,-8.789062,25000000.000
1202,2030,-8.789062,25000000.000
1203,2030,-8.789062,25000000.000
1204,2030,-8.789062,25000000.000
1205,2032,-7.812500,25000000.000
1206,2035,-6.347656,25000000.000
1207,2033,-7.324219,25000000.000
1208,2038,-4.882812,25000000.000
1209,2040,-3.906250,25000000.000
1210,2043,-2.441406,25000000.000
1211,2045,-1.464844,25000000.000
1212,2051,1.464844,25000000.000
1213,2054,2.929688,25000000.000
1214,2058,4.882812,25000000.000
1215,2058,4.882812,25000000.000
1216,2064,7.812500,25000000.000
1217,2066,8.789062,25000000.000
1218,2068,9.765625,25000000.000
1219,2068,9.765625,25000000.000
1220,2069,10.253906,25000000.000
1221,2068,9.765625,25000000.000
1222,2067,9.277344,25000000.000
1223,2066,8.789062,25000000.000
1224,2061,6.347656,25000000.000
1225,2057,4.394531,25000000.000
1226,2054,2.929688,25000000.000
1227,2054,2.929688,25000000.000
1228,2047,-0.488281,25000000.000
1229,2046,-0.976562,25000000.000
1230,2044,-1.953125,25000000.000
1231,2044,-1.953125,25000000.000
1232,2041,-3.417969,25000000.000
1233,2039,-4.394531,25000000.000
1234,2038,-4.882812,25000000.000
1235,2038,-4.882812,25000000.000
1236,2034,-6.835938,25000000.000
1237,2032,-7.812500,25000000.000
1238,2031,-8.300781,25000000.000
1239,2030,-8.789062,25000000.000
1240,2028,-9.765625,25000000.000
1241,2027,-10.253906,25000000.000
1242,2028,-9.765625,25000000.000
1243,2028,-9.765625,25000000.000
1244,2029,-9.277344,25000000.000
1245,2030,-8.789062,25000000.000
1246,2030,-8.789062,25000000.000
1247,2030,-8.789062,25000000.000
1248,2035,-6.347656,25000000.000
1249,2037,-5.371094,25000000.000
1250,2040,-3.906250,25000000.000
1251,2041,-3.417969,25000000.000
1252,2048,0.000000,25000000.000
1253,2051,1.464844,25000000.000
1254,2054,2.929688,25000000.000
1255,2056,3.906250,25000000.000
1256,2062,6.835938,25000000.000
1257,2065,8.300781,25000000.000
1258,2067,9.277344,25000000.000
1259,2066,8.789062,25000000.000
1260,2068,9.765625,25000000.000
1261,2068,9.765625,25000000.000
1262,2067,9.277344,25000000.000
1263,2067,9.277344,25000000.000
1264,2061,6.347656,25000000.000
1265,2059,5.371094,25000000.000
1266,2055,3.417969,25000000.000
1267,2055,3.417969,25000000.000
1268,2051,1.464844,25000000.000
1269,2049,0.488281,25000000.000
1270,2046,-0.976562,25000000.000
1271,2046,-0.976562,25000000.000
1272,2044,-1.953125,25000000.000
1273,2041,-3.417969,25000000.000
1274,2039,-4.394531,25000000.000
1275,2040,-3.906250,25000000.000
1276,2036,-5.859375,25000000.000
1277,2034,-6.835938,25000000.000
1278,2032,-7.812500,25000000.000
1279,2032,-7.812500,25000000.000
1280,2029,-9.277344,25000000.000
1281,2029,-9.277344,25000000.000
1282,2028,-9.765625,25000000.000
1283,2028,-9.765625,25000000.000
1284,2028,-9.765625,25000000.000
1285,2029,-9.277344,25000000.000
1286,2030,-8.789062,25000000.000
1287,2031,-8.300781,25000000.000
1288,2033,-7.324219,25000000.000
1289,2034,-6.835938,25000000.000
1290,2037,-5.371094,25000000.000
1291,2037,-5.371094,25000000.000
1292,2043,-2.441406,25000000.000
1293,2047,-0.488281,25000000.000
1294,2050,0.976562,25000000.000
1295,2050,0.976562,25000000.000
1296,2057,4.394531,25000000.000
1297,2061,6.347656,25000000.000
1298,2064,7.812500,25000000.000
1299,2064,7.812500,25000000.000
1300,2068,9.765625,25000000.000
1301,2069,10.253906,25000000.000
1302,2069,10.253906,25000000.000
1303,2068,9.765625,25000000.000
1304,2065,8.300781,25000000.000
1305,2062,6.835938,25000000.000
1306,2059,5.371094,25000000.000
1307,2059,5.371094,25000000.000
1308,2053,2.441406,25000000.000
1309,2049,0.488281,25000000.000
1310,2047,-0.488281,25000000.000
1311,2048,0.000000,25000000.000
1312,2044,-1.953125,25000000.000
1313,2041,-3.417969,25000000.000
1314,2041,-3.417969,25000000.000
1315,2039,-4.394531,25000000.000
1316,2037,-5.371094,25000000.000
1317,2035,-6.347656,25000000.000
1318,2033,-7.324219,25000000.000
1319,2033,-7.324219,25000000.000
1320,2030,-8.789062,25000000.000
1321,2029,-9.277344,25000000.000
1322,2029,-9.277344,25000000.000
1323,2029,-9.277344,25000000.000
1324,2029,-9.277344,25000000.000
1325,2030,-8.789062,25000000.000
1326,2030,-8.789062,25000000.000
1327,2030,-8.789062,25000000.000
1328,2033,-7.324219,25000000.000
1329,2035,-6.347656,25000000.000
1330,2038,-4.882812,25000000.000
1331,2038,-4.882812,25000000.000
1332,2042,-2.929688,25000000.000
1333,2046,-0.976562,25000000.000
1334,2048,0.000000,25000000.000
1335,2049,0.488281,25000000.000
1336,2054,2.929688,25000000.000
1337,2058,4.882812,25000000.000
1338,2061,6.347656,25000000.000
1339,2060,5.859375,25000000.000
1340,2065,8.300781,25000000.000
1341,2067,9.277344,25000000.000
1342,2067,9.277344,25000000.000
1343,2066,8.789062,25000000.000
1344,2065,8.300781,25000000.000
1345,2063,7.324219,25000000.000
1346,2061,6.347656,25000000.000
1347,2061,6.347656,25000000.000
1348,2054,2.929688,25000000.000
1349,2051,1.464844,25000000.000
1350,2047,-0.488281,25000000.000
1351,2047,-0.488281,25000000.000
1352,2042,-2.929688,25000000.000
1353,2041,-3.417969,25000000.000
1354,2039,-4.394531,25000000.000
1355,2039,-4.394531,25000000.000
1356,2037,-5.371094,25000000.000
1357,2034,-6.835938,25000000.000
1358,2033,-7.324219,25000000.000
1359,2033,-7.324219,25000000.000
1360,2030,-8.789062,25000000.000
1361,2030,-8.789062,25000000.000
1362,2029,-9.277344,25000000.000
1363,2029,-9.277344,25000000.000
1364,2028,-9.765625,25000000.000
1365,2029,-9.277344,25000000.000
1366,2029,-9.277344,25000000.000
1367,2029,-9.277344,25000000.000
1368,2031,-8.300781,25000000.000
1369,2034,-6.835938,25000000.000
1370,2036,-5.859375,25000000.000
1371,2035,-6.347656,25000000.000
1372,2040,-3.906250,25000000.000
1373,2044,-1.953125,25000000.000
1374,2047,-0.488281,25000000.000
1375,2046,-0.976562,25000000.000
1376,2052,1.953125,25000000.000
1377,2057,4.394531,25000000.000
1378,2059,5.371094,25000000.000
1379,2060,5.859375,25000000.000
1380,2066,8.789062,25000000.000
1381,2068,9.765625,25000000.000
1382,2068,9.765625,25000000.000
1383,2068,9.765625,25000000.000
1384,2068,9.765625,25000000.000
1385,2066,8.789062,25000000.000
1386,2064,7.812500,25000000.000
1387,2064,7.812500,25000000.000
1388,2058,4.882812,25000000.000
1389,2055,3.417969,25000000.000
1390,2051,1.464844,25000000.000
1391,2052,1.953125,25000000.000
1392,2046,-0.976562,25000000.000
1393,2044,-1.953125,25000000.000
1394,2041,-3.417969,25000000.000
1395,2040,-3.906250,25000000.000
1396,2038,-4.882812,25000000.000
1397,2035,-6.347656,25000000.000
1398,2034,-6.835938,25000000.000
1399,2034,-6.835938,25000000.000
1400,2032,-7.812500,25000000.000
1401,2032,-7.812500,25000000.000
1402,2030,-8.789062,25000000.000
1403,2031,-8.300781,25000000.000
1404,2029,-9.277344,25000000.000
1405,2029,-9.277344,25000000.000
1406,2031,-8.300781,25000000.000
1407,2030,-8.789062,25000000.000
1408,2031,-8.300781,25000000.000
1409,2032,-7.812500,25000000.000
1410,2034,-6.835938,25000000.000
1411,2034,-6.835938,25000000.000
1412,2038,-4.882812,25000000.000
1413,2040,-3.906250,25000000.000
1414,2044,-1.953125,25000000.000
1415,2044,-1.953125,25000000.000
1416,2051,1.464844,25000000.000
1417,2054,2.929688,25000000.000
1418,2058,4.882812,25000000.000
1419,2057,4.394531,25000000.000
1420,2064,7.812500,25000000.000
1421,2067,9.277344,25000000.000
1422,2068,9.765625,25000000.000
1423,2068,9.765625,25000000.000
1424,2069,10.253906,25000000.000
1425,2068,9.765625,25000000.000
1426,2066,8.789062,25000000.000
1427,2066,8.789062,25000000.000
1428,2061,6.347656,25000000.000
1429,2057,4.394531,25000000.000
1430,2052,1.953125,25000000.000
1431,2053,2.441406,25000000.000
1432,2046,-0.976562,25000000.000
1433,2044,-1.953125,25000000.000
1434,2042,-2.929688,25000000.000
1435,2042,-2.929688,25000000.000
1436,2039,-4.394531,25000000.000
1437,2038,-4.882812,25000000.000
1438,2036,-5.859375,25000000.000
1439,2036,-5.859375,25000000.000
1440,2034,-6.835938,25000000.000
1441,2033,-7.324219,25000000.000
1442,2031,-8.300781,25000000.000
1443,2031,-8.300781,25000000.000
1444,2029,-9.277344,25000000.000
1445,2029,-9.277344,25000000.000
1446,2029,-9.277344,25000000.000
1447,2030,-8.789062,25000000.000
1448,2030,-8.789062,25000000.000
1449,2030,-8.789062,25000000.000
1450,2033,-7.324219,25000000.000
1451,2033,-7.324219,25000000.000
1452,2037,-5.371094,25000000.000
1453,2039,-4.394531,25000000.000
1454,2043,-2.441406,25000000.000
1455,2043,-2.441406,25000000.000
1456,2048,0.000000,25000000.000
1457,2051,1.464844,25000000.000
1458,2054,2.929688,25000000.000
1459,2054,2.929688,25000000.000
1460,2060,5.859375,25000000.000
1461,2063,7.324219,25000000.000
1462,2066,8.789062,25000000.000
1463,2065,8.300781,25000000.000
1464,2067,9.277344,25000000.000
1465,2068,9.765625,25000000.000
1466,2068,9.765625,25000000.000
1467,2068,9.765625,25000000.000
1468,2063,7.324219,25000000.000
1469,2061,6.347656,25000000.000
1470,2057,4.394531,25000000.000
1471,2057,4.394531,25000000.000
1472,2050,0.976562,25000000.000
1473,2046,-0.976562,25000000.000
1474,2044,-1.953125,25000000.000
1475,2044,-1.953125,25000000.000
1476,2040,-3.906250,25000000.000
1477,2039,-4.394531,25000000.000
1478,2037,-5.371094,25000000.000
1479,2036,-5.859375,25000000.000
1480,2035,-6.347656,25000000.000
1481,2033,-7.324219,25000000.000
1482,2034,-6.835938,25000000.000
1483,2033,-7.324219,25000000.000
1484,2031,-8.300781,25000000.000
1485,2029,-9.277344,25000000.000
1486,2032,-7.812500,25000000.000
1487,2031,-8.300781,25000000.000
1488,2031,-8.300781,25000000.000
1489,2031,-8.300781,25000000.000
1490,2032,-7.812500,25000000.000
1491,2032,-7.812500,25000000.000
1492,2036,-5.859375,25000000.000
1493,2037,-5.371094,25000000.000
1494,2039,-4.394531,25000000.000
1495,2041,-3.417969,25000000.000
1496,2045,-1.464844,25000000.000
1497,2048,0.000000,25000000.000
1498,2051,1.464844,25000000.000
1499,2051,1.464844,25000000.000
1500,2056,3.906250,25000000.000
1501,2059,5.371094,25000000.000
1502,2062,6.835938,25000000.000
1503,2062,6.835938,25000000.000
1504,2066,8.789062,25000000.000
1505,2068,9.765625,25000000.000
1506,2068,9.765625,25000000.000
1507,2067,9.277344,25000000.000
1508,2065,8.300781,25000000.000
1509,2063,7.324219,25000000.000
1510,2060,5.859375,25000000.000
1511,2060,5.859375,25000000.000
1512,2054,2.929688,25000000.000
1513,2050,0.976562,25000000.000
1514,2048,0.000000,25000000.000
1515,2048,0.000000,25000000.000
1516,2044,-1.953125,25000000.000
1517,2041,-3.417969,25000000.000
1518,2039,-4.394531,25000000.000
1519,2039,-4.394531,25000000.000
1520,2037,-5.371094,25000000.000
1521,2034,-6.835938,25000000.000
1522,2035,-6.347656,25000000.000
1523,2033,-7.324219,25000000.000
1524,2029,-9.277344,25000000.000
1525,2031,-8.300781,25000000.000
1526,2030,-8.789062,25000000.000
1527,2030,-8.789062,25000000.000
1528,2031,-8.300781,25000000.000
1529,2031,-8.300781,25000000.000
1530,2031,-8.300781,25000000.000
1531,2032,-7.812500,25000000.000
1532,2034,-6.835938,25000000.000
1533,2037,-5.371094,25000000.000
1534,2039,-4.394531,25000000.000
1535,2039,-4.394531,25000000.000
1536,2044,-1.953125,25000000.000
1537,2046,-0.976562,25000000.000
1538,2050,0.976562,25000000.000
1539,2049,0.488281,25000000.000
1540,2056,3.906250,25000000.000
1541,2059,5.371094,25000000.000
1542,2062,6.835938,25000000.000
1543,2063,7.324219,25000000.000
1544,2068,9.765625,25000000.000
1545,2069,10.253906,25000000.000
1546,2068,9.765625,25000000.000
1547,2068,9.765625,25000000.000
1548,2069,10.253906,25000000.000
1549,2066,8.789062,25000000.000
1550,2063,7.324219,25000000.000
1551,2062,6.835938,25000000.000
1552,2056,3.906250,25000000.000
1553,2052,1.953125,25000000.000
1554,2049,0.488281,25000000.000
1555,2048,0.000000,25000000.000
1556,2044,-1.953125,25000000.000
1557,2042,-2.929688,25000000.000
1558,2040,-3.906250,25000000.000
1559,2040,-3.906250,25000000.000
1560,2036,-5.859375,25000000.000
1561,2034,-6.835938,25000000.000
1562,2033,-7.324219,25000000.000
1563,2032,-7.812500,25000000.000
1564,2028,-9.765625,25000000.000
1565,2029,-9.277344,25000000.000
1566,2027,-10.253906,25000000.000
1567,2028,-9.765625,25000000.000
1568,2027,-10.253906,25000000.000
1569,2028,-9.765625,25000000.000
1570,2030,-8.789062,25000000.000
1571,2029,-9.277344,25000000.000
1572,2033,-7.324219,25000000.000
1573,2034,-6.835938,25000000.000
1574,2037,-5.371094,25000000.000
1575,2037,-5.371094,25000000.000
1576,2042,-2.929688,25000000.000
1577,2044,-1.953125,25000000.000
1578,2046,-0.976562,25000000.000
1579,2047,-0.488281,25000000.000
1580,2052,1.953125,25000000.000
1581,2055,3.417969,25000000.000
1582,2058,4.882812,25000000.000
1583,2058,4.882812,25000000.000
1584,2063,7.324219,25000000.000
1585,2065,8.300781,25000000.000
1586,2067,9.277344,25000000.000
1587,2068,9.765625,25000000.000
1588,2068,9.765625,25000000.000
1589,2067,9.277344,25000000.000
1590,2066,8.789062,25000000.000
1591,2065,8.300781,25000000.000
1592,2059,5.371094,25000000.000
1593,2056,3.906250,25000000.000
1594,2054,2.929688,25000000.000
1595,2052,1.953125,25000000.000
1596,2049,0.488281,25000000.000
1597,2047,-0.488281,25000000.000
1598,2045,-1.464844,25000000.000
1599,2044,-1.953125,25000000.000
1600,2041,-3.417969,25000000.000
1601,2040,-3.906250,25000000.000
1602,2038,-4.882812,25000000.000
1603,2038,-4.882812,25000000.000
1604,2035,-6.347656,25000000.000
1605,2033,-7.324219,25000000.000
1606,2031,-8.300781,25000000.000
1607,2032,-7.812500,25000000.000
1608,2030,-8.789062,25000000.000
1609,2031,-8.300781,25000000.000
1610,2031,-8.300781,25000000.000
1611,2031,-8.300781,25000000.000
1612,2033,-7.324219,25000000.000
1613,2035,-6.347656,25000000.000
1614,2036,-5.859375,25000000.000
1615,2035,-6.347656,25000000.000
1616,2039,-4.394531,25000000.000
1617,2040,-3.906250,25000000.000
1618,2042,-2.929688,25000000.000
1619,2042,-2.929688,25000000.000
1620,2046,-0.976562,25000000.000
1621,2048,0.000000,25000000.000
1622,2050,0.976562,25000000.000
1623,2050,0.976562,25000000.000
1624,2055,3.417969,25000000.000
1625,2059,5.371094,25000000.000
1626,2060,5.859375,25000000.000
1627,2062,6.835938,25000000.000
1628,2063,7.324219,25000000.000
1629,2064,7.812500,25000000.000
1630,2061,6.347656,25000000.000
1631,2062,6.835938,25000000.000
1632,2058,4.882812,25000000.000
1633,2055,3.417969,25000000.000
1634,2051,1.464844,25000000.000
1635,2051,1.464844,25000000.000
1636,2045,-1.464844,25000000.000
1637,2044,-1.953125,25000000.000
1638,2041,-3.417969,25000000.000
1639,2042,-2.929688,25000000.000
1640,2037,-5.371094,25000000.000
1641,2036,-5.859375,25000000.000
1642,2034,-6.835938,25000000.000
1643,2034,-6.835938,25000000.000
1644,2030,-8.789062,25000000.000
1645,2028,-9.765625,25000000.000
1646,2026,-10.742188,25000000.000
1647,2026,-10.742188,25000000.000
1648,2024,-11.718750,25000000.000
1649,2023,-12.207031,25000000.000
1650,2024,-11.718750,25000000.000
1651,2024,-11.718750,25000000.000
1652,2026,-10.742188,25000000.000
1653,2027,-10.253906,25000000.000
1654,2029,-9.277344,25000000.000
1655,2029,-9.277344,25000000.000
1656,2034,-6.835938,25000000.000
1657,2037,-5.371094,25000000.000
1658,2039,-4.394531,25000000.000
1659,2039,-4.394531,25000000.000
1660,2044,-1.953125,25000000.000
1661,2047,-0.488281,25000000.000
1662,2051,1.464844,25000000.000
1663,2051,1.464844,25000000.000
1664,2059,5.371094,25000000.000
1665,2064,7.812500,25000000.000
1666,2068,9.765625,25000000.000
1667,2069,10.253906,25000000.000
1668,2076,13.671875,25000000.000
1669,2077,14.160156,25000000.000
1670,2078,14.648438,25000000.000
1671,2080,15.625000,25000000.000
1672,2078,14.648438,25000000.000
1673,2075,13.183594,25000000.000
1674,2072,11.718750,25000000.000
1675,2073,12.207031,25000000.000
1676,2065,8.300781,25000000.000
1677,2061,6.347656,25000000.000
1678,2058,4.882812,25000000.000
1679,2058,4.882812,25000000.000
1680,2051,1.464844,25000000.000
1681,2047,-0.488281,25000000.000
1682,2043,-2.441406,25000000.000
1683,2043,-2.441406,25000000.000
1684,2032,-7.812500,25000000.000
1685,2027,-10.253906,25000000.000
1686,2023,-12.207031,25000000.000
1687,2022,-12.695312,25000000.000
1688,2013,-17.089844,25000000.000
1689,2010,-18.554688,25000000.000
1690,2009,-19.042969,25000000.000
1691,2008,-19.531250,25000000.000
1692,2004,-21.484375,25000000.000
1693,2005,-20.996094,25000000.000
1694,2009,-19.042969,25000000.000
1695,2007,-20.019531,25000000.000
1696,2011,-18.066406,25000000.000
1697,2015,-16.113281,25000000.000
1698,2018,-14.648438,25000000.000
1699,2019,-14.160156,25000000.000
1700,2027,-10.253906,25000000.000
1701,2033,-7.324219,25000000.000
1702,2038,-4.882812,25000000.000
1703,2039,-4.394531,25000000.000
1704,2051,1.464844,25000000.000
1705,2059,5.371094,25000000.000
1706,2065,8.300781,25000000.000
1707,2066,8.789062,25000000.000
1708,2078,14.648438,25000000.000
1709,2083,17.089844,25000000.000
1710,2086,18.554688,25000000.000
1711,2086,18.554688,25000000.000
1712,2091,20.996094,25000000.000
1713,2090,20.507812,25000000.000
1714,2089,20.019531,25000000.000
1715,2089,20.019531,25000000.000
1716,2087,19.042969,25000000.000
1717,2083,17.089844,25000000.000
1718,2081,16.113281,25000000.000
1719,2080,15.625000,25000000.000
1720,2077,14.160156,25000000.000
1721,2073,12.207031,25000000.000
1722,2069,10.253906,25000000.000
1723,2069,10.253906,25000000.000
1724,2059,5.371094,25000000.000
1725,2053,2.441406,25000000.000
1726,2047,-0.488281,25000000.000
1727,2046,-0.976562,25000000.000
1728,2036,-5.859375,25000000.000
1729,2032,-7.812500,25000000.000
1730,2027,-10.253906,25000000.000
1731,2027,-10.253906,25000000.000
1732,2022,-12.695312,25000000.000
1733,2021,-13.183594,25000000.000
1734,2020,-13.671875,25000000.000
1735,2020,-13.671875,25000000.000
1736,2019,-14.160156,25000000.000
1737,2020,-13.671875,25000000.000
1738,2020,-13.671875,25000000.000
1739,2021,-13.183594,25000000.000
1740,2022,-12.695312,25000000.000
1741,2024,-11.718750,25000000.000
1742,2027,-10.253906,25000000.000
1743,2027,-10.253906,25000000.000
1744,2033,-7.324219,25000000.000
1745,2034,-6.835938,25000000.000
1746,2039,-4.394531,25000000.000
1747,2040,-3.906250,25000000.000
1748,2045,-1.464844,25000000.000
1749,2047,-0.488281,25000000.000
1750,2049,0.488281,25000000.000
1751,2049,0.488281,25000000.000
1752,2050,0.976562,25000000.000
1753,2049,0.488281,25000000.000
1754,2047,-0.488281,25000000.000
1755,2047,-0.488281,25000000.000
1756,2044,-1.953125,25000000.000
1757,2044,-1.953125,25000000.000
1758,2045,-1.464844,25000000.000
1759,2043,-2.441406,25000000.000
1760,2046,-0.976562,25000000.000
1761,2047,-0.488281,25000000.000
1762,2048,0.000000,25000000.000
1763,2049,0.488281,25000000.000
1764,2050,0.976562,25000000.000
1765,2050,0.976562,25000000.000
1766,2051,1.464844,25000000.000
1767,2050,0.976562,25000000.000
1768,2052,1.953125,25000000.000
1769,2052,1.953125,25000000.000
1770,2054,2.929688,25000000.000
1771,2053,2.441406,25000000.000
1772,2057,4.394531,25000000.000
1773,2058,4.882812,25000000.000
1774,2059,5.371094,25000000.000
1775,2060,5.859375,25000000.000
1776,2062,6.835938,25000000.000
1777,2064,7.812500,25000000.000
1778,2062,6.835938,25000000.000
1779,2063,7.324219,25000000.000
1780,2061,6.347656,25000000.000
1781,2059,5.371094,25000000.000
1782,2058,4.882812,25000000.000
1783,2058,4.882812,25000000.000
1784,2053,2.441406,25000000.000
1785,2051,1.464844,25000000.000
1786,2050,0.976562,25000000.000
1787,2049,0.488281,25000000.000
1788,2046,-0.976562,25000000.000
1789,2044,-1.953125,25000000.000
1790,2041,-3.417969,25000000.000
1791,2041,-3.417969,25000000.000
1792,2036,-5.859375,25000000.000
1793,2032,-7.812500,25000000.000
1794,2029,-9.277344,25000000.000
1795,2029,-9.277344,25000000.000
1796,2023,-12.207031,25000000.000
1797,2021,-13.183594,25000000.000
1798,2019,-14.160156,25000000.000
1799,2020,-13.671875,25000000.000
1800,2021,-13.183594,25000000.000
1801,2023,-12.207031,25000000.000
1802,2026,-10.742188,25000000.000
1803,2025,-11.230469,25000000.000
1804,2031,-8.300781,25000000.000
1805,2035,-6.347656,25000000.000
1806,2038,-4.882812,25000000.000
1807,2038,-4.882812,25000000.000
1808,2044,-1.953125,25000000.000
1809,2047,-0.488281,25000000.000
1810,2051,1.464844,25000000.000
1811,2051,1.464844,25000000.000
1812,2058,4.882812,25000000.000
1813,2064,7.812500,25000000.000
1814,2068,9.765625,25000000.000
1815,2067,9.277344,25000000.000
1816,2073,12.207031,25000000.000
1817,2075,13.183594,25000000.000
1818,2077,14.160156,25000000.000
1819,2076,13.671875,25000000.000
1820,2078,14.648438,25000000.000
1821,2076,13.671875,25000000.000
1822,2074,12.695312,25000000.000
1823,2073,12.207031,25000000.000
1824,2068,9.765625,25000000.000
1825,2064,7.812500,25000000.000
1826,2061,6.347656,25000000.000
1827,2060,5.859375,25000000.000
1828,2054,2.929688,25000000.000
1829,2050,0.976562,25000000.000
1830,2046,-0.976562,25000000.000
1831,2045,-1.464844,25000000.000
1832,2039,-4.394531,25000000.000
1833,2031,-8.300781,25000000.000
1834,2027,-10.253906,25000000.000
1835,2028,-9.765625,25000000.000
1836,2018,-14.648438,25000000.000
1837,2014,-16.601562,25000000.000
1838,2010,-18.554688,25000000.000
1839,2010,-18.554688,25000000.000
1840,2005,-20.996094,25000000.000
1841,2004,-21.484375,25000000.000
1842,2004,-21.484375,25000000.000
1843,2005,-20.996094,25000000.000
1844,2012,-17.578125,25000000.000
1845,2016,-15.625000,25000000.000
1846,2020,-13.671875,25000000.000
1847,2020,-13.671875,25000000.000
1848,2031,-8.300781,25000000.000
1849,2035,-6.347656,25000000.000
1850,2041,-3.417969,25000000.000
1851,2041,-3.417969,25000000.000
1852,2051,1.464844,25000000.000
1853,2057,4.394531,25000000.000
1854,2062,6.835938,25000000.000
1855,2062,6.835938,25000000.000
1856,2071,11.230469,25000000.000
1857,2075,13.183594,25000000.000
1858,2078,14.648438,25000000.000
1859,2078,14.648438,25000000.000
1860,2083,17.089844,25000000.000
1861,2083,17.089844,25000000.000
1862,2082,16.601562,25000000.000
1863,2081,16.113281,25000000.000
1864,2077,14.160156,25000000.000
1865,2073,12.207031,25000000.000
1866,2069,10.253906,25000000.000
1867,2068,9.765625,25000000.000
1868,2060,5.859375,25000000.000
1869,2056,3.906250,25000000.000
1870,2051,1.464844,25000000.000
1871,2051,1.464844,25000000.000
1872,2043,-2.441406,25000000.000
1873,2036,-5.859375,25000000.000
1874,2031,-8.300781,25000000.000
1875,2031,-8.300781,25000000.000
1876,2021,-13.183594,25000000.000
1877,2015,-16.113281,25000000.000
1878,2011,-18.066406,25000000.000
1879,2010,-18.554688,25000000.000
1880,2005,-20.996094,25000000.000
1881,2003,-21.972656,25000000.000
1882,2002,-22.460938,25000000.000
1883,2003,-21.972656,25000000.000
1884,2006,-20.507812,25000000.000
1885,2008,-19.531250,25000000.000
1886,2014,-16.601562,25000000.000
1887,2014,-16.601562,25000000.000
1888,2025,-11.230469,25000000.000
1889,2032,-7.812500,25000000.000
1890,2037,-5.371094,25000000.000
1891,2039,-4.394531,25000000.000
1892,2050,0.976562,25000000.000
1893,2057,4.394531,25000000.000
1894,2064,7.812500,25000000.000
1895,2064,7.812500,25000000.000
1896,2074,12.695312,25000000.000
1897,2079,15.136719,25000000.000
1898,2085,18.066406,25000000.000
1899,2084,17.578125,25000000.000
1900,2090,20.507812,25000000.000
1901,2092,21.484375,25000000.000
1902,2092,21.484375,25000000.000
1903,2091,20.996094,25000000.000
1904,2089,20.019531,25000000.000
1905,2086,18.554688,25000000.000
1906,2081,16.113281,25000000.000
1907,2080,15.625000,25000000.000
1908,2071,11.230469,25000000.000
1909,2066,8.789062,25000000.000
1910,2060,5.859375,25000000.000
1911,2059,5.371094,25000000.000
1912,2048,0.000000,25000000.000
1913,2041,-3.417969,25000000.000
1914,2036,-5.859375,25000000.000
1915,2035,-6.347656,25000000.000
1916,2023,-12.207031,25000000.000
1917,2017,-15.136719,25000000.000
1918,2011,-18.066406,25000000.000
1919,2011,-18.066406,25000000.000
1920,2003,-21.972656,25000000.000
1921,1999,-23.925781,25000000.000
1922,1997,-24.902344,25000000.000
1923,1997,-24.902344,25000000.000
1924,1997,-24.902344,25000000.000
1925,1999,-23.925781,25000000.000
1926,2002,-22.460938,25000000.000
1927,2003,-21.972656,25000000.000
1928,2014,-16.601562,25000000.000
1929,2019,-14.160156,25000000.000
1930,2026,-10.742188,25000000.000
1931,2026,-10.742188,25000000.000
1932,2041,-3.417969,25000000.000
1933,2047,-0.488281,25000000.000
1934,2054,2.929688,25000000.000
1935,2055,3.417969,25000000.000
1936,2067,9.277344,25000000.000
1937,2074,12.695312,25000000.000
1938,2080,15.625000,25000000.000
1939,2080,15.625000,25000000.000
1940,2089,20.019531,25000000.000
1941,2093,21.972656,25000000.000
1942,2094,22.460938,25000000.000
1943,2095,22.949219,25000000.000
1944,2094,22.460938,25000000.000
1945,2091,20.996094,25000000.000
1946,2087,19.042969,25000000.000
1947,2087,19.042969,25000000.000
1948,2078,14.648438,25000000.000
1949,2072,11.718750,25000000.000
1950,2066,8.789062,25000000.000
1951,2066,8.789062,25000000.000
1952,2054,2.929688,25000000.000
1953,2049,0.488281,25000000.000
1954,2041,-3.417969,25000000.000
1955,2040,-3.906250,25000000.000
1956,2028,-9.765625,25000000.000
1957,2022,-12.695312,25000000.000
1958,2012,-17.578125,25000000.000
1959,2014,-16.601562,25000000.000
1960,2003,-21.972656,25000000.000
1961,1997,-24.902344,25000000.000
1962,1995,-25.878906,25000000.000
1963,1994,-26.367188,25000000.000
1964,1992,-27.343750,25000000.000
1965,1992,-27.343750,25000000.000
1966,1995,-25.878906,25000000.000
1967,1996,-25.390625,25000000.000
1968,2006,-20.507812,25000000.000
1969,2014,-16.601562,25000000.000
1970,2023,-12.207031,25000000.000
1971,2022,-12.695312,25000000.000
1972,2037,-5.371094,25000000.000
1973,2047,-0.488281,25000000.000
1974,2054,2.929688,25000000.000
1975,2054,2.929688,25000000.000
1976,2069,10.253906,25000000.000
1977,2077,14.160156,25000000.000
1978,2085,18.066406,25000000.000
1979,2085,18.066406,25000000.000
1980,2096,23.437500,25000000.000
1981,2101,25.878906,25000000.000
1982,2106,28.320312,25000000.000
1983,2106,28.320312,25000000.000
1984,2107,28.808594,25000000.000
1985,2106,28.320312,25000000.000
1986,2104,27.343750,25000000.000
1987,2104,27.343750,25000000.000
1988,2094,22.460938,25000000.000
1989,2086,18.554688,25000000.000
1990,2079,15.136719,25000000.000
1991,2078,14.648438,25000000.000
1992,2063,7.324219,25000000.000
1993,2054,2.929688,25000000.000
1994,2047,-0.488281,25000000.000
1995,2045,-1.464844,25000000.000
1996,2031,-8.300781,25000000.000
1997,2024,-11.718750,25000000.000
1998,2015,-16.113281,25000000.000
1999,2016,-15.625000,25000000.000
2000,2003,-21.972656,25000000.000
2001,1996,-25.390625,25000000.000
2002,1990,-28.320312,25000000.000
2003,1989,-28.808594,25000000.000
2004,1983,-31.738281,25000000.000
2005,1980,-33.203125,25000000.000
2006,1982,-32.226562,25000000.000
2007,1982,-32.226562,25000000.000
2008,1989,-28.808594,25000000.000
2009,1996,-25.390625,25000000.000
2010,2002,-22.460938,25000000.000
2011,2004,-21.484375,25000000.000
2012,2019,-14.160156,25000000.000
2013,2028,-9.765625,25000000.000
2014,2036,-5.859375,25000000.000
2015,2037,-5.371094,25000000.000
2016,2053,2.441406,25000000.000
2017,2061,6.347656,25000000.000
2018,2070,10.742188,25000000.000
2019,2071,11.230469,25000000.000
2020,2086,18.554688,25000000.000
2021,2092,21.484375,25000000.000
2022,2099,24.902344,25000000.000
2023,2099,24.902344,25000000.000
2024,2106,28.320312,25000000.000
2025,2108,29.296875,25000000.000
2026,2108,29.296875,25000000.000
2027,2108,29.296875,25000000.000
2028,2101,25.878906,25000000.000
2029,2094,22.460938,25000000.000
2030,2087,19.042969,25000000.000
2031,2087,19.042969,25000000.000
2032,2072,11.718750,25000000.000
2033,2064,7.812500,25000000.000
2034,2055,3.417969,25000000.000
2035,2054,2.929688,25000000.000
2036,2039,-4.394531,25000000.000
2037,2030,-8.789062,25000000.000
2038,2023,-12.207031,25000000.000
2039,2022,-12.695312,25000000.000
2040,2007,-20.019531,25000000.000
2041,1999,-23.925781,25000000.000
2042,1993,-26.855469,25000000.000
2043,1993,-26.855469,25000000.000
2044,1983,-31.738281,25000000.000
2045,1981,-32.714844,25000000.000
2046,1980,-33.203125,25000000.000
2047,1980,-33.203125,25000000.000
2048,1985,-30.761719,25000000.000
2049,1989,-28.808594,25000000.000
2050,1998,-24.414062,25000000.000
2051,1998,-24.414062,25000000.000
2052,2013,-17.089844,25000000.000
2053,2022,-12.695312,25000000.000
2054,2031,-8.300781,25000000.000
2055,2032,-7.812500,25000000.000
2056,2048,0.000000,25000000.000
2057,2058,4.882812,25000000.000
2058,2066,8.789062,25000000.000
2059,2067,9.277344,25000000.000
2060,2082,16.601562,25000000.000
2061,2090,20.507812,25000000.000
2062,2097,23.925781,25000000.000
2063,2099,24.902344,25000000.000
2064,2109,29.785156,25000000.000
2065,2112,31.250000,25000000.000
2066,2112,31.250000,25000000.000
2067,2113,31.738281,25000000.000
2068,2109,29.785156,25000000.000
2069,2104,27.343750,25000000.000
2070,2098,24.414062,25000000.000
2071,2096,23.437500,25000000.000
2072,2082,16.601562,25000000.000
2073,2073,12.207031,25000000.000
2074,2065,8.300781,25000000.000
2075,2064,7.812500,25000000.000
2076,2049,0.488281,25000000.000
2077,2039,-4.394531,25000000.000
2078,2031,-8.300781,25000000.000
2079,2031,-8.300781,25000000.000
2080,2016,-15.625000,25000000.000
2081,2008,-19.531250,25000000.000
2082,1999,-23.925781,25000000.000
2083,1999,-23.925781,25000000.000
2084,1987,-29.785156,25000000.000
2085,1982,-32.226562,25000000.000
2086,1979,-33.691406,25000000.000
2087,1980,-33.203125,25000000.000
2088,1980,-33.203125,25000000.000
2089,1985,-30.761719,25000000.000
2090,1990,-28.320312,25000000.000
2091,1990,-28.320312,25000000.000
2092,2004,-21.484375,25000000.000
2093,2013,-17.089844,25000000.000
2094,2021,-13.183594,25000000.000
2095,2023,-12.207031,25000000.000
2096,2039,-4.394531,25000000.000
2097,2049,0.488281,25000000.000
2098,2057,4.394531,25000000.000
2099,2058,4.882812,25000000.000
2100,2075,13.183594,25000000.000
2101,2083,17.089844,25000000.000
2102,2091,20.996094,25000000.000
2103,2092,21.484375,25000000.000
2104,2105,27.832031,25000000.000
2105,2109,29.785156,25000000.000
2106,2112,31.250000,25000000.000
2107,2113,31.738281,25000000.000
2108,2112,31.250000,25000000.000
2109,2109,29.785156,25000000.000
2110,2104,27.343750,25000000.000
2111,2104,27.343750,25000000.000
2112,2091,20.996094,25000000.000
2113,2083,17.089844,25000000.000
2114,2076,13.671875,25000000.000
2115,2074,12.695312,25000000.000
2116,2059,5.371094,25000000.000
2117,2050,0.976562,25000000.000
2118,2041,-3.417969,25000000.000
2119,2039,-4.394531,25000000.000
2120,2023,-12.207031,25000000.000
2121,2014,-16.601562,25000000.000
2122,2006,-20.507812,25000000.000
2123,2006,-20.507812,25000000.000
2124,1992,-27.343750,25000000.000
2125,1986,-30.273438,25000000.000
2126,1982,-32.226562,25000000.000
2127,1981,-32.714844,25000000.000
2128,1978,-34.179688,25000000.000
2129,1980,-33.203125,25000000.000
2130,1984,-31.250000,25000000.000
2131,1985,-30.761719,25000000.000
2132,1998,-24.414062,25000000.000
2133,2006,-20.507812,25000000.000
2134,2015,-16.113281,25000000.000
2135,2016,-15.625000,25000000.000
2136,2031,-8.300781,25000000.000
2137,2040,-3.906250,25000000.000
2138,2049,0.488281,25000000.000
2139,2050,0.976562,25000000.000
2140,2066,8.789062,25000000.000
2141,2075,13.183594,25000000.000
2142,2084,17.578125,25000000.000
2143,2084,17.578125,25000000.000
2144,2099,24.902344,25000000.000
2145,2105,27.832031,25000000.000
2146,2111,30.761719,25000000.000
2147,2111,30.761719,25000000.000
2148,2115,32.714844,25000000.000
2149,2114,32.226562,25000000.000
2150,2110,30.273438,25000000.000
2151,2110,30.273438,25000000.000
2152,2100,25.390625,25000000.000
2153,2092,21.484375,25000000.000
2154,2084,17.578125,25000000.000
2155,2083,17.089844,25000000.000
2156,2069,10.253906,25000000.000
2157,2059,5.371094,25000000.000
2158,2051,1.464844,25000000.000
2159,2049,0.488281,25000000.000
2160,2034,-6.835938,25000000.000
2161,2026,-10.742188,25000000.000
2162,2017,-15.136719,25000000.000
2163,2015,-16.113281,25000000.000
2164,1999,-23.925781,25000000.000
2165,1992,-27.343750,25000000.000
2166,1987,-29.785156,25000000.000
2167,1986,-30.273438,25000000.000
2168,1980,-33.203125,25000000.000
2169,1979,-33.691406,25000000.000
2170,1982,-32.226562,25000000.000
2171,1981,-32.714844,25000000.000
2172,1989,-28.808594,25000000.000
2173,1997,-24.902344,25000000.000
2174,2003,-21.972656,25000000.000
2175,2004,-21.484375,25000000.000
2176,2021,-13.183594,25000000.000
2177,2030,-8.789062,25000000.000
2178,2038,-4.882812,25000000.000
2179,2039,-4.394531,25000000.000
2180,2057,4.394531,25000000.000
2181,2061,6.347656,25000000.000
2182,2074,12.695312,25000000.000
2183,2073,12.207031,25000000.000
2184,2087,19.042969,25000000.000
2185,2095,22.949219,25000000.000
2186,2101,25.878906,25000000.000
2187,2101,25.878906,25000000.000
2188,2108,29.296875,25000000.000
2189,2109,29.785156,25000000.000
2190,2107,28.808594,25000000.000
2191,2107,28.808594,25000000.000
2192,2099,24.902344,25000000.000
2193,2092,21.484375,25000000.000
2194,2085,18.066406,25000000.000
2195,2084,17.578125,25000000.000
2196,2070,10.742188,25000000.000
2197,2061,6.347656,25000000.000
2198,2052,1.953125,25000000.000
2199,2052,1.953125,25000000.000
2200,2036,-5.859375,25000000.000
2201,2029,-9.277344,25000000.000
2202,2020,-13.671875,25000000.000
2203,2018,-14.648438,25000000.000
2204,2005,-20.996094,25000000.000
2205,1997,-24.902344,25000000.000
2206,1991,-27.832031,25000000.000
2207,1991,-27.832031,25000000.000
2208,1983,-31.738281,25000000.000
2209,1982,-32.226562,25000000.000
2210,1980,-33.203125,25000000.000
2211,1981,-32.714844,25000000.000
2212,1987,-29.785156,25000000.000
2213,1992,-27.343750,25000000.000
2214,2000,-23.437500,25000000.000
2215,2000,-23.437500,25000000.000
2216,2016,-15.625000,25000000.000
2217,2026,-10.742188,25000000.000
2218,2034,-6.835938,25000000.000
2219,2035,-6.347656,25000000.000
2220,2050,0.976562,25000000.000
2221,2062,6.835938,25000000.000
2222,2070,10.742188,25000000.000
2223,2069,10.253906,25000000.000
2224,2085,18.066406,25000000.000
2225,2094,22.460938,25000000.000
2226,2099,24.902344,25000000.000
2227,2099,24.902344,25000000.000
2228,2109,29.785156,25000000.000
2229,2111,30.761719,25000000.000
2230,2112,31.250000,25000000.000
2231,2111,30.761719,25000000.000
2232,2107,28.808594,25000000.000
2233,2100,25.390625,25000000.000
2234,2094,22.460938,25000000.000
2235,2093,21.972656,25000000.000
2236,2079,15.136719,25000000.000
2237,2070,10.742188,25000000.000
2238,2062,6.835938,25000000.000
2239,2061,6.347656,25000000.000
2240,2045,-1.464844,25000000.000
2241,2037,-5.371094,25000000.000
2242,2028,-9.765625,25000000.000
2243,2028,-9.765625,25000000.000
2244,2011,-18.066406,25000000.000
2245,2004,-21.484375,25000000.000
2246,1997,-24.902344,25000000.000
2247,1995,-25.878906,25000000.000
2248,1985,-30.761719,25000000.000
2249,1982,-32.226562,25000000.000
2250,1980,-33.203125,25000000.000
2251,1979,-33.691406,25000000.000
2252,1981,-32.714844,25000000.000
2253,1986,-30.273438,25000000.000
2254,1992,-27.343750,25000000.000
2255,1993,-26.855469,25000000.000
2256,2007,-20.019531,25000000.000
2257,2016,-15.625000,25000000.000
2258,2025,-11.230469,25000000.000
2259,2027,-10.253906,25000000.000
2260,2045,-1.464844,25000000.000
2261,2052,1.953125,25000000.000
2262,2062,6.835938,25000000.000
2263,2062,6.835938,25000000.000
2264,2079,15.136719,25000000.000
2265,2086,18.554688,25000000.000
2266,2093,21.972656,25000000.000
2267,2095,22.949219,25000000.000
2268,2105,27.832031,25000000.000
2269,2109,29.785156,25000000.000
2270,2112,31.250000,25000000.000
2271,2112,31.250000,25000000.000
2272,2109,29.785156,25000000.000
2273,2106,28.320312,25000000.000
2274,2100,25.390625,25000000.000
2275,2099,24.902344,25000000.000
2276,2086,18.554688,25000000.000
2277,2077,14.160156,25000000.000
2278,2069,10.253906,25000000.000
2279,2067,9.277344,25000000.000
2280,2051,1.464844,25000000.000
2281,2042,-2.929688,25000000.000
2282,2034,-6.835938,25000000.000
2283,2033,-7.324219,25000000.000
2284,2018,-14.648438,25000000.000
2285,2008,-19.531250,25000000.000
2286,2002,-22.460938,25000000.000
2287,2001,-22.949219,25000000.000
2288,1989,-28.808594,25000000.000
2289,1985,-30.761719,25000000.000
2290,1981,-32.714844,25000000.000
2291,1980,-33.203125,25000000.000
2292,1979,-33.691406,25000000.000
2293,1982,-32.226562,25000000.000
2294,1986,-30.273438,25000000.000
2295,1987,-29.785156,25000000.000
2296,2002,-22.460938,25000000.000
2297,2011,-18.066406,25000000.000
2298,2013,-17.089844,25000000.000
2299,2015,-16.113281,25000000.000
2300,2032,-7.812500,25000000.000
2301,2043,-2.441406,25000000.000
2302,2051,1.464844,25000000.000
2303,2052,1.953125,25000000.000
2304,2069,10.253906,25000000.000
2305,2079,15.136719,25000000.000
2306,2086,18.554688,25000000.000
2307,2087,19.042969,25000000.000
2308,2101,25.878906,25000000.000
2309,2106,28.320312,25000000.000
2310,2111,30.761719,25000000.000
2311,2111,30.761719,25000000.000
2312,2113,31.738281,25000000.000
2313,2110,30.273438,25000000.000
2314,2106,28.320312,25000000.000
2315,2105,27.832031,25000000.000
2316,2095,22.949219,25000000.000
2317,2087,19.042969,25000000.000
2318,2079,15.136719,25000000.000
2319,2078,14.648438,25000000.000
2320,2060,5.859375,25000000.000
2321,2053,2.441406,25000000.000
2322,2044,-1.953125,25000000.000
2323,2043,-2.441406,25000000.000
2324,2026,-10.742188,25000000.000
2325,2019,-14.160156,25000000.000
2326,2009,-19.042969,25000000.000
2327,2009,-19.042969,25000000.000
2328,1996,-25.390625,25000000.000
2329,1989,-28.808594,25000000.000
2330,1984,-31.250000,25000000.000
2331,1984,-31.250000,25000000.000
2332,1980,-33.203125,25000000.000
2333,1980,-33.203125,25000000.000
2334,1983,-31.738281,25000000.000
2335,1983,-31.738281,25000000.000
2336,1993,-26.855469,25000000.000
2337,2001,-22.949219,25000000.000
2338,2010,-18.554688,25000000.000
2339,2010,-18.554688,25000000.000
2340,2028,-9.765625,25000000.000
2341,2038,-4.882812,25000000.000
2342,2047,-0.488281,25000000.000
2343,2048,0.000000,25000000.000
2344,2064,7.812500,25000000.000
2345,2073,12.207031,25000000.000
2346,2080,15.625000,25000000.000
2347,2082,16.601562,25000000.000
2348,2097,23.925781,25000000.000
2349,2104,27.343750,25000000.000
2350,2108,29.296875,25000000.000
2351,2109,29.785156,25000000.000
2352,2113,31.738281,25000000.000
2353,2112,31.250000,25000000.000
2354,2110,30.273438,25000000.000
2355,2109,29.785156,25000000.000
2356,2099,24.902344,25000000.000
2357,2092,21.484375,25000000.000
2358,2083,17.089844,25000000.000
2359,2083,17.089844,25000000.000
2360,2067,9.277344,25000000.000
2361,2058,4.882812,25000000.000
2362,2051,1.464844,25000000.000
2363,2048,0.000000,25000000.000
2364,2032,-7.812500,25000000.000
2365,2023,-12.207031,25000000.000
2366,2014,-16.601562,25000000.000
2367,2014,-16.601562,25000000.000
2368,1999,-23.925781,25000000.000
2369,1991,-27.832031,25000000.000
2370,1984,-31.250000,25000000.000
2371,1985,-30.761719,25000000.000
2372,1977,-34.667969,25000000.000
2373,1977,-34.667969,25000000.000
2374,1977,-34.667969,25000000.000
2375,1977,-34.667969,25000000.000
2376,1987,-29.785156,25000000.000
2377,1995,-25.878906,25000000.000
2378,2002,-22.460938,25000000.000
2379,2002,-22.460938,25000000.000
2380,2020,-13.671875,25000000.000
2381,2030,-8.789062,25000000.000
2382,2039,-4.394531,25000000.000
2383,2040,-3.906250,25000000.000
2384,2056,3.906250,25000000.000
2385,2066,8.789062,25000000.000
2386,2074,12.695312,25000000.000
2387,2075,13.183594,25000000.000
2388,2090,20.507812,25000000.000
2389,2099,24.902344,25000000.000
2390,2105,27.832031,25000000.000
2391,2105,27.832031,25000000.000
2392,2114,32.226562,25000000.000
2393,2114,32.226562,25000000.000
2394,2113,31.738281,25000000.000
2395,2113,31.738281,25000000.000
2396,2106,28.320312,25000000.000
2397,2100,25.390625,25000000.000
2398,2092,21.484375,25000000.000
2399,2091,20.996094,25000000.000
2400,2076,13.671875,25000000.000
2401,2068,9.765625,25000000.000
2402,2060,5.859375,25000000.000
2403,2059,5.371094,25000000.000
2404,2042,-2.929688,25000000.000
2405,2032,-7.812500,25000000.000
2406,2023,-12.207031,25000000.000
2407,2023,-12.207031,25000000.000
2408,2007,-20.019531,25000000.000
2409,1998,-24.414062,25000000.000
2410,1990,-28.320312,25000000.000
2411,1989,-28.808594,25000000.000
2412,1980,-33.203125,25000000.000
2413,1976,-35.156250,25000000.000
2414,1976,-35.156250,25000000.000
2415,1975,-35.644531,25000000.000
2416,1982,-32.226562,25000000.000
2417,1987,-29.785156,25000000.000
2418,1993,-26.855469,25000000.000
2419,1994,-26.367188,25000000.000
2420,2010,-18.554688,25000000.000
2421,2020,-13.671875,25000000.000
2422,2029,-9.277344,25000000.000
2423,2029,-9.277344,25000000.000
2424,2047,-0.488281,25000000.000
2425,2056,3.906250,25000000.000
2426,2065,8.300781,25000000.000
2427,2066,8.789062,25000000.000
2428,2083,17.089844,25000000.000
2429,2090,20.507812,25000000.000
2430,2098,24.414062,25000000.000
2431,2098,24.414062,25000000.000
2432,2110,30.273438,25000000.000
2433,2113,31.738281,25000000.000
2434,2114,32.226562,25000000.000
2435,2115,32.714844,25000000.000
2436,2111,30.761719,25000000.000
2437,2106,28.320312,25000000.000
2438,2099,24.902344,25000000.000
2439,2097,23.925781,25000000.000
2440,2082,16.601562,25000000.000
2441,2074,12.695312,25000000.000
2442,2064,7.812500,25000000.000
2443,2063,7.324219,25000000.000
2444,2046,-0.976562,25000000.000
2445,2037,-5.371094,25000000.000
2446,2030,-8.789062,25000000.000
2447,2028,-9.765625,25000000.000
2448,2011,-18.066406,25000000.000
2449,2002,-22.460938,25000000.000
2450,1994,-26.367188,25000000.000
2451,1994,-26.367188,25000000.000
2452,1983,-31.738281,25000000.000
2453,1977,-34.667969,25000000.000
2454,1976,-35.156250,25000000.000
2455,1975,-35.644531,25000000.000
2456,1976,-35.156250,25000000.000
2457,1980,-33.203125,25000000.000
2458,1987,-29.785156,25000000.000
2459,1988,-29.296875,25000000.000
2460,2002,-22.460938,25000000.000
2461,2010,-18.554688,25000000.000
2462,2021,-13.183594,25000000.000
2463,2021,-13.183594,25000000.000
2464,2040,-3.906250,25000000.000
2465,2049,0.488281,25000000.000
2466,2059,5.371094,25000000.000
2467,2059,5.371094,25000000.000
2468,2078,14.648438,25000000.000
2469,2085,18.066406,25000000.000
2470,2094,22.460938,25000000.000
2471,2094,22.460938,25000000.000
2472,2108,29.296875,25000000.000
2473,2113,31.738281,25000000.000
2474,2115,32.714844,25000000.000
2475,2116,33.203125,25000000.000
2476,2116,33.203125,25000000.000
2477,2113,31.738281,25000000.000
2478,2107,28.808594,25000000.000
2479,2107,28.808594,25000000.000
2480,2093,21.972656,25000000.000
2481,2085,18.066406,25000000.000
2482,2077,14.160156,25000000.000
2483,2076,13.671875,25000000.000
2484,2058,4.882812,25000000.000
2485,2049,0.488281,25000000.000
2486,2040,-3.906250,25000000.000
2487,2040,-3.906250,25000000.000
2488,2021,-13.183594,25000000.000
2489,2012,-17.578125,25000000.000
2490,2002,-22.460938,25000000.000
2491,2002,-22.460938,25000000.000
2492,1987,-29.785156,25000000.000
2493,1982,-32.226562,25000000.000
2494,1976,-35.156250,25000000.000
2495,1976,-35.156250,25000000.000
2496,1974,-36.132812,25000000.000
2497,1976,-35.156250,25000000.000
2498,1980,-33.203125,25000000.000
2499,1980,-33.203125,25000000.000
2500,1992,-27.343750,25000000.000
2501,2002,-22.460938,25000000.000
2502,2012,-17.578125,25000000.000
2503,2011,-18.066406,25000000.000
2504,2031,-8.300781,25000000.000
2505,2041,-3.417969,25000000.000
2506,2050,0.976562,25000000.000
2507,2051,1.464844,25000000.000
2508,2069,10.253906,25000000.000
2509,2078,14.648438,25000000.000
2510,2087,19.042969,25000000.000
2511,2087,19.042969,25000000.000
2512,2102,26.367188,25000000.000
2513,2108,29.296875,25000000.000
2514,2113,31.738281,25000000.000
2515,2113,31.738281,25000000.000
2516,2117,33.691406,25000000.000
2517,2115,32.714844,25000000.000
2518,2110,30.273438,25000000.000
2519,2110,30.273438,25000000.000
2520,2100,25.390625,25000000.000
2521,2092,21.484375,25000000.000
2522,2085,18.066406,25000000.000
2523,2084,17.578125,25000000.000
2524,2066,8.789062,25000000.000
2525,2057,4.394531,25000000.000
2526,2048,0.000000,25000000.000
2527,2048,0.000000,25000000.000
2528,2030,-8.789062,25000000.000
2529,2018,-14.648438,25000000.000
2530,2007,-20.019531,25000000.000
2531,2010,-18.554688,25000000.000
2532,1993,-26.855469,25000000.000
2533,1985,-30.761719,25000000.000
2534,1980,-33.203125,25000000.000
2535,1980,-33.203125,25000000.000
2536,1973,-36.621094,25000000.000
2537,1973,-36.621094,25000000.000
2538,1975,-35.644531,25000000.000
2539,1975,-35.644531,25000000.000
2540,1985,-30.761719,25000000.000
2541,1993,-26.855469,25000000.000
2542,2003,-21.972656,25000000.000
2543,2003,-21.972656,25000000.000
2544,2021,-13.183594,25000000.000
2545,2033,-7.324219,25000000.000
2546,2042,-2.929688,25000000.000
2547,2043,-2.441406,25000000.000
2548,2061,6.347656,25000000.000
2549,2072,11.718750,25000000.000
2550,2080,15.625000,25000000.000
2551,2081,16.113281,25000000.000
2552,2096,23.437500,25000000.000
2553,2105,27.832031,25000000.000
2554,2110,30.273438,25000000.000
2555,2111,30.761719,25000000.000
2556,2118,34.179688,25000000.000
2557,2118,34.179688,25000000.000
2558,2117,33.691406,25000000.000
2559,2116,33.203125,25000000.000
2560,2107,28.808594,25000000.000
2561,2100,25.390625,25000000.000
2562,2092,21.484375,25000000.000
2563,2091,20.996094,25000000.000
2564,2075,13.183594,25000000.000
2565,2066,8.789062,25000000.000
2566,2057,4.394531,25000000.000
2567,2056,3.906250,25000000.000
2568,2038,-4.882812,25000000.000
2569,2028,-9.765625,25000000.000
2570,2019,-14.160156,25000000.000
2571,2019,-14.160156,25000000.000
2572,2003,-21.972656,25000000.000
2573,1994,-26.367188,25000000.000
2574,1987,-29.785156,25000000.000
2575,1986,-30.273438,25000000.000
2576,1978,-34.179688,25000000.000
2577,1974,-36.132812,25000000.000
2578,1975,-35.644531,25000000.000
2579,1975,-35.644531,25000000.000
2580,1981,-32.714844,25000000.000
2581,1986,-30.273438,25000000.000
2582,1994,-26.367188,25000000.000
2583,1994,-26.367188,25000000.000
2584,2012,-17.578125,25000000.000
2585,2022,-12.695312,25000000.000
2586,2032,-7.812500,25000000.000
2587,2033,-7.324219,25000000.000
2588,2052,1.953125,25000000.000
2589,2062,6.835938,25000000.000
2590,2071,11.230469,25000000.000
2591,2072,11.718750,25000000.000
2592,2089,20.019531,25000000.000
2593,2097,23.925781,25000000.000
2594,2105,27.832031,25000000.000
2595,2105,27.832031,25000000.000
2596,2115,32.714844,25000000.000
2597,2117,33.691406,25000000.000
2598,2117,33.691406,25000000.000
2599,2117,33.691406,25000000.000
2600,2110,30.273438,25000000.000
2601,2104,27.343750,25000000.000
2602,2098,24.414062,25000000.000
2603,2096,23.437500,25000000.000
2604,2081,16.113281,25000000.000
2605,2073,12.207031,25000000.000
2606,2063,7.324219,25000000.000
2607,2062,6.835938,25000000.000
2608,2044,-1.953125,25000000.000
2609,2035,-6.347656,25000000.000
2610,2026,-10.742188,25000000.000
2611,2025,-11.230469,25000000.000
2612,2007,-20.019531,25000000.000
2613,1998,-24.414062,25000000.000
2614,1991,-27.832031,25000000.000
2615,1991,-27.832031,25000000.000
2616,1978,-34.179688,25000000.000
2617,1974,-36.132812,25000000.000
2618,1973,-36.621094,25000000.000
2619,1973,-36.621094,25000000.000
2620,1977,-34.667969,25000000.000
2621,1982,-32.226562,25000000.000
2622,1988,-29.296875,25000000.000
2623,1988,-29.296875,25000000.000
2624,2004,-21.484375,25000000.000
2625,2014,-16.601562,25000000.000
2626,2024,-11.718750,25000000.000
2627,2025,-11.230469,25000000.000
2628,2044,-1.953125,25000000.000
2629,2054,2.929688,25000000.000
2630,2063,7.324219,25000000.000
2631,2064,7.812500,25000000.000
2632,2082,16.601562,25000000.000
2633,2090,20.507812,25000000.000
2634,2097,23.925781,25000000.000
2635,2098,24.414062,25000000.000
2636,2110,30.273438,25000000.000
2637,2115,32.714844,25000000.000
2638,2116,33.203125,25000000.000
2639,2116,33.203125,25000000.000
2640,2114,32.226562,25000000.000
2641,2110,30.273438,25000000.000
2642,2104,27.343750,25000000.000
2643,2104,27.343750,25000000.000
2644,2088,19.531250,25000000.000
2645,2080,15.625000,25000000.000
2646,2071,11.230469,25000000.000
2647,2071,11.230469,25000000.000
2648,2054,2.929688,25000000.000
2649,2045,-1.464844,25000000.000
2650,2035,-6.347656,25000000.000
2651,2034,-6.835938,25000000.000
2652,2016,-15.625000,25000000.000
2653,2007,-20.019531,25000000.000
2654,1999,-23.925781,25000000.000
2655,1998,-24.414062,25000000.000
2656,1984,-31.250000,25000000.000
2657,1980,-33.203125,25000000.000
2658,1975,-35.644531,25000000.000
2659,1975,-35.644531,25000000.000
2660,1975,-35.644531,25000000.000
2661,1978,-34.179688,25000000.000
2662,1984,-31.250000,25000000.000
2663,1984,-31.250000,25000000.000
2664,1999,-23.925781,25000000.000
2665,2006,-20.507812,25000000.000
2666,2018,-14.648438,25000000.000
2667,2018,-14.648438,25000000.000
2668,2037,-5.371094,25000000.000
2669,2046,-0.976562,25000000.000
2670,2056,3.906250,25000000.000
2671,2057,4.394531,25000000.000
2672,2074,12.695312,25000000.000
2673,2082,16.601562,25000000.000
2674,2091,20.996094,25000000.000
2675,2092,21.484375,25000000.000
2676,2106,28.320312,25000000.000
2677,2112,31.250000,25000000.000
2678,2116,33.203125,25000000.000
2679,2117,33.691406,25000000.000
2680,2118,34.179688,25000000.000
2681,2117,33.691406,25000000.000
2682,2110,30.273438,25000000.000
2683,2111,30.761719,25000000.000
2684,2097,23.925781,25000000.000
2685,2090,20.507812,25000000.000
2686,2080,15.625000,25000000.000
2687,2079,15.136719,25000000.000
2688,2062,6.835938,25000000.000
2689,2052,1.953125,25000000.000
2690,2042,-2.929688,25000000.000
2691,2041,-3.417969,25000000.000
2692,2024,-11.718750,25000000.000
2693,2013,-17.089844,25000000.000
2694,2004,-21.484375,25000000.000
2695,2003,-21.972656,25000000.000
2696,1988,-29.296875,25000000.000
2697,1980,-33.203125,25000000.000
2698,1976,-35.156250,25000000.000
2699,1975,-35.644531,25000000.000
2700,1970,-38.085938,25000000.000
2701,1972,-37.109375,25000000.000
2702,1976,-35.156250,25000000.000
2703,1977,-34.667969,25000000.000
2704,1989,-28.808594,25000000.000
2705,1997,-24.902344,25000000.000
2706,2007,-20.019531,25000000.000
2707,2008,-19.531250,25000000.000
2708,2028,-9.765625,25000000.000
2709,2036,-5.859375,25000000.000
2710,2045,-1.464844,25000000.000
2711,2046,-0.976562,25000000.000
2712,2064,7.812500,25000000.000
2713,2075,13.183594,25000000.000
2714,2084,17.578125,25000000.000
2715,2083,17.089844,25000000.000
2716,2100,25.390625,25000000.000
2717,2108,29.296875,25000000.000
2718,2113,31.738281,25000000.000
2719,2113,31.738281,25000000.000
2720,2119,34.667969,25000000.000
2721,2119,34.667969,25000000.000
2722,2116,33.203125,25000000.000
2723,2115,32.714844,25000000.000
2724,2105,27.832031,25000000.000
2725,2097,23.925781,25000000.000
2726,2089,20.019531,25000000.000
2727,2088,19.531250,25000000.000
2728,2071,11.230469,25000000.000
2729,2062,6.835938,25000000.000
2730,2052,1.953125,25000000.000
2731,2051,1.464844,25000000.000
2732,2033,-7.324219,25000000.000
2733,2023,-12.207031,25000000.000
2734,2013,-17.089844,25000000.000
2735,2013,-17.089844,25000000.000
2736,1996,-25.390625,25000000.000
2737,1987,-29.785156,25000000.000
2738,1981,-32.714844,25000000.000
2739,1980,-33.203125,25000000.000
2740,1972,-37.109375,25000000.000
2741,1971,-37.597656,25000000.000
2742,1972,-37.109375,25000000.000
2743,1974,-36.132812,25000000.000
2744,1982,-32.226562,25000000.000
2745,1989,-28.808594,25000000.000
2746,1998,-24.414062,25000000.000
2747,1998,-24.414062,25000000.000
2748,2018,-14.648438,25000000.000
2749,2028,-9.765625,25000000.000
2750,2037,-5.371094,25000000.000
2751,2038,-4.882812,25000000.000
2752,2056,3.906250,25000000.000
2753,2066,8.789062,25000000.000
2754,2075,13.183594,25000000.000
2755,2076,13.671875,25000000.000
2756,2093,21.972656,25000000.000
2757,2101,25.878906,25000000.000
2758,2108,29.296875,25000000.000
2759,2109,29.785156,25000000.000
2760,2118,34.179688,25000000.000
2761,2120,35.156250,25000000.000
2762,2119,34.667969,25000000.000
2763,2118,34.179688,25000000.000
2764,2111,30.761719,25000000.000
2765,2104,27.343750,25000000.000
2766,2097,23.925781,25000000.000
2767,2096,23.437500,25000000.000
2768,2079,15.136719,25000000.000
2769,2069,10.253906,25000000.000
2770,2060,5.859375,25000000.000
2771,2059,5.371094,25000000.000
2772,2040,-3.906250,25000000.000
2773,2032,-7.812500,25000000.000
2774,2022,-12.695312,25000000.000
2775,2022,-12.695312,25000000.000
2776,2003,-21.972656,25000000.000
2777,1994,-26.367188,25000000.000
2778,1987,-29.785156,25000000.000
2779,1986,-30.273438,25000000.000
2780,1975,-35.644531,25000000.000
2781,1972,-37.109375,25000000.000
2782,1972,-37.109375,25000000.000
2783,1971,-37.597656,25000000.000
2784,1976,-35.156250,25000000.000
2785,1981,-32.714844,25000000.000
2786,1989,-28.808594,25000000.000
2787,1989,-28.808594,25000000.000
2788,2007,-20.019531,25000000.000
2789,2017,-15.136719,25000000.000
2790,2027,-10.253906,25000000.000
2791,2028,-9.765625,25000000.000
2792,2047,-0.488281,25000000.000
2793,2058,4.882812,25000000.000
2794,2067,9.277344,25000000.000
2795,2069,10.253906,25000000.000
2796,2086,18.554688,25000000.000
2797,2094,22.460938,25000000.000
2798,2101,25.878906,25000000.000
2799,2102,26.367188,25000000.000
2800,2112,31.250000,25000000.000
2801,2115,32.714844,25000000.000
2802,2117,33.691406,25000000.000
2803,2117,33.691406,25000000.000
2804,2113,31.738281,25000000.000
2805,2106,28.320312,25000000.000
2806,2101,25.878906,25000000.000
2807,2100,25.390625,25000000.000
2808,2085,18.066406,25000000.000
2809,2078,14.648438,25000000.000
2810,2068,9.765625,25000000.000
2811,2068,9.765625,25000000.000
2812,2050,0.976562,25000000.000
2813,2040,-3.906250,25000000.000
2814,2031,-8.300781,25000000.000
2815,2029,-9.277344,25000000.000
2816,2011,-18.066406,25000000.000
2817,2002,-22.460938,25000000.000
2818,1993,-26.855469,25000000.000
2819,1992,-27.343750,25000000.000
2820,1980,-33.203125,25000000.000
2821,1976,-35.156250,25000000.000
2822,1972,-37.109375,25000000.000
2823,1973,-36.621094,25000000.000
2824,1974,-36.132812,25000000.000
2825,1978,-34.179688,25000000.000
2826,1983,-31.738281,25000000.000
2827,1984,-31.250000,25000000.000
2828,1999,-23.925781,25000000.000
2829,2009,-19.042969,25000000.000
2830,2021,-13.183594,25000000.000
2831,2022,-12.695312,25000000.000
2832,2041,-3.417969,25000000.000
2833,2052,1.953125,25000000.000
2834,2062,6.835938,25000000.000
2835,2061,6.347656,25000000.000
2836,2080,15.625000,25000000.000
2837,2091,20.996094,25000000.000
2838,2098,24.414062,25000000.000
2839,2098,24.414062,25000000.000
2840,2112,31.250000,25000000.000
2841,2116,33.203125,25000000.000
2842,2120,35.156250,25000000.000
2843,2119,34.667969,25000000.000
2844,2119,34.667969,25000000.000
2845,2114,32.226562,25000000.000
2846,2109,29.785156,25000000.000
2847,2108,29.296875,25000000.000
2848,2094,22.460938,25000000.000
2849,2085,18.066406,25000000.000
2850,2076,13.671875,25000000.000
2851,2075,13.183594,25000000.000
2852,2057,4.394531,25000000.000
2853,2047,-0.488281,25000000.000
2854,2037,-5.371094,25000000.000
2855,2036,-5.859375,25000000.000
2856,2018,-14.648438,25000000.000
2857,2008,-19.531250,25000000.000
2858,2000,-23.437500,25000000.000
2859,2000,-23.437500,25000000.000
2860,1986,-30.273438,25000000.000
2861,1979,-33.691406,25000000.000
2862,1976,-35.156250,25000000.000
2863,1975,-35.644531,25000000.000
2864,1973,-36.621094,25000000.000
2865,1974,-36.132812,25000000.000
2866,1978,-34.179688,25000000.000
2867,1979,-33.691406,25000000.000
2868,1992,-27.343750,25000000.000
2869,2001,-22.949219,25000000.000
2870,2011,-18.066406,25000000.000
2871,2012,-17.578125,25000000.000
2872,2031,-8.300781,25000000.000
2873,2042,-2.929688,25000000.000
2874,2052,1.953125,25000000.000
2875,2053,2.441406,25000000.000
2876,2070,10.742188,25000000.000
2877,2080,15.625000,25000000.000
2878,2095,22.949219,25000000.000
2879,2087,19.042969,25000000.000
2880,2105,27.832031,25000000.000
2881,2112,31.250000,25000000.000
2882,2116,33.203125,25000000.000
2883,2117,33.691406,25000000.000
2884,2118,34.179688,25000000.000
2885,2116,33.203125,25000000.000
2886,2114,32.226562,25000000.000
2887,2112,31.250000,25000000.000
2888,2099,24.902344,25000000.000
2889,2091,20.996094,25000000.000
2890,2082,16.601562,25000000.000
2891,2081,16.113281,25000000.000
2892,2064,7.812500,25000000.000
2893,2054,2.929688,25000000.000
2894,2044,-1.953125,25000000.000
2895,2043,-2.441406,25000000.000
2896,2025,-11.230469,25000000.000
2897,2016,-15.625000,25000000.000
2898,2007,-20.019531,25000000.000
2899,2006,-20.507812,25000000.000
2900,1990,-28.320312,25000000.000
2901,1984,-31.250000,25000000.000
2902,1979,-33.691406,25000000.000
2903,1978,-34.179688,25000000.000
2904,1973,-36.621094,25000000.000
2905,1973,-36.621094,25000000.000
2906,1975,-35.644531,25000000.000
2907,1975,-35.644531,25000000.000
2908,1986,-30.273438,25000000.000
2909,1995,-25.878906,25000000.000
2910,2004,-21.484375,25000000.000
2911,2005,-20.996094,25000000.000
2912,2024,-11.718750,25000000.000
2913,2034,-6.835938,25000000.000
2914,2044,-1.953125,25000000.000
2915,2045,-1.464844,25000000.000
2916,2064,7.812500,25000000.000
2917,2074,12.695312,25000000.000
2918,2082,16.601562,25000000.000
2919,2083,17.089844,25000000.000
2920,2100,25.390625,25000000.000
2921,2108,29.296875,25000000.000
2922,2115,32.714844,25000000.000
2923,2115,32.714844,25000000.000
2924,2120,35.156250,25000000.000
2925,2120,35.156250,25000000.000
2926,2119,34.667969,25000000.000
2927,2118,34.179688,25000000.000
2928,2107,28.808594,25000000.000
2929,2099,24.902344,25000000.000
2930,2091,20.996094,25000000.000
2931,2090,20.507812,25000000.000
2932,2072,11.718750,25000000.000
2933,2062,6.835938,25000000.000
2934,2052,1.953125,25000000.000
2935,2051,1.464844,25000000.000
2936,2033,-7.324219,25000000.000
2937,2024,-11.718750,25000000.000
2938,2015,-16.113281,25000000.000
2939,2014,-16.601562,25000000.000
2940,1997,-24.902344,25000000.000
2941,1991,-27.832031,25000000.000
2942,1983,-31.738281,25000000.000
2943,1982,-32.226562,25000000.000
2944,1973,-36.621094,25000000.000
2945,1972,-37.109375,25000000.000
2946,1973,-36.621094,25000000.000
2947,1974,-36.132812,25000000.000
2948,1981,-32.714844,25000000.000
2949,1988,-29.296875,25000000.000
2950,1995,-25.878906,25000000.000
2951,1997,-24.902344,25000000.000
2952,2015,-16.113281,25000000.000
2953,2027,-10.253906,25000000.000
2954,2036,-5.859375,25000000.000
2955,2037,-5.371094,25000000.000
2956,2056,3.906250,25000000.000
2957,2065,8.300781,25000000.000
2958,2074,12.695312,25000000.000
2959,2076,13.671875,25000000.000
2960,2092,21.484375,25000000.000
2961,2098,24.414062,25000000.000
2962,2107,28.808594,25000000.000
2963,2108,29.296875,25000000.000
2964,2117,33.691406,25000000.000
2965,2118,34.179688,25000000.000
2966,2118,34.179688,25000000.000
2967,2117,33.691406,25000000.000
2968,2111,30.761719,25000000.000
2969,2104,27.343750,25000000.000
2970,2097,23.925781,25000000.000
2971,2096,23.437500,25000000.000
2972,2080,15.625000,25000000.000
2973,2071,11.230469,25000000.000
2974,2061,6.347656,25000000.000
2975,2061,6.347656,25000000.000
2976,2042,-2.929688,25000000.000
2977,2032,-7.812500,25000000.000
2978,2023,-12.207031,25000000.000
2979,2022,-12.695312,25000000.000
2980,2004,-21.484375,25000000.000
2981,1995,-25.878906,25000000.000
2982,1988,-29.296875,25000000.000
2983,1986,-30.273438,25000000.000
2984,1975,-35.644531,25000000.000
2985,1972,-37.109375,25000000.000
2986,1970,-38.085938,25000000.000
2987,1971,-37.597656,25000000.000
2988,1976,-35.156250,25000000.000
2989,1982,-32.226562,25000000.000
2990,1990,-28.320312,25000000.000
2991,1991,-27.832031,25000000.000
2992,2008,-19.531250,25000000.000
2993,2019,-14.160156,25000000.000
2994,2029,-9.277344,25000000.000
2995,2029,-9.277344,25000000.000
2996,2048,0.000000,25000000.000
2997,2058,4.882812,25000000.000
2998,2066,8.789062,25000000.000
2999,2067,9.277344,25000000.000
3000,2084,17.578125,25000000.000
3001,2093,21.972656,25000000.000
3002,2101,25.878906,25000000.000
3003,2101,25.878906,25000000.000
3004,2113,31.738281,25000000.000
3005,2118,34.179688,25000000.000
3006,2119,34.667969,25000000.000
3007,2120,35.156250,25000000.000
3008,2116,33.203125,25000000.000
3009,2110,30.273438,25000000.000
3010,2104,27.343750,25000000.000
3011,2104,27.343750,25000000.000
3012,2085,18.066406,25000000.000
3013,2077,14.160156,25000000.000
3014,2067,9.277344,25000000.000
3015,2066,8.789062,25000000.000
3016,2049,0.488281,25000000.000
3017,2038,-4.882812,25000000.000
3018,2029,-9.277344,25000000.000
3019,2027,-10.253906,25000000.000
3020,2011,-18.066406,25000000.000
3021,2003,-21.972656,25000000.000
3022,1994,-26.367188,25000000.000
3023,1993,-26.855469,25000000.000
3024,1979,-33.691406,25000000.000
3025,1975,-35.644531,25000000.000
3026,1971,-37.597656,25000000.000
3027,1972,-37.109375,25000000.000
3028,1972,-37.109375,25000000.000
3029,1975,-35.644531,25000000.000
3030,1981,-32.714844,25000000.000
3031,1982,-32.226562,25000000.000
3032,1998,-24.414062,25000000.000
3033,2007,-20.019531,25000000.000
3034,2019,-14.160156,25000000.000
3035,2020,-13.671875,25000000.000
3036,2040,-3.906250,25000000.000
3037,2050,0.976562,25000000.000
3038,2059,5.371094,25000000.000
3039,2060,5.859375,25000000.000
3040,2077,14.160156,25000000.000
3041,2087,19.042969,25000000.000
3042,2095,22.949219,25000000.000
3043,2096,23.437500,25000000.000
3044,2110,30.273438,25000000.000
3045,2116,33.203125,25000000.000
3046,2119,34.667969,25000000.000
3047,2119,34.667969,25000000.000
3048,2122,36.132812,25000000.000
3049,2118,34.179688,25000000.000
3050,2112,31.250000,25000000.000
3051,2112,31.250000,25000000.000
3052,2097,23.925781,25000000.000
3053,2087,19.042969,25000000.000
3054,2077,14.160156,25000000.000
3055,2076,13.671875,25000000.000
3056,2056,3.906250,25000000.000
3057,2046,-0.976562,25000000.000
3058,2036,-5.859375,25000000.000
3059,2035,-6.347656,25000000.000
3060,2018,-14.648438,25000000.000
3061,2009,-19.042969,25000000.000
3062,2001,-22.949219,25000000.000
3063,2000,-23.437500,25000000.000
3064,1986,-30.273438,25000000.000
3065,1980,-33.203125,25000000.000
3066,1975,-35.644531,25000000.000
3067,1975,-35.644531,25000000.000
3068,1971,-37.597656,25000000.000
3069,1972,-37.109375,25000000.000
3070,1975,-35.644531,25000000.000
3071,1976,-35.156250,25000000.000
3072,1988,-29.296875,25000000.000
3073,1997,-24.902344,25000000.000
3074,2007,-20.019531,25000000.000
3075,2008,-19.531250,25000000.000
3076,2030,-8.789062,25000000.000
3077,2040,-3.906250,25000000.000
3078,2051,1.464844,25000000.000
3079,2051,1.464844,25000000.000
3080,2071,11.230469,25000000.000
3081,2080,15.625000,25000000.000
3082,2090,20.507812,25000000.000
3083,2091,20.996094,25000000.000
3084,2105,27.832031,25000000.000
3085,2113,31.738281,25000000.000
3086,2116,33.203125,25000000.000
3087,2118,34.179688,25000000.000
3088,2122,36.132812,25000000.000
3089,2120,35.156250,25000000.000
3090,2117,33.691406,25000000.000
3091,2116,33.203125,25000000.000
3092,2105,27.832031,25000000.000
3093,2097,23.925781,25000000.000
3094,2087,19.042969,25000000.000
3095,2086,18.554688,25000000.000
3096,2067,9.277344,25000000.000
3097,2055,3.417969,25000000.000
3098,2045,-1.464844,25000000.000
3099,2045,-1.464844,25000000.000
3100,2025,-11.230469,25000000.000
3101,2017,-15.136719,25000000.000
3102,2008,-19.531250,25000000.000
3103,2007,-20.019531,25000000.000
3104,1991,-27.832031,25000000.000
3105,1986,-30.273438,25000000.000
3106,1980,-33.203125,25000000.000
3107,1980,-33.203125,25000000.000
3108,1974,-36.132812,25000000.000
3109,1973,-36.621094,25000000.000
3110,1974,-36.132812,25000000.000
3111,1973,-36.621094,25000000.000
3112,1981,-32.714844,25000000.000
3113,1989,-28.808594,25000000.000
3114,1998,-24.414062,25000000.000
3115,1999,-23.925781,25000000.000
3116,2019,-14.160156,25000000.000
3117,2030,-8.789062,25000000.000
3118,2041,-3.417969,25000000.000
3119,2041,-3.417969,25000000.000
3120,2062,6.835938,25000000.000
3121,2071,11.230469,25000000.000
3122,2081,16.113281,25000000.000
3123,2082,16.601562,25000000.000
3124,2098,24.414062,25000000.000
3125,2106,28.320312,25000000.000
3126,2111,30.761719,25000000.000
3127,2112,31.250000,25000000.000
3128,2119,34.667969,25000000.000
3129,2120,35.156250,25000000.000
3130,2118,34.179688,25000000.000
3131,2119,34.667969,25000000.000
3132,2109,29.785156,25000000.000
3133,2103,26.855469,25000000.000
3134,2096,23.437500,25000000.000
3135,2093,21.972656,25000000.000
3136,2076,13.671875,25000000.000
3137,2066,8.789062,25000000.000
3138,2056,3.906250,25000000.000
3139,2055,3.417969,25000000.000
3140,2037,-5.371094,25000000.000
3141,2026,-10.742188,25000000.000
3142,2018,-14.648438,25000000.000
3143,2017,-15.136719,25000000.000
3144,2000,-23.437500,25000000.000
3145,1992,-27.343750,25000000.000
3146,1987,-29.785156,25000000.000
3147,1986,-30.273438,25000000.000
3148,1978,-34.179688,25000000.000
3149,1976,-35.156250,25000000.000
3150,1975,-35.644531,25000000.000
3151,1976,-35.156250,25000000.000
3152,1980,-33.203125,25000000.000
3153,1985,-30.761719,25000000.000
3154,1993,-26.855469,25000000.000
3155,1990,-28.320312,25000000.000
3156,2010,-18.554688,25000000.000
3157,2020,-13.671875,25000000.000
3158,2032,-7.812500,25000000.000
3159,2031,-8.300781,25000000.000
3160,2051,1.464844,25000000.000
3161,2062,6.835938,25000000.000
3162,2071,11.230469,25000000.000
3163,2072,11.718750,25000000.000
3164,2089,20.019531,25000000.000
3165,2097,23.925781,25000000.000
3166,2104,27.343750,25000000.000
3167,2105,27.832031,25000000.000
3168,2114,32.226562,25000000.000
3169,2117,33.691406,25000000.000
3170,2117,33.691406,25000000.000
3171,2116,33.203125,25000000.000
3172,2111,30.761719,25000000.000
3173,2106,28.320312,25000000.000
3174,2100,25.390625,25000000.000
3175,2099,24.902344,25000000.000
3176,2083,17.089844,25000000.000
3177,2074,12.695312,25000000.000
3178,2065,8.300781,25000000.000
3179,2063,7.324219,25000000.000
3180,2044,-1.953125,25000000.000
3181,2036,-5.859375,25000000.000
3182,2026,-10.742188,25000000.000
3183,2025,-11.230469,25000000.000
3184,2007,-20.019531,25000000.000
3185,2000,-23.437500,25000000.000
3186,1993,-26.855469,25000000.000
3187,1992,-27.343750,25000000.000
3188,1981,-32.714844,25000000.000
3189,1976,-35.156250,25000000.000
3190,1974,-36.132812,25000000.000
3191,1974,-36.132812,25000000.000
3192,1976,-35.156250,25000000.000
3193,1980,-33.203125,25000000.000
3194,1985,-30.761719,25000000.000
3195,1986,-30.273438,25000000.000
3196,2002,-22.460938,25000000.000
3197,2011,-18.066406,25000000.000
3198,2022,-12.695312,25000000.000
3199,2022,-12.695312,25000000.000
3200,2042,-2.929688,25000000.000
3201,2053,2.441406,25000000.000
3202,2063,7.324219,25000000.000
3203,2063,7.324219,25000000.000
3204,2080,15.625000,25000000.000
3205,2090,20.507812,25000000.000
3206,2096,23.437500,25000000.000
3207,2098,24.414062,25000000.000
3208,2111,30.761719,25000000.000
3209,2115,32.714844,25000000.000
3210,2118,34.179688,25000000.000
3211,2118,34.179688,25000000.000
3212,2117,33.691406,25000000.000
3213,2112,31.250000,25000000.000
3214,2107,28.808594,25000000.000
3215,2105,27.832031,25000000.000
3216,2090,20.507812,25000000.000
3217,2080,15.625000,25000000.000
3218,2071,11.230469,25000000.000
3219,2070,10.742188,25000000.000
3220,2052,1.953125,25000000.000
3221,2041,-3.417969,25000000.000
3222,2032,-7.812500,25000000.000
3223,2030,-8.789062,25000000.000
3224,2015,-16.113281,25000000.000
3225,2002,-22.460938,25000000.000
3226,1999,-23.925781,25000000.000
3227,1994,-26.367188,25000000.000
3228,1984,-31.250000,25000000.000
3229,1979,-33.691406,25000000.000
3230,1976,-35.156250,25000000.000
3231,1976,-35.156250,25000000.000
3232,1974,-36.132812,25000000.000
3233,1976,-35.156250,25000000.000
3234,1980,-33.203125,25000000.000
3235,1981,-32.714844,25000000.000
3236,1994,-26.367188,25000000.000
3237,2004,-21.484375,25000000.000
3238,2014,-16.601562,25000000.000
3239,2014,-16.601562,25000000.000
3240,2034,-6.835938,25000000.000
3241,2047,-0.488281,25000000.000
3242,2057,4.394531,25000000.000
3243,2058,4.882812,25000000.000
3244,2077,14.160156,25000000.000
3245,2086,18.554688,25000000.000
3246,2095,22.949219,25000000.000
3247,2096,23.437500,25000000.000
3248,2110,30.273438,25000000.000
3249,2116,33.203125,25000000.000
3250,2119,34.667969,25000000.000
3251,2120,35.156250,25000000.000
3252,2120,35.156250,25000000.000
3253,2118,34.179688,25000000.000
3254,2113,31.738281,25000000.000
3255,2112,31.250000,25000000.000
3256,2098,24.414062,25000000.000
3257,2089,20.019531,25000000.000
3258,2078,14.648438,25000000.000
3259,2077,14.160156,25000000.000
3260,2058,4.882812,25000000.000
3261,2048,0.000000,25000000.000
3262,2037,-5.371094,25000000.000
3263,2036,-5.859375,25000000.000
3264,2018,-14.648438,25000000.000
3265,2009,-19.042969,25000000.000
3266,2001,-22.949219,25000000.000
3267,1999,-23.925781,25000000.000
3268,1987,-29.785156,25000000.000
3269,1981,-32.714844,25000000.000
3270,1976,-35.156250,25000000.000
3271,1976,-35.156250,25000000.000
3272,1975,-35.644531,25000000.000
3273,1974,-36.132812,25000000.000
3274,1977,-34.667969,25000000.000
3275,1977,-34.667969,25000000.000
3276,1988,-29.296875,25000000.000
3277,1996,-25.390625,25000000.000
3278,2007,-20.019531,25000000.000
3279,2006,-20.507812,25000000.000
3280,2027,-10.253906,25000000.000
3281,2038,-4.882812,25000000.000
3282,2049,0.488281,25000000.000
3283,2050,0.976562,25000000.000
3284,2069,10.253906,25000000.000
3285,2080,15.625000,25000000.000
3286,2090,20.507812,25000000.000
3287,2091,20.996094,25000000.000
3288,2106,28.320312,25000000.000
3289,2113,31.738281,25000000.000
3290,2117,33.691406,25000000.000
3291,2118,34.179688,25000000.000
3292,2122,36.132812,25000000.000
3293,2121,35.644531,25000000.000
3294,2117,33.691406,25000000.000
3295,2117,33.691406,25000000.000
3296,2106,28.320312,25000000.000
3297,2097,23.925781,25000000.000
3298,2087,19.042969,25000000.000
3299,2086,18.554688,25000000.000
3300,2067,9.277344,25000000.000
3301,2056,3.906250,25000000.000
3302,2046,-0.976562,25000000.000
3303,2045,-1.464844,25000000.000
3304,2025,-11.230469,25000000.000
3305,2016,-15.625000,25000000.000
3306,2007,-20.019531,25000000.000
3307,2007,-20.019531,25000000.000
3308,1992,-27.343750,25000000.000
3309,1986,-30.273438,25000000.000
3310,1979,-33.691406,25000000.000
3311,1980,-33.203125,25000000.000
3312,1972,-37.109375,25000000.000
3313,1971,-37.597656,25000000.000
3314,1973,-36.621094,25000000.000
3315,1973,-36.621094,25000000.000
3316,1981,-32.714844,25000000.000
3317,1987,-29.785156,25000000.000
3318,1996,-25.390625,25000000.000
3319,1997,-24.902344,25000000.000
3320,2017,-15.136719,25000000.000
3321,2028,-9.765625,25000000.000
3322,2038,-4.882812,25000000.000
3323,2040,-3.906250,25000000.000
3324,2061,6.347656,25000000.000
3325,2071,11.230469,25000000.000
3326,2082,16.601562,25000000.000
3327,2083,17.089844,25000000.000
3328,2100,25.390625,25000000.000
3329,2107,28.808594,25000000.000
3330,2114,32.226562,25000000.000
3331,2114,32.226562,25000000.000
3332,2122,36.132812,25000000.000
3333,2123,36.621094,25000000.000
3334,2121,35.644531,25000000.000
3335,2121,35.644531,25000000.000
3336,2113,31.738281,25000000.000
3337,2105,27.832031,25000000.000
3338,2096,23.437500,25000000.000
3339,2095,22.949219,25000000.000
3340,2076,13.671875,25000000.000
3341,2065,8.300781,25000000.000
3342,2055,3.417969,25000000.000
3343,2054,2.929688,25000000.000
3344,2034,-6.835938,25000000.000
3345,2024,-11.718750,25000000.000
3346,2015,-16.113281,25000000.000
3347,2014,-16.601562,25000000.000
3348,1996,-25.390625,25000000.000
3349,1989,-28.808594,25000000.000
3350,1982,-32.226562,25000000.000
3351,1982,-32.226562,25000000.000
3352,1974,-36.132812,25000000.000
3353,1971,-37.597656,25000000.000
3354,1970,-38.085938,25000000.000
3355,1969,-38.574219,25000000.000
3356,1976,-35.156250,25000000.000
3357,1980,-33.203125,25000000.000
3358,1988,-29.296875,25000000.000
3359,1988,-29.296875,25000000.000
3360,2006,-20.507812,25000000.000
3361,2018,-14.648438,25000000.000
3362,2030,-8.789062,25000000.000
3363,2031,-8.300781,25000000.000
3364,2053,2.441406,25000000.000
3365,2064,7.812500,25000000.000
3366,2074,12.695312,25000000.000
3367,2074,12.695312,25000000.000
3368,2093,21.972656,25000000.000
3369,2101,25.878906,25000000.000
3370,2109,29.785156,25000000.000
3371,2109,29.785156,25000000.000
3372,2120,35.156250,25000000.000
3373,2121,35.644531,25000000.000
3374,2123,36.621094,25000000.000
3375,2121,35.644531,25000000.000
3376,2118,34.179688,25000000.000
3377,2112,31.250000,25000000.000
3378,2104,27.343750,25000000.000
3379,2104,27.343750,25000000.000
3380,2087,19.042969,25000000.000
3381,2075,13.183594,25000000.000
3382,2065,8.300781,25000000.000
3383,2064,7.812500,25000000.000
3384,2043,-2.441406,25000000.000
3385,2033,-7.324219,25000000.000
3386,2024,-11.718750,25000000.000
3387,2023,-12.207031,25000000.000
3388,2004,-21.484375,25000000.000
3389,1996,-25.390625,25000000.000
3390,1989,-28.808594,25000000.000
3391,1987,-29.785156,25000000.000
3392,1975,-35.644531,25000000.000
3393,1971,-37.597656,25000000.000
3394,1970,-38.085938,25000000.000
3395,1969,-38.574219,25000000.000
3396,1970,-38.085938,25000000.000
3397,1975,-35.644531,25000000.000
3398,1981,-32.714844,25000000.000
3399,1981,-32.714844,25000000.000
3400,1998,-24.414062,25000000.000
3401,2008,-19.531250,25000000.000
3402,2019,-14.160156,25000000.000
3403,2020,-13.671875,25000000.000
3404,2043,-2.441406,25000000.000
3405,2054,2.929688,25000000.000
3406,2064,7.812500,25000000.000
3407,2065,8.300781,25000000.000
3408,2084,17.578125,25000000.000
3409,2094,22.460938,25000000.000
3410,2102,26.367188,25000000.000
3411,2102,26.367188,25000000.000
3412,2116,33.203125,25000000.000
3413,2119,34.667969,25000000.000
3414,2122,36.132812,25000000.000
3415,2124,37.109375,25000000.000
3416,2122,36.132812,25000000.000
3417,2118,34.179688,25000000.000
3418,2112,31.250000,25000000.000
3419,2112,31.250000,25000000.000
3420,2095,22.949219,25000000.000
3421,2085,18.066406,25000000.000
3422,2075,13.183594,25000000.000
3423,2074,12.695312,25000000.000
3424,2054,2.929688,25000000.000
3425,2043,-2.441406,25000000.000
3426,2032,-7.812500,25000000.000
3427,2031,-8.300781,25000000.000
3428,2013,-17.089844,25000000.000
3429,2004,-21.484375,25000000.000
3430,1996,-25.390625,25000000.000
3431,1994,-26.367188,25000000.000
3432,1980,-33.203125,25000000.000
3433,1975,-35.644531,25000000.000
3434,1971,-37.597656,25000000.000
3435,1970,-38.085938,25000000.000
3436,1970,-38.085938,25000000.000
3437,1972,-37.109375,25000000.000
3438,1976,-35.156250,25000000.000
3439,1976,-35.156250,25000000.000
3440,1990,-28.320312,25000000.000
3441,2000,-23.437500,25000000.000
3442,2010,-18.554688,25000000.000
3443,2011,-18.066406,25000000.000
3444,2034,-6.835938,25000000.000
3445,2045,-1.464844,25000000.000
3446,2056,3.906250,25000000.000
3447,2057,4.394531,25000000.000
3448,2078,14.648438,25000000.000
3449,2086,18.554688,25000000.000
3450,2095,22.949219,25000000.000
3451,2096,23.437500,25000000.000
3452,2111,30.761719,25000000.000
3453,2118,34.179688,25000000.000
3454,2122,36.132812,25000000.000
3455,2122,36.132812,25000000.000
3456,2124,37.109375,25000000.000
3457,2122,36.132812,25000000.000
3458,2118,34.179688,25000000.000
3459,2117,33.691406,25000000.000
3460,2103,26.855469,25000000.000
3461,2093,21.972656,25000000.000
3462,2083,17.089844,25000000.000
3463,2082,16.601562,25000000.000
3464,2062,6.835938,25000000.000
3465,2050,0.976562,25000000.000
3466,2040,-3.906250,25000000.000
3467,2038,-4.882812,25000000.000
3468,2020,-13.671875,25000000.000
3469,2009,-19.042969,25000000.000
3470,2000,-23.437500,25000000.000
3471,2000,-23.437500,25000000.000
3472,1985,-30.761719,25000000.000
3473,1979,-33.691406,25000000.000
3474,1974,-36.132812,25000000.000
3475,1974,-36.132812,25000000.000
3476,1968,-39.062500,25000000.000
3477,1970,-38.085938,25000000.000
3478,1973,-36.621094,25000000.000
3479,1973,-36.621094,25000000.000
3480,1983,-31.738281,25000000.000
3481,1992,-27.343750,25000000.000
3482,2003,-21.972656,25000000.000
3483,2002,-22.460938,25000000.000
3484,2025,-11.230469,25000000.000
3485,2036,-5.859375,25000000.000
3486,2048,0.000000,25000000.000
3487,2049,0.488281,25000000.000
3488,2070,10.742188,25000000.000
3489,2081,16.113281,25000000.000
3490,2091,20.996094,25000000.000
3491,2092,21.484375,25000000.000
3492,2108,29.296875,25000000.000
3493,2116,33.203125,25000000.000
3494,2121,35.644531,25000000.000
3495,2122,36.132812,25000000.000
3496,2126,38.085938,25000000.000
3497,2126,38.085938,25000000.000
3498,2124,37.109375,25000000.000
3499,2123,36.621094,25000000.000
3500,2111,30.761719,25000000.000
3501,2103,26.855469,25000000.000
3502,2094,22.460938,25000000.000
3503,2093,21.972656,25000000.000
3504,2071,11.230469,25000000.000
3505,2060,5.859375,25000000.000
3506,2049,0.488281,25000000.000
3507,2048,0.000000,25000000.000
3508,2027,-10.253906,25000000.000
3509,2016,-15.625000,25000000.000
3510,2008,-19.531250,25000000.000
3511,2006,-20.507812,25000000.000
3512,1989,-28.808594,25000000.000
3513,1985,-30.761719,25000000.000
3514,1974,-36.132812,25000000.000
3515,1974,-36.132812,25000000.000
3516,1966,-40.039062,25000000.000
3517,1967,-39.550781,25000000.000
3518,1967,-39.550781,25000000.000
3519,1967,-39.550781,25000000.000
3520,1974,-36.132812,25000000.000
3521,1980,-33.203125,25000000.000
3522,1990,-28.320312,25000000.000
3523,1991,-27.832031,25000000.000
3524,2010,-18.554688,25000000.000
3525,2022,-12.695312,25000000.000
3526,2036,-5.859375,25000000.000
3527,2035,-6.347656,25000000.000
3528,2060,5.859375,25000000.000
3529,2071,11.230469,25000000.000
3530,2083,17.089844,25000000.000
3531,2083,17.089844,25000000.000
3532,2102,26.367188,25000000.000
3533,2109,29.785156,25000000.000
3534,2117,33.691406,25000000.000
3535,2117,33.691406,25000000.000
3536,2125,37.597656,25000000.000
3537,2125,37.597656,25000000.000
3538,2124,37.109375,25000000.000
3539,2124,37.109375,25000000.000
3540,2116,33.203125,25000000.000
3541,2109,29.785156,25000000.000
3542,2101,25.878906,25000000.000
3543,2100,25.390625,25000000.000
3544,2082,16.601562,25000000.000
3545,2071,11.230469,25000000.000
3546,2060,5.859375,25000000.000
3547,2059,5.371094,25000000.000
3548,2038,-4.882812,25000000.000
3549,2027,-10.253906,25000000.000
3550,2017,-15.136719,25000000.000
3551,2015,-16.113281,25000000.000
3552,1997,-24.902344,25000000.000
3553,1988,-29.296875,25000000.000
3554,1980,-33.203125,25000000.000
3555,1980,-33.203125,25000000.000
3556,1969,-38.574219,25000000.000
3557,1967,-39.550781,25000000.000
3558,1966,-40.039062,25000000.000
3559,1965,-40.527344,25000000.000
3560,1969,-38.574219,25000000.000
3561,1975,-35.644531,25000000.000
3562,1982,-32.226562,25000000.000
3563,1983,-31.738281,25000000.000
3564,2000,-23.437500,25000000.000
3565,2013,-17.089844,25000000.000
3566,2024,-11.718750,25000000.000
3567,2026,-10.742188,25000000.000
3568,2049,0.488281,25000000.000
3569,2063,7.324219,25000000.000
3570,2074,12.695312,25000000.000
3571,2076,13.671875,25000000.000
3572,2095,22.949219,25000000.000
3573,2102,26.367188,25000000.000
3574,2108,29.296875,25000000.000
3575,2116,33.203125,25000000.000
3576,2124,37.109375,25000000.000
3577,2125,37.597656,25000000.000
3578,2125,37.597656,25000000.000
3579,2125,37.597656,25000000.000
3580,2120,35.156250,25000000.000
3581,2114,32.226562,25000000.000
3582,2108,29.296875,25000000.000
3583,2106,28.320312,25000000.000
3584,2089,20.019531,25000000.000
3585,2078,14.648438,25000000.000
3586,2068,9.765625,25000000.000
3587,2067,9.277344,25000000.000
3588,2045,-1.464844,25000000.000
3589,2034,-6.835938,25000000.000
3590,2023,-12.207031,25000000.000
3591,2022,-12.695312,25000000.000
3592,2003,-21.972656,25000000.000
3593,1995,-25.878906,25000000.000
3594,1986,-30.273438,25000000.000
3595,1985,-30.761719,25000000.000
3596,1972,-37.109375,25000000.000
3597,1969,-38.574219,25000000.000
3598,1966,-40.039062,25000000.000
3599,1967,-39.550781,25000000.000
3600,1967,-39.550781,25000000.000
3601,1971,-37.597656,25000000.000
3602,1976,-35.156250,25000000.000
3603,1977,-34.667969,25000000.000
3604,1992,-27.343750,25000000.000
3605,2002,-22.460938,25000000.000
3606,2014,-16.601562,25000000.000
3607,2016,-15.625000,25000000.000
3608,2038,-4.882812,25000000.000
3609,2050,0.976562,25000000.000
3610,2063,7.324219,25000000.000
3611,2065,8.300781,25000000.000
3612,2087,19.042969,25000000.000
3613,2097,23.925781,25000000.000
3614,2105,27.832031,25000000.000
3615,2106,28.320312,25000000.000
3616,2120,35.156250,25000000.000
3617,2125,37.597656,25000000.000
3618,2126,38.085938,25000000.000
3619,2126,38.085938,25000000.000
3620,2126,38.085938,25000000.000
3621,2121,35.644531,25000000.000
3622,2115,32.714844,25000000.000
3623,2117,33.691406,25000000.000
3624,2099,24.902344,25000000.000
3625,2089,20.019531,25000000.000
3626,2078,14.648438,25000000.000
3627,2076,13.671875,25000000.000
3628,2056,3.906250,25000000.000
3629,2044,-1.953125,25000000.000
3630,2033,-7.324219,25000000.000
3631,2031,-8.300781,25000000.000
3632,2012,-17.578125,25000000.000
3633,2002,-22.460938,25000000.000
3634,1994,-26.367188,25000000.000
3635,1992,-27.343750,25000000.000
3636,1979,-33.691406,25000000.000
3637,1975,-35.644531,25000000.000
3638,1971,-37.597656,25000000.000
3639,1970,-38.085938,25000000.000
3640,1968,-39.062500,25000000.000
3641,1970,-38.085938,25000000.000
3642,1973,-36.621094,25000000.000
3643,1973,-36.621094,25000000.000
3644,1986,-30.273438,25000000.000
3645,1995,-25.878906,25000000.000
3646,2006,-20.507812,25000000.000
3647,2007,-20.019531,25000000.000
3648,2029,-9.277344,25000000.000
3649,2041,-3.417969,25000000.000
3650,2054,2.929688,25000000.000
3651,2055,3.417969,25000000.000
3652,2076,13.671875,25000000.000
3653,2088,19.531250,25000000.000
3654,2098,24.414062,25000000.000
3655,2098,24.414062,25000000.000
3656,2115,32.714844,25000000.000
3657,2122,36.132812,25000000.000
3658,2124,37.109375,25000000.000
3659,2126,38.085938,25000000.000
3660,2128,39.062500,25000000.000
3661,2125,37.597656,25000000.000
3662,2121,35.644531,25000000.000
3663,2121,35.644531,25000000.000
3664,2108,29.296875,25000000.000
3665,2098,24.414062,25000000.000
3666,2087,19.042969,25000000.000
3667,2087,19.042969,25000000.000
3668,2066,8.789062,25000000.000
3669,2053,2.441406,25000000.000
3670,2042,-2.929688,25000000.000
3671,2042,-2.929688,25000000.000
3672,2021,-13.183594,25000000.000
3673,2010,-18.554688,25000000.000
3674,2000,-23.437500,25000000.000
3675,1999,-23.925781,25000000.000
3676,1985,-30.761719,25000000.000
3677,1978,-34.179688,25000000.000
3678,1973,-36.621094,25000000.000
3679,1972,-37.109375,25000000.000
3680,1966,-40.039062,25000000.000
3681,1966,-40.039062,25000000.000
3682,1968,-39.062500,25000000.000
3683,1970,-38.085938,25000000.000
3684,1979,-33.691406,25000000.000
3685,1986,-30.273438,25000000.000
3686,1996,-25.390625,25000000.000
3687,1997,-24.902344,25000000.000
3688,2017,-15.136719,25000000.000
3689,2030,-8.789062,25000000.000
3690,2042,-2.929688,25000000.000
3691,2044,-1.953125,25000000.000
3692,2066,8.789062,25000000.000
3693,2078,14.648438,25000000.000
3694,2088,19.531250,25000000.000
3695,2090,20.507812,25000000.000
3696,2107,28.808594,25000000.000
3697,2116,33.203125,25000000.000
3698,2121,35.644531,25000000.000
3699,2121,35.644531,25000000.000
3700,2127,38.574219,25000000.000
3701,2126,38.085938,25000000.000
3702,2125,37.597656,25000000.000
3703,2125,37.597656,25000000.000
3704,2115,32.714844,25000000.000
3705,2106,28.320312,25000000.000
3706,2096,23.437500,25000000.000
3707,2095,22.949219,25000000.000
3708,2075,13.183594,25000000.000
3709,2061,6.347656,25000000.000
3710,2050,0.976562,25000000.000
3711,2049,0.488281,25000000.000
3712,2027,-10.253906,25000000.000
3713,2017,-15.136719,25000000.000
3714,2007,-20.019531,25000000.000
3715,2005,-20.996094,25000000.000
3716,1990,-28.320312,25000000.000
3717,1982,-32.226562,25000000.000
3718,1977,-34.667969,25000000.000
3719,1976,-35.156250,25000000.000
3720,1969,-38.574219,25000000.000
3721,1968,-39.062500,25000000.000
3722,1969,-38.574219,25000000.000
3723,1969,-38.574219,25000000.000
3724,1975,-35.644531,25000000.000
3725,1980,-33.203125,25000000.000
3726,1991,-27.832031,25000000.000
3727,1990,-28.320312,25000000.000
3728,2010,-18.554688,25000000.000
3729,2022,-12.695312,25000000.000
3730,2033,-7.324219,25000000.000
3731,2034,-6.835938,25000000.000
3732,2058,4.882812,25000000.000
3733,2070,10.742188,25000000.000
3734,2080,15.625000,25000000.000
3735,2082,16.601562,25000000.000
3736,2101,25.878906,25000000.000
3737,2109,29.785156,25000000.000
3738,2115,32.714844,25000000.000
3739,2116,33.203125,25000000.000
3740,2124,37.109375,25000000.000
3741,2127,38.574219,25000000.000
3742,2127,38.574219,25000000.000
3743,2126,38.085938,25000000.000
3744,2119,34.667969,25000000.000
3745,2112,31.250000,25000000.000
3746,2104,27.343750,25000000.000
3747,2103,26.855469,25000000.000
3748,2084,17.578125,25000000.000
3749,2072,11.718750,25000000.000
3750,2060,5.859375,25000000.000
3751,2059,5.371094,25000000.000
3752,2036,-5.859375,25000000.000
3753,2025,-11.230469,25000000.000
3754,2015,-16.113281,25000000.000
3755,2013,-17.089844,25000000.000
3756,1995,-25.878906,25000000.000
3757,1987,-29.785156,25000000.000
3758,1980,-33.203125,25000000.000
3759,1979,-33.691406,25000000.000
3760,1970,-38.085938,25000000.000
3761,1967,-39.550781,25000000.000
3762,1966,-40.039062,25000000.000
3763,1966,-40.039062,25000000.000
3764,1970,-38.085938,25000000.000
3765,1974,-36.132812,25000000.000
3766,1981,-32.714844,25000000.000
3767,1982,-32.226562,25000000.000
3768,2001,-22.949219,25000000.000
3769,2011,-18.066406,25000000.000
3770,2023,-12.207031,25000000.000
3771,2025,-11.230469,25000000.000
3772,2049,0.488281,25000000.000
3773,2061,6.347656,25000000.000
3774,2071,11.230469,25000000.000
3775,2073,12.207031,25000000.000
3776,2092,21.484375,25000000.000
3777,2101,25.878906,25000000.000
3778,2109,29.785156,25000000.000
3779,2109,29.785156,25000000.000
3780,2121,35.644531,25000000.000
3781,2126,38.085938,25000000.000
3782,2127,38.574219,25000000.000
3783,2127,38.574219,25000000.000
3784,2125,37.597656,25000000.000
3785,2119,34.667969,25000000.000
3786,2110,30.273438,25000000.000
3787,2110,30.273438,25000000.000
3788,2091,20.996094,25000000.000
3789,2081,16.113281,25000000.000
3790,2068,9.765625,25000000.000
3791,2066,8.789062,25000000.000
3792,2043,-2.441406,25000000.000
3793,2032,-7.812500,25000000.000
3794,2022,-12.695312,25000000.000
3795,2020,-13.671875,25000000.000
3796,2002,-22.460938,25000000.000
3797,1993,-26.855469,25000000.000
3798,1985,-30.761719,25000000.000
3799,1984,-31.250000,25000000.000
3800,1972,-37.109375,25000000.000
3801,1969,-38.574219,25000000.000
3802,1966,-40.039062,25000000.000
3803,1965,-40.527344,25000000.000
3804,1967,-39.550781,25000000.000
3805,1970,-38.085938,25000000.000
3806,1974,-36.132812,25000000.000
3807,1976,-35.156250,25000000.000
3808,1992,-27.343750,25000000.000
3809,2002,-22.460938,25000000.000
3810,2013,-17.089844,25000000.000
3811,2015,-16.113281,25000000.000
3812,2040,-3.906250,25000000.000
3813,2053,2.441406,25000000.000
3814,2063,7.324219,25000000.000
3815,2065,8.300781,25000000.000
3816,2086,18.554688,25000000.000
3817,2096,23.437500,25000000.000
3818,2104,27.343750,25000000.000
3819,2104,27.343750,25000000.000
3820,2119,34.667969,25000000.000
3821,2123,36.621094,25000000.000
3822,2128,39.062500,25000000.000
3823,2128,39.062500,25000000.000
3824,2128,39.062500,25000000.000
3825,2125,37.597656,25000000.000
3826,2120,35.156250,25000000.000
3827,2120,35.156250,25000000.000
3828,2104,27.343750,25000000.000
3829,2092,21.484375,25000000.000
3830,2080,15.625000,25000000.000
3831,2079,15.136719,25000000.000
3832,2056,3.906250,25000000.000
3833,2045,-1.464844,25000000.000
3834,2032,-7.812500,25000000.000
3835,2032,-7.812500,25000000.000
3836,2012,-17.578125,25000000.000
3837,2003,-21.972656,25000000.000
3838,1994,-26.367188,25000000.000
3839,1993,-26.855469,25000000.000
3840,1979,-33.691406,25000000.000
3841,1973,-36.621094,25000000.000
3842,1969,-38.574219,25000000.000
3843,1970,-38.085938,25000000.000
3844,1966,-40.039062,25000000.000
3845,1967,-39.550781,25000000.000
3846,1970,-38.085938,25000000.000
3847,1971,-37.597656,25000000.000
3848,1983,-31.738281,25000000.000
3849,1992,-27.343750,25000000.000
3850,2003,-21.972656,25000000.000
3851,2004,-21.484375,25000000.000
3852,2027,-10.253906,25000000.000
3853,2040,-3.906250,25000000.000
3854,2053,2.441406,25000000.000
3855,2053,2.441406,25000000.000
3856,2075,13.183594,25000000.000
3857,2086,18.554688,25000000.000
3858,2095,22.949219,25000000.000
3859,2096,23.437500,25000000.000
3860,2114,32.226562,25000000.000
3861,2119,34.667969,25000000.000
3862,2126,38.085938,25000000.000
3863,2125,37.597656,25000000.000
3864,2129,39.550781,25000000.000
3865,2127,38.574219,25000000.000
3866,2124,37.109375,25000000.000
3867,2124,37.109375,25000000.000
3868,2111,30.761719,25000000.000
3869,2100,25.390625,25000000.000
3870,2090,20.507812,25000000.000
3871,2089,20.019531,25000000.000
3872,2067,9.277344,25000000.000
3873,2055,3.417969,25000000.000
3874,2042,-2.929688,25000000.000
3875,2042,-2.929688,25000000.000
3876,2020,-13.671875,25000000.000
3877,2010,-18.554688,25000000.000
3878,2000,-23.437500,25000000.000
3879,1998,-24.414062,25000000.000
3880,1985,-30.761719,25000000.000
3881,1978,-34.179688,25000000.000
3882,1973,-36.621094,25000000.000
3883,1974,-36.132812,25000000.000
3884,1968,-39.062500,25000000.000
3885,1967,-39.550781,25000000.000
3886,1968,-39.062500,25000000.000
3887,1969,-38.574219,25000000.000
3888,1977,-34.667969,25000000.000
3889,1985,-30.761719,25000000.000
3890,1995,-25.878906,25000000.000
3891,1996,-25.390625,25000000.000
3892,2017,-15.136719,25000000.000
3893,2029,-9.277344,25000000.000
3894,2043,-2.441406,25000000.000
3895,2044,-1.953125,25000000.000
3896,2067,9.277344,25000000.000
3897,2078,14.648438,25000000.000
3898,2089,20.019531,25000000.000
3899,2089,20.019531,25000000.000
3900,2107,28.808594,25000000.000
3901,2115,32.714844,25000000.000
3902,2122,36.132812,25000000.000
3903,2122,36.132812,25000000.000
3904,2130,40.039062,25000000.000
3905,2129,39.550781,25000000.000
3906,2128,39.062500,25000000.000
3907,2128,39.062500,25000000.000
3908,2119,34.667969,25000000.000
3909,2109,29.785156,25000000.000
3910,2100,25.390625,25000000.000
3911,2099,24.902344,25000000.000
3912,2078,14.648438,25000000.000
3913,2067,9.277344,25000000.000
3914,2052,1.953125,25000000.000
3915,2053,2.441406,25000000.000
3916,2029,-9.277344,25000000.000
3917,2019,-14.160156,25000000.000
3918,2008,-19.531250,25000000.000
3919,2005,-20.996094,25000000.000
3920,1989,-28.808594,25000000.000
3921,1982,-32.226562,25000000.000
3922,1976,-35.156250,25000000.000
3923,1974,-36.132812,25000000.000
3924,1969,-38.574219,25000000.000
3925,1965,-40.527344,25000000.000
3926,1966,-40.039062,25000000.000
3927,1967,-39.550781,25000000.000
3928,1972,-37.109375,25000000.000
3929,1977,-34.667969,25000000.000
3930,1986,-30.273438,25000000.000
3931,1985,-30.761719,25000000.000
3932,2005,-20.996094,25000000.000
3933,2017,-15.136719,25000000.000
3934,2029,-9.277344,25000000.000
3935,2030,-8.789062,25000000.000
3936,2054,2.929688,25000000.000
3937,2066,8.789062,25000000.000
3938,2078,14.648438,25000000.000
3939,2079,15.136719,25000000.000
3940,2099,24.902344,25000000.000
3941,2107,28.808594,25000000.000
3942,2114,32.226562,25000000.000
3943,2116,33.203125,25000000.000
3944,2124,37.109375,25000000.000
3945,2127,38.574219,25000000.000
3946,2128,39.062500,25000000.000
3947,2127,38.574219,25000000.000
3948,2121,35.644531,25000000.000
3949,2115,32.714844,25000000.000
3950,2106,28.320312,25000000.000
3951,2106,28.320312,25000000.000
3952,2085,18.066406,25000000.000
3953,2074,12.695312,25000000.000
3954,2061,6.347656,25000000.000
3955,2060,5.859375,25000000.000
3956,2037,-5.371094,25000000.000
3957,2026,-10.742188,25000000.000
3958,2017,-15.136719,25000000.000
3959,2015,-16.113281,25000000.000
3960,1997,-24.902344,25000000.000
3961,1989,-28.808594,25000000.000
3962,1983,-31.738281,25000000.000
3963,1981,-32.714844,25000000.000
3964,1971,-37.597656,25000000.000
3965,1969,-38.574219,25000000.000
3966,1966,-40.039062,25000000.000
3967,1966,-40.039062,25000000.000
3968,1970,-38.085938,25000000.000
3969,1973,-36.621094,25000000.000
3970,1979,-33.691406,25000000.000
3971,1978,-34.179688,25000000.000
3972,1998,-24.414062,25000000.000
3973,2006,-20.507812,25000000.000
3974,2019,-14.160156,25000000.000
3975,2021,-13.183594,25000000.000
3976,2044,-1.953125,25000000.000
3977,2057,4.394531,25000000.000
3978,2069,10.253906,25000000.000
3979,2069,10.253906,25000000.000
3980,2090,20.507812,25000000.000
3981,2099,24.902344,25000000.000
3982,2109,29.785156,25000000.000
3983,2109,29.785156,25000000.000
3984,2121,35.644531,25000000.000
3985,2126,38.085938,25000000.000
3986,2128,39.062500,25000000.000
3987,2128,39.062500,25000000.000
3988,2125,37.597656,25000000.000
3989,2121,35.644531,25000000.000
3990,2115,32.714844,25000000.000
3991,2113,31.738281,25000000.000
3992,2096,23.437500,25000000.000
3993,2084,17.578125,25000000.000
3994,2073,12.207031,25000000.000
3995,2072,11.718750,25000000.000
3996,2049,0.488281,25000000.000
3997,2037,-5.371094,25000000.000
3998,2027,-10.253906,25000000.000
3999,2024,-11.718750,25000000.000
4000,2006,-20.507812,25000000.000
4001,1997,-24.902344,25000000.000
4002,1989,-28.808594,25000000.000
4003,1988,-29.296875,25000000.000
4004,1976,-35.156250,25000000.000
4005,1972,-37.109375,25000000.000
4006,1968,-39.062500,25000000.000
4007,1969,-38.574219,25000000.000
4008,1968,-39.062500,25000000.000
4009,1970,-38.085938,25000000.000
4010,1974,-36.132812,25000000.000
4011,1975,-35.644531,25000000.000
4012,1990,-28.320312,25000000.000
4013,2000,-23.437500,25000000.000
4014,2011,-18.066406,25000000.000
4015,2012,-17.578125,25000000.000
4016,2035,-6.347656,25000000.000
4017,2047,-0.488281,25000000.000
4018,2060,5.859375,25000000.000
4019,2060,5.859375,25000000.000
4020,2083,17.089844,25000000.000
4021,2092,21.484375,25000000.000
4022,2101,25.878906,25000000.000
4023,2103,26.855469,25000000.000
4024,2117,33.691406,25000000.000
4025,2121,35.644531,25000000.000
4026,2126,38.085938,25000000.000
4027,2127,38.574219,25000000.000
4028,2128,39.062500,25000000.000
4029,2124,37.109375,25000000.000
4030,2119,34.667969,25000000.000
4031,2118,34.179688,25000000.000
4032,2103,26.855469,25000000.000
4033,2093,21.972656,25000000.000
4034,2081,16.113281,25000000.000
4035,2080,15.625000,25000000.000
4036,2060,5.859375,25000000.000
4037,2048,0.000000,25000000.000
4038,2037,-5.371094,25000000.000
4039,2035,-6.347656,25000000.000
4040,2015,-16.113281,25000000.000
4041,2006,-20.507812,25000000.000
4042,1997,-24.902344,25000000.000
4043,1996,-25.390625,25000000.000
4044,1982,-32.226562,25000000.000
4045,1975,-35.644531,25000000.000
4046,1972,-37.109375,25000000.000
4047,1971,-37.597656,25000000.000
4048,1967,-39.550781,25000000.000
4049,1968,-39.062500,25000000.000
4050,1971,-37.597656,25000000.000
4051,1972,-37.109375,25000000.000
4052,1984,-31.250000,25000000.000
4053,1993,-26.855469,25000000.000
4054,2002,-22.460938,25000000.000
4055,2003,-21.972656,25000000.000
4056,2025,-11.230469,25000000.000
4057,2038,-4.882812,25000000.000
4058,2049,0.488281,25000000.000
4059,2050,0.976562,25000000.000
4060,2072,11.718750,25000000.000
4061,2083,17.089844,25000000.000
4062,2093,21.972656,25000000.000
4063,2094,22.460938,25000000.000
4064,2109,29.785156,25000000.000
4065,2117,33.691406,25000000.000
4066,2123,36.621094,25000000.000
4067,2123,36.621094,25000000.000
4068,2128,39.062500,25000000.000
4069,2127,38.574219,25000000.000
4070,2125,37.597656,25000000.000
4071,2124,37.109375,25000000.000
4072,2112,31.250000,25000000.000
4073,2103,26.855469,25000000.000
4074,2092,21.484375,25000000.000
4075,2090,20.507812,25000000.000
4076,2068,9.765625,25000000.000
4077,2057,4.394531,25000000.000
4078,2045,-1.464844,25000000.000
4079,2044,-1.953125,25000000.000
4080,2023,-12.207031,25000000.000
4081,2012,-17.578125,25000000.000
4082,2003,-21.972656,25000000.000
4083,2002,-22.460938,25000000.000
4084,1985,-30.761719,25000000.000
4085,1980,-33.203125,25000000.000
4086,1975,-35.644531,25000000.000
4087,1974,-36.132812,25000000.000
4088,1968,-39.062500,25000000.000
4089,1967,-39.550781,25000000.000
4090,1967,-39.550781,25000000.000
4091,1968,-39.062500,25000000.000
4092,1975,-35.644531,25000000.000
4093,1982,-32.226562,25000000.000
4094,1992,-27.343750,25000000.000
4095,1992,-27.343750,25000000.000
4096,2014,-16.601562,25000000.000
4097,2026,-10.742188,25000000.000
4098,2038,-4.882812,25000000.000
4099,2040,-3.906250,25000000.000
4100,2063,7.324219,25000000.000
4101,2075,13.183594,25000000.000
4102,2086,18.554688,25000000.000
4103,2086,18.554688,25000000.000
4104,2103,26.855469,25000000.000
4105,2112,31.250000,25000000.000
4106,2118,34.179688,25000000.000
4107,2118,34.179688,25000000.000
4108,2127,38.574219,25000000.000
4109,2128,39.062500,25000000.000
4110,2127,38.574219,25000000.000
4111,2128,39.062500,25000000.000
4112,2119,34.667969,25000000.000
4113,2112,31.250000,25000000.000
4114,2102,26.367188,25000000.000
4115,2100,25.390625,25000000.000
4116,2080,15.625000,25000000.000
4117,2068,9.765625,25000000.000
4118,2055,3.417969,25000000.000
4119,2053,2.441406,25000000.000
4120,2031,-8.300781,25000000.000
4121,2020,-13.671875,25000000.000
4122,2008,-19.531250,25000000.000
4123,2008,-19.531250,25000000.000
4124,1992,-27.343750,25000000.000
4125,1984,-31.250000,25000000.000
4126,1978,-34.179688,25000000.000
4127,1978,-34.179688,25000000.000
4128,1970,-38.085938,25000000.000
4129,1967,-39.550781,25000000.000
4130,1967,-39.550781,25000000.000
4131,1966,-40.039062,25000000.000
4132,1971,-37.597656,25000000.000
4133,1977,-34.667969,25000000.000
4134,1984,-31.250000,25000000.000
4135,1985,-30.761719,25000000.000
4136,2005,-20.996094,25000000.000
4137,2016,-15.625000,25000000.000
4138,2027,-10.253906,25000000.000
4139,2028,-9.765625,25000000.000
4140,2053,2.441406,25000000.000
4141,2064,7.812500,25000000.000
4142,2076,13.671875,25000000.000
4143,2076,13.671875,25000000.000
4144,2096,23.437500,25000000.000
4145,2104,27.343750,25000000.000
4146,2112,31.250000,25000000.000
4147,2113,31.738281,25000000.000
4148,2124,37.109375,25000000.000
4149,2126,38.085938,25000000.000
4150,2128,39.062500,25000000.000
4151,2128,39.062500,25000000.000
4152,2124,37.109375,25000000.000
4153,2117,33.691406,25000000.000
4154,2110,30.273438,25000000.000
4155,2110,30.273438,25000000.000
4156,2091,20.996094,25000000.000
4157,2076,13.671875,25000000.000
4158,2065,8.300781,25000000.000
4159,2065,8.300781,25000000.000
4160,2041,-3.417969,25000000.000
4161,2029,-9.277344,25000000.000
4162,2019,-14.160156,25000000.000
4163,2017,-15.136719,25000000.000
4164,1999,-23.925781,25000000.000
4165,1990,-28.320312,25000000.000
4166,1983,-31.738281,25000000.000
4167,1982,-32.226562,25000000.000
4168,1973,-36.621094,25000000.000
4169,1968,-39.062500,25000000.000
4170,1966,-40.039062,25000000.000
4171,1967,-39.550781,25000000.000
4172,1967,-39.550781,25000000.000
4173,1972,-37.109375,25000000.000
4174,1978,-34.179688,25000000.000
4175,1978,-34.179688,25000000.000
4176,1995,-25.878906,25000000.000
4177,2006,-20.507812,25000000.000
4178,2019,-14.160156,25000000.000
4179,2018,-14.648438,25000000.000
4180,2043,-2.441406,25000000.000
4181,2054,2.929688,25000000.000
4182,2066,8.789062,25000000.000
4183,2067,9.277344,25000000.000
4184,2087,19.042969,25000000.000
4185,2096,23.437500,25000000.000
4186,2105,27.832031,25000000.000
4187,2106,28.320312,25000000.000
4188,2119,34.667969,25000000.000
4189,2124,37.109375,25000000.000
4190,2127,38.574219,25000000.000
4191,2127,38.574219,25000000.000
4192,2126,38.085938,25000000.000
4193,2122,36.132812,25000000.000
4194,2116,33.203125,25000000.000
4195,2115,32.714844,25000000.000
4196,2100,25.390625,25000000.000
4197,2090,20.507812,25000000.000
4198,2077,14.160156,25000000.000
4199,2074,12.695312,25000000.000
4200,2052,1.953125,25000000.000
4201,2039,-4.394531,25000000.000
4202,2028,-9.765625,25000000.000
4203,2026,-10.742188,25000000.000
4204,2007,-20.019531,25000000.000
4205,1998,-24.414062,25000000.000
4206,1991,-27.832031,25000000.000
4207,1989,-28.808594,25000000.000
4208,1977,-34.667969,25000000.000
4209,1971,-37.597656,25000000.000
4210,1968,-39.062500,25000000.000
4211,1969,-38.574219,25000000.000
4212,1967,-39.550781,25000000.000
4213,1968,-39.062500,25000000.000
4214,1973,-36.621094,25000000.000
4215,1973,-36.621094,25000000.000
4216,1988,-29.296875,25000000.000
4217,1998,-24.414062,25000000.000
4218,2010,-18.554688,25000000.000
4219,2010,-18.554688,25000000.000
4220,2033,-7.324219,25000000.000
4221,2046,-0.976562,25000000.000
4222,2058,4.882812,25000000.000
4223,2058,4.882812,25000000.000
4224,2080,15.625000,25000000.000
4225,2090,20.507812,25000000.000
4226,2099,24.902344,25000000.000
4227,2099,24.902344,25000000.000
4228,2114,32.226562,25000000.000
4229,2120,35.156250,25000000.000
4230,2125,37.597656,25000000.000
4231,2126,38.085938,25000000.000
4232,2128,39.062500,25000000.000
4233,2128,39.062500,25000000.000
4234,2123,36.621094,25000000.000
4235,2123,36.621094,25000000.000
4236,2108,29.296875,25000000.000
4237,2098,24.414062,25000000.000
4238,2086,18.554688,25000000.000
4239,2085,18.066406,25000000.000
4240,2061,6.347656,25000000.000
4241,2049,0.488281,25000000.000
4242,2037,-5.371094,25000000.000
4243,2036,-5.859375,25000000.000
4244,2014,-16.601562,25000000.000
4245,2006,-20.507812,25000000.000
4246,1998,-24.414062,25000000.000
4247,1996,-25.390625,25000000.000
4248,1982,-32.226562,25000000.000
4249,1977,-34.667969,25000000.000
4250,1972,-37.109375,25000000.000
4251,1971,-37.597656,25000000.000
4252,1968,-39.062500,25000000.000
4253,1969,-38.574219,25000000.000
4254,1971,-37.597656,25000000.000
4255,1971,-37.597656,25000000.000
4256,1981,-32.714844,25000000.000
4257,1989,-28.808594,25000000.000
4258,2000,-23.437500,25000000.000
4259,2000,-23.437500,25000000.000
4260,2023,-12.207031,25000000.000
4261,2036,-5.859375,25000000.000
4262,2048,0.000000,25000000.000
4263,2050,0.976562,25000000.000
4264,2072,11.718750,25000000.000
4265,2083,17.089844,25000000.000
4266,2094,22.460938,25000000.000
4267,2094,22.460938,25000000.000
4268,2110,30.273438,25000000.000
4269,2117,33.691406,25000000.000
4270,2123,36.621094,25000000.000
4271,2121,35.644531,25000000.000
4272,2128,39.062500,25000000.000
4273,2126,38.085938,25000000.000
4274,2127,38.574219,25000000.000
4275,2126,38.085938,25000000.000
4276,2117,33.691406,25000000.000
4277,2107,28.808594,25000000.000
4278,2097,23.925781,25000000.000
4279,2096,23.437500,25000000.000
4280,2073,12.207031,25000000.000
4281,2060,5.859375,25000000.000
4282,2047,-0.488281,25000000.000
4283,2046,-0.976562,25000000.000
4284,2023,-12.207031,25000000.000
4285,2012,-17.578125,25000000.000
4286,2003,-21.972656,25000000.000
4287,2002,-22.460938,25000000.000
4288,1986,-30.273438,25000000.000
4289,1980,-33.203125,25000000.000
4290,1974,-36.132812,25000000.000
4291,1974,-36.132812,25000000.000
4292,1969,-38.574219,25000000.000
4293,1968,-39.062500,25000000.000
4294,1969,-38.574219,25000000.000
4295,1968,-39.062500,25000000.000
4296,1975,-35.644531,25000000.000
4297,1981,-32.714844,25000000.000
4298,1989,-28.808594,25000000.000
4299,1988,-29.296875,25000000.000
4300,2008,-19.531250,25000000.000
4301,2021,-13.183594,25000000.000
4302,2033,-7.324219,25000000.000
4303,2034,-6.835938,25000000.000
4304,2059,5.371094,25000000.000
4305,2070,10.742188,25000000.000
4306,2081,16.113281,25000000.000
4307,2083,17.089844,25000000.000
4308,2101,25.878906,25000000.000
4309,2109,29.785156,25000000.000
4310,2116,33.203125,25000000.000
4311,2116,33.203125,25000000.000
4312,2126,38.085938,25000000.000
4313,2126,38.085938,25000000.000
4314,2126,38.085938,25000000.000
4315,2126,38.085938,25000000.000
4316,2118,34.179688,25000000.000
4317,2112,31.250000,25000000.000
4318,2104,27.343750,25000000.000
4319,2102,26.367188,25000000.000
4320,2083,17.089844,25000000.000
4321,2070,10.742188,25000000.000
4322,2056,3.906250,25000000.000
4323,2058,4.882812,25000000.000
4324,2034,-6.835938,25000000.000
4325,2022,-12.695312,25000000.000
4326,2013,-17.089844,25000000.000
4327,2012,-17.578125,25000000.000
4328,1993,-26.855469,25000000.000
4329,1986,-30.273438,25000000.000
4330,1980,-33.203125,25000000.000
4331,1979,-33.691406,25000000.000
4332,1970,-38.085938,25000000.000
4333,1968,-39.062500,25000000.000
4334,1966,-40.039062,25000000.000
4335,1968,-39.062500,25000000.000
4336,1971,-37.597656,25000000.000
4337,1976,-35.156250,25000000.000
4338,1982,-32.226562,25000000.000
4339,1983,-31.738281,25000000.000
4340,2000,-23.437500,25000000.000
4341,2011,-18.066406,25000000.000
4342,2022,-12.695312,25000000.000
4343,2024,-11.718750,25000000.000
4344,2047,-0.488281,25000000.000
4345,2060,5.859375,25000000.000
4346,2072,11.718750,25000000.000
4347,2074,12.695312,25000000.000
4348,2094,22.460938,25000000.000
4349,2102,26.367188,25000000.000
4350,2111,30.761719,25000000.000
4351,2112,31.250000,25000000.000
4352,2122,36.132812,25000000.000
4353,2126,38.085938,25000000.000
4354,2127,38.574219,25000000.000
4355,2127,38.574219,25000000.000
4356,2123,36.621094,25000000.000
4357,2118,34.179688,25000000.000
4358,2111,30.761719,25000000.000
4359,2110,30.273438,25000000.000
4360,2092,21.484375,25000000.000
4361,2080,15.625000,25000000.000
4362,2068,9.765625,25000000.000
4363,2067,9.277344,25000000.000
4364,2043,-2.441406,25000000.000
4365,2032,-7.812500,25000000.000
4366,2021,-13.183594,25000000.000
4367,2020,-13.671875,25000000.000
4368,2000,-23.437500,25000000.000
4369,1993,-26.855469,25000000.000
4370,1984,-31.250000,25000000.000
4371,1983,-31.738281,25000000.000
4372,1973,-36.621094,25000000.000
4373,1971,-37.597656,25000000.000
4374,1969,-38.574219,25000000.000
4375,1968,-39.062500,25000000.000
4376,1969,-38.574219,25000000.000
4377,1973,-36.621094,25000000.000
4378,1979,-33.691406,25000000.000
4379,1978,-34.179688,25000000.000
4380,1993,-26.855469,25000000.000
4381,2003,-21.972656,25000000.000
4382,2015,-16.113281,25000000.000
4383,2017,-15.136719,25000000.000
4384,2039,-4.394531,25000000.000
4385,2052,1.953125,25000000.000
4386,2064,7.812500,25000000.000
4387,2065,8.300781,25000000.000
4388,2086,18.554688,25000000.000
4389,2096,23.437500,25000000.000
4390,2105,27.832031,25000000.000
4391,2106,28.320312,25000000.000
4392,2119,34.667969,25000000.000
4393,2124,37.109375,25000000.000
4394,2126,38.085938,25000000.000
4395,2127,38.574219,25000000.000
4396,2127,38.574219,25000000.000
4397,2123,36.621094,25000000.000
4398,2118,34.179688,25000000.000
4399,2117,33.691406,25000000.000
4400,2101,25.878906,25000000.000
4401,2090,20.507812,25000000.000
4402,2079,15.136719,25000000.000
4403,2077,14.160156,25000000.000
4404,2053,2.441406,25000000.000
4405,2041,-3.417969,25000000.000
4406,2030,-8.789062,25000000.000
4407,2028,-9.765625,25000000.000
4408,2008,-19.531250,25000000.000
4409,1999,-23.925781,25000000.000
4410,1991,-27.832031,25000000.000
4411,1989,-28.808594,25000000.000
4412,1978,-34.179688,25000000.000
4413,1973,-36.621094,25000000.000
4414,1971,-37.597656,25000000.000
4415,1970,-38.085938,25000000.000
4416,1968,-39.062500,25000000.000
4417,1970,-38.085938,25000000.000
4418,1973,-36.621094,25000000.000
4419,1974,-36.132812,25000000.000
4420,1986,-30.273438,25000000.000
4421,1996,-25.390625,25000000.000
4422,2007,-20.019531,25000000.000
4423,2008,-19.531250,25000000.000
4424,2031,-8.300781,25000000.000
4425,2044,-1.953125,25000000.000
4426,2056,3.906250,25000000.000
4427,2057,4.394531,25000000.000
4428,2078,14.648438,25000000.000
4429,2088,19.531250,25000000.000
4430,2098,24.414062,25000000.000
4431,2098,24.414062,25000000.000
4432,2113,31.738281,25000000.000
4433,2120,35.156250,25000000.000
4434,2124,37.109375,25000000.000
4435,2125,37.597656,25000000.000
4436,2128,39.062500,25000000.000
4437,2128,39.062500,25000000.000
4438,2124,37.109375,25000000.000
4439,2122,36.132812,25000000.000
4440,2110,30.273438,25000000.000
4441,2100,25.390625,25000000.000
4442,2090,20.507812,25000000.000
4443,2087,19.042969,25000000.000
4444,2064,7.812500,25000000.000
4445,2052,1.953125,25000000.000
4446,2039,-4.394531,25000000.000
4447,2038,-4.882812,25000000.000
4448,2016,-15.625000,25000000.000
4449,2007,-20.019531,25000000.000
4450,1997,-24.902344,25000000.000
4451,1997,-24.902344,25000000.000
4452,1985,-30.761719,25000000.000
4453,1978,-34.179688,25000000.000
4454,1973,-36.621094,25000000.000
4455,1973,-36.621094,25000000.000
4456,1968,-39.062500,25000000.000
4457,1969,-38.574219,25000000.000
4458,1970,-38.085938,25000000.000
4459,1970,-38.085938,25000000.000
4460,1980,-33.203125,25000000.000
4461,1988,-29.296875,25000000.000
4462,1996,-25.390625,25000000.000
4463,1998,-24.414062,25000000.000
4464,2020,-13.671875,25000000.000
4465,2033,-7.324219,25000000.000
4466,2046,-0.976562,25000000.000
4467,2047,-0.488281,25000000.000
4468,2069,10.253906,25000000.000
4469,2080,15.625000,25000000.000
4470,2088,19.531250,25000000.000
4471,2089,20.019531,25000000.000
4472,2106,28.320312,25000000.000
4473,2113,31.738281,25000000.000
4474,2119,34.667969,25000000.000
4475,2118,34.179688,25000000.000
4476,2127,38.574219,25000000.000
4477,2127,38.574219,25000000.000
4478,2126,38.085938,25000000.000
4479,2126,38.085938,25000000.000
4480,2117,33.691406,25000000.000
4481,2109,29.785156,25000000.000
4482,2099,24.902344,25000000.000
4483,2098,24.414062,25000000.000
4484,2075,13.183594,25000000.000
4485,2062,6.835938,25000000.000
4486,2048,0.000000,25000000.000
4487,2048,0.000000,25000000.000
4488,2026,-10.742188,25000000.000
4489,2015,-16.113281,25000000.000
4490,2006,-20.507812,25000000.000
4491,2004,-21.484375,25000000.000
4492,1989,-28.808594,25000000.000
4493,1982,-32.226562,25000000.000
4494,1978,-34.179688,25000000.000
4495,1976,-35.156250,25000000.000
4496,1969,-38.574219,25000000.000
4497,1968,-39.062500,25000000.000
4498,1967,-39.550781,25000000.000
4499,1968,-39.062500,25000000.000
4500,1973,-36.621094,25000000.000
4501,1980,-33.203125,25000000.000
4502,1987,-29.785156,25000000.000
4503,1989,-28.808594,25000000.000
4504,2008,-19.531250,25000000.000
4505,2020,-13.671875,25000000.000
4506,2033,-7.324219,25000000.000
4507,2034,-6.835938,25000000.000
4508,2057,4.394531,25000000.000
4509,2069,10.253906,25000000.000
4510,2080,15.625000,25000000.000
4511,2081,16.113281,25000000.000
4512,2098,24.414062,25000000.000
4513,2107,28.808594,25000000.000
4514,2113,31.738281,25000000.000
4515,2113,31.738281,25000000.000
4516,2123,36.621094,25000000.000
4517,2126,38.085938,25000000.000
4518,2127,38.574219,25000000.000
4519,2126,38.085938,25000000.000
4520,2121,35.644531,25000000.000
4521,2115,32.714844,25000000.000
4522,2107,28.808594,25000000.000
4523,2105,27.832031,25000000.000
4524,2085,18.066406,25000000.000
4525,2072,11.718750,25000000.000
4526,2059,5.371094,25000000.000
4527,2058,4.882812,25000000.000
4528,2035,-6.347656,25000000.000
4529,2023,-12.207031,25000000.000
4530,2013,-17.089844,25000000.000
4531,2011,-18.066406,25000000.000
4532,1994,-26.367188,25000000.000
4533,1987,-29.785156,25000000.000
4534,1980,-33.203125,25000000.000
4535,1979,-33.691406,25000000.000
4536,1971,-37.597656,25000000.000
4537,1968,-39.062500,25000000.000
4538,1967,-39.550781,25000000.000
4539,1967,-39.550781,25000000.000
4540,1970,-38.085938,25000000.000
4541,1973,-36.621094,25000000.000
4542,1980,-33.203125,25000000.000
4543,1982,-32.226562,25000000.000
4544,1999,-23.925781,25000000.000
4545,2011,-18.066406,25000000.000
4546,2024,-11.718750,25000000.000
4547,2025,-11.230469,25000000.000
4548,2048,0.000000,25000000.000
4549,2061,6.347656,25000000.000
4550,2072,11.718750,25000000.000
4551,2073,12.207031,25000000.000
4552,2091,20.996094,25000000.000
4553,2099,24.902344,25000000.000
4554,2107,28.808594,25000000.000
4555,2108,29.296875,25000000.000
4556,2121,35.644531,25000000.000
4557,2125,37.597656,25000000.000
4558,2127,38.574219,25000000.000
4559,2126,38.085938,25000000.000
4560,2126,38.085938,25000000.000
4561,2121,35.644531,25000000.000
4562,2115,32.714844,25000000.000
4563,2114,32.226562,25000000.000
4564,2095,22.949219,25000000.000
4565,2083,17.089844,25000000.000
4566,2071,11.230469,25000000.000
4567,2069,10.253906,25000000.000
4568,2045,-1.464844,25000000.000
4569,2032,-7.812500,25000000.000
4570,2020,-13.671875,25000000.000
4571,2020,-13.671875,25000000.000
4572,2000,-23.437500,25000000.000
4573,1993,-26.855469,25000000.000
4574,1986,-30.273438,25000000.000
4575,1984,-31.250000,25000000.000
4576,1975,-35.644531,25000000.000
4577,1972,-37.109375,25000000.000
4578,1969,-38.574219,25000000.000
4579,1969,-38.574219,25000000.000
4580,1969,-38.574219,25000000.000
4581,1971,-37.597656,25000000.000
4582,1976,-35.156250,25000000.000
4583,1977,-34.667969,25000000.000
4584,1991,-27.832031,25000000.000
4585,2001,-22.949219,25000000.000
4586,2013,-17.089844,25000000.000
4587,2014,-16.601562,25000000.000
4588,2038,-4.882812,25000000.000
4589,2050,0.976562,25000000.000
4590,2062,6.835938,25000000.000
4591,2063,7.324219,25000000.000
4592,2084,17.578125,25000000.000
4593,2093,21.972656,25000000.000
4594,2102,26.367188,25000000.000
4595,2102,26.367188,25000000.000
4596,2116,33.203125,25000000.000
4597,2121,35.644531,25000000.000
4598,2125,37.597656,25000000.000
4599,2125,37.597656,25000000.000
4600,2127,38.574219,25000000.000
4601,2125,37.597656,25000000.000
4602,2120,35.156250,25000000.000
4603,2120,35.156250,25000000.000
4604,2105,27.832031,25000000.000
4605,2095,22.949219,25000000.000
4606,2083,17.089844,25000000.000
4607,2081,16.113281,25000000.000
4608,2058,4.882812,25000000.000
4609,2045,-1.464844,25000000.000
4610,2033,-7.324219,25000000.000
4611,2032,-7.812500,25000000.000
4612,2011,-18.066406,25000000.000
4613,2001,-22.949219,25000000.000
4614,1992,-27.343750,25000000.000
4615,1992,-27.343750,25000000.000
4616,1980,-33.203125,25000000.000
4617,1975,-35.644531,25000000.000
4618,1972,-37.109375,25000000.000
4619,1973,-36.621094,25000000.000
4620,1968,-39.062500,25000000.000
4621,1967,-39.550781,25000000.000
4622,1974,-36.132812,25000000.000
4623,1973,-36.621094,25000000.000
4624,1985,-30.761719,25000000.000
4625,1993,-26.855469,25000000.000
4626,2004,-21.484375,25000000.000
4627,2004,-21.484375,25000000.000
4628,2026,-10.742188,25000000.000
4629,2039,-4.394531,25000000.000
4630,2051,1.464844,25000000.000
4631,2052,1.953125,25000000.000
4632,2074,12.695312,25000000.000
4633,2085,18.066406,25000000.000
4634,2094,22.460938,25000000.000
4635,2096,23.437500,25000000.000
4636,2109,29.785156,25000000.000
4637,2116,33.203125,25000000.000
4638,2122,36.132812,25000000.000
4639,2124,37.109375,25000000.000
4640,2125,37.597656,25000000.000
4641,2125,37.597656,25000000.000
4642,2124,37.109375,25000000.000
4643,2122,36.132812,25000000.000
4644,2111,30.761719,25000000.000
4645,2102,26.367188,25000000.000
4646,2092,21.484375,25000000.000
4647,2090,20.507812,25000000.000
4648,2068,9.765625,25000000.000
4649,2057,4.394531,25000000.000
4650,2043,-2.441406,25000000.000
4651,2043,-2.441406,25000000.000
4652,2021,-13.183594,25000000.000
4653,2010,-18.554688,25000000.000
4654,2000,-23.437500,25000000.000
4655,2000,-23.437500,25000000.000
4656,1985,-30.761719,25000000.000
4657,1980,-33.203125,25000000.000
4658,1974,-36.132812,25000000.000
4659,1974,-36.132812,25000000.000
4660,1970,-38.085938,25000000.000
4661,1970,-38.085938,25000000.000
4662,1972,-37.109375,25000000.000
4663,1971,-37.597656,25000000.000
4664,1979,-33.691406,25000000.000
4665,1984,-31.250000,25000000.000
4666,1994,-26.367188,25000000.000
4667,1996,-25.390625,25000000.000
4668,2016,-15.625000,25000000.000
4669,2030,-8.789062,25000000.000
4670,2040,-3.906250,25000000.000
4671,2042,-2.929688,25000000.000
4672,2065,8.300781,25000000.000
4673,2077,14.160156,25000000.000
4674,2087,19.042969,25000000.000
4675,2087,19.042969,25000000.000
4676,2105,27.832031,25000000.000
4677,2112,31.250000,25000000.000
4678,2119,34.667969,25000000.000
4679,2119,34.667969,25000000.000
4680,2126,38.085938,25000000.000
4681,2127,38.574219,25000000.000
4682,2127,38.574219,25000000.000
4683,2126,38.085938,25000000.000
4684,2118,34.179688,25000000.000
4685,2112,31.250000,25000000.000
4686,2102,26.367188,25000000.000
4687,2101,25.878906,25000000.000
4688,2078,14.648438,25000000.000
4689,2065,8.300781,25000000.000
4690,2053,2.441406,25000000.000
4691,2052,1.953125,25000000.000
4692,2030,-8.789062,25000000.000
4693,2018,-14.648438,25000000.000
4694,2008,-19.531250,25000000.000
4695,2007,-20.019531,25000000.000
4696,1990,-28.320312,25000000.000
4697,1984,-31.250000,25000000.000
4698,1978,-34.179688,25000000.000
4699,1977,-34.667969,25000000.000
4700,1970,-38.085938,25000000.000
4701,1969,-38.574219,25000000.000
4702,1970,-38.085938,25000000.000
4703,1969,-38.574219,25000000.000
4704,1975,-35.644531,25000000.000
4705,1980,-33.203125,25000000.000
4706,1987,-29.785156,25000000.000
4707,1986,-30.273438,25000000.000
4708,2004,-21.484375,25000000.000
4709,2017,-15.136719,25000000.000
4710,2027,-10.253906,25000000.000
4711,2029,-9.277344,25000000.000
4712,2052,1.953125,25000000.000
4713,2064,7.812500,25000000.000
4714,2076,13.671875,25000000.000
4715,2076,13.671875,25000000.000
4716,2096,23.437500,25000000.000
4717,2105,27.832031,25000000.000
4718,2113,31.738281,25000000.000
4719,2113,31.738281,25000000.000
4720,2123,36.621094,25000000.000
4721,2125,37.597656,25000000.000
4722,2126,38.085938,25000000.000
4723,2127,38.574219,25000000.000
4724,2123,36.621094,25000000.000
4725,2116,33.203125,25000000.000
4726,2108,29.296875,25000000.000
4727,2109,29.785156,25000000.000
4728,2084,17.578125,25000000.000
4729,2080,15.625000,25000000.000
4730,2062,6.835938,25000000.000
4731,2060,5.859375,25000000.000
4732,2038,-4.882812,25000000.000
4733,2028,-9.765625,25000000.000
4734,2017,-15.136719,25000000.000
4735,2015,-16.113281,25000000.000
4736,1997,-24.902344,25000000.000
4737,1990,-28.320312,25000000.000
4738,1983,-31.738281,25000000.000
4739,1982,-32.226562,25000000.000
4740,1973,-36.621094,25000000.000
4741,1970,-38.085938,25000000.000
4742,1970,-38.085938,25000000.000
4743,1969,-38.574219,25000000.000
4744,1971,-37.597656,25000000.000
4745,1974,-36.132812,25000000.000
4746,1979,-33.691406,25000000.000
4747,1980,-33.203125,25000000.000
4748,1995,-25.878906,25000000.000
4749,2005,-20.996094,25000000.000
4750,2016,-15.625000,25000000.000
4751,2017,-15.136719,25000000.000
4752,2041,-3.417969,25000000.000
4753,2054,2.929688,25000000.000
4754,2066,8.789062,25000000.000
4755,2066,8.789062,25000000.000
4756,2088,19.531250,25000000.000
4757,2097,23.925781,25000000.000
4758,2107,28.808594,25000000.000
4759,2108,29.296875,25000000.000
4760,2119,34.667969,25000000.000
4761,2124,37.109375,25000000.000
4762,2126,38.085938,25000000.000
4763,2126,38.085938,25000000.000
4764,2125,37.597656,25000000.000
4765,2122,36.132812,25000000.000
4766,2116,33.203125,25000000.000
4767,2116,33.203125,25000000.000
4768,2098,24.414062,25000000.000
4769,2088,19.531250,25000000.000
4770,2075,13.183594,25000000.000
4771,2074,12.695312,25000000.000
4772,2050,0.976562,25000000.000
4773,2038,-4.882812,25000000.000
4774,2026,-10.742188,25000000.000
4775,2025,-11.230469,25000000.000
4776,2005,-20.996094,25000000.000
4777,1996,-25.390625,25000000.000
4778,1989,-28.808594,25000000.000
4779,1988,-29.296875,25000000.000
4780,1977,-34.667969,25000000.000
4781,1974,-36.132812,25000000.000
4782,1971,-37.597656,25000000.000
4783,1970,-38.085938,25000000.000
4784,1970,-38.085938,25000000.000
4785,1972,-37.109375,25000000.000
4786,1976,-35.156250,25000000.000
4787,1976,-35.156250,25000000.000
4788,1988,-29.296875,25000000.000
4789,1998,-24.414062,25000000.000
4790,2008,-19.531250,25000000.000
4791,2008,-19.531250,25000000.000
4792,2032,-7.812500,25000000.000
4793,2045,-1.464844,25000000.000
4794,2057,4.394531,25000000.000
4795,2057,4.394531,25000000.000
4796,2080,15.625000,25000000.000
4797,2090,20.507812,25000000.000
4798,2101,25.878906,25000000.000
4799,2100,25.390625,25000000.000
4800,2115,32.714844,25000000.000
4801,2120,35.156250,25000000.000
4802,2124,37.109375,25000000.000
4803,2124,37.109375,25000000.000
4804,2127,38.574219,25000000.000
4805,2125,37.597656,25000000.000
4806,2122,36.132812,25000000.000
4807,2121,35.644531,25000000.000
4808,2108,29.296875,25000000.000
4809,2097,23.925781,25000000.000
4810,2086,18.554688,25000000.000
4811,2085,18.066406,25000000.000
4812,2060,5.859375,25000000.000
4813,2048,0.000000,25000000.000
4814,2036,-5.859375,25000000.000
4815,2035,-6.347656,25000000.000
4816,2013,-17.089844,25000000.000
4817,2005,-20.996094,25000000.000
4818,1995,-25.878906,25000000.000
4819,1994,-26.367188,25000000.000
4820,1982,-32.226562,25000000.000
4821,1976,-35.156250,25000000.000
4822,1973,-36.621094,25000000.000
4823,1972,-37.109375,25000000.000
4824,1970,-38.085938,25000000.000
4825,1970,-38.085938,25000000.000
4826,1973,-36.621094,25000000.000
4827,1973,-36.621094,25000000.000
4828,1982,-32.226562,25000000.000
4829,1990,-28.320312,25000000.000
4830,2001,-22.949219,25000000.000
4831,2002,-22.460938,25000000.000
4832,2023,-12.207031,25000000.000
4833,2035,-6.347656,25000000.000
4834,2047,-0.488281,25000000.000
4835,2049,0.488281,25000000.000
4836,2072,11.718750,25000000.000
4837,2082,16.601562,25000000.000
4838,2092,21.484375,25000000.000
4839,2092,21.484375,25000000.000
4840,2109,29.785156,25000000.000
4841,2114,32.226562,25000000.000
4842,2121,35.644531,25000000.000
4843,2121,35.644531,25000000.000
4844,2126,38.085938,25000000.000
4845,2126,38.085938,25000000.000
4846,2124,37.109375,25000000.000
4847,2124,37.109375,25000000.000
4848,2113,31.738281,25000000.000
4849,2105,27.832031,25000000.000
4850,2095,22.949219,25000000.000
4851,2094,22.460938,25000000.000
4852,2071,11.230469,25000000.000
4853,2058,4.882812,25000000.000
4854,2046,-0.976562,25000000.000
4855,2045,-1.464844,25000000.000
4856,2024,-11.718750,25000000.000
4857,2013,-17.089844,25000000.000
4858,2004,-21.484375,25000000.000
4859,2001,-22.949219,25000000.000
4860,1987,-29.785156,25000000.000
4861,1981,-32.714844,25000000.000
4862,1976,-35.156250,25000000.000
4863,1976,-35.156250,25000000.000
4864,1970,-38.085938,25000000.000
4865,1968,-39.062500,25000000.000
4866,1970,-38.085938,25000000.000
4867,1970,-38.085938,25000000.000
4868,1977,-34.667969,25000000.000
4869,1983,-31.738281,25000000.000
4870,1990,-28.320312,25000000.000
4871,1992,-27.343750,25000000.000
4872,2012,-17.578125,25000000.000
4873,2024,-11.718750,25000000.000
4874,2037,-5.371094,25000000.000
4875,2038,-4.882812,25000000.000
4876,2062,6.835938,25000000.000
4877,2074,12.695312,25000000.000
4878,2084,17.578125,25000000.000
4879,2085,18.066406,25000000.000
4880,2103,26.855469,25000000.000
4881,2109,29.785156,25000000.000
4882,2115,32.714844,25000000.000
4883,2117,33.691406,25000000.000
4884,2125,37.597656,25000000.000
4885,2127,38.574219,25000000.000
4886,2127,38.574219,25000000.000
4887,2126,38.085938,25000000.000
4888,2120,35.156250,25000000.000
4889,2113,31.738281,25000000.000
4890,2104,27.343750,25000000.000
4891,2103,26.855469,25000000.000
4892,2082,16.601562,25000000.000
4893,2069,10.253906,25000000.000
4894,2055,3.417969,25000000.000
4895,2056,3.906250,25000000.000
4896,2031,-8.300781,25000000.000
4897,2020,-13.671875,25000000.000
4898,2009,-19.042969,25000000.000
4899,2009,-19.042969,25000000.000
4900,1991,-27.832031,25000000.000
4901,1984,-31.250000,25000000.000
4902,1979,-33.691406,25000000.000
4903,1978,-34.179688,25000000.000
4904,1971,-37.597656,25000000.000
4905,1969,-38.574219,25000000.000
4906,1969,-38.574219,25000000.000
4907,1967,-39.550781,25000000.000
4908,1973,-36.621094,25000000.000
4909,1977,-34.667969,25000000.000
4910,1983,-31.738281,25000000.000
4911,1984,-31.250000,25000000.000
4912,2003,-21.972656,25000000.000
4913,2014,-16.601562,25000000.000
4914,2027,-10.253906,25000000.000
4915,2028,-9.765625,25000000.000
4916,2051,1.464844,25000000.000
4917,2063,7.324219,25000000.000
4918,2077,14.160156,25000000.000
4919,2076,13.671875,25000000.000
4920,2093,21.972656,25000000.000
4921,2101,25.878906,25000000.000
4922,2110,30.273438,25000000.000
4923,2111,30.761719,25000000.000
4924,2121,35.644531,25000000.000
4925,2124,37.109375,25000000.000
4926,2127,38.574219,25000000.000
4927,2127,38.574219,25000000.000
4928,2124,37.109375,25000000.000
4929,2119,34.667969,25000000.000
4930,2112,31.250000,25000000.000
4931,2111,30.761719,25000000.000
4932,2093,21.972656,25000000.000
4933,2080,15.625000,25000000.000
4934,2069,10.253906,25000000.000
4935,2065,8.300781,25000000.000
4936,2043,-2.441406,25000000.000
4937,2031,-8.300781,25000000.000
4938,2019,-14.160156,25000000.000
4939,2018,-14.648438,25000000.000
4940,1999,-23.925781,25000000.000
4941,1990,-28.320312,25000000.000
4942,1983,-31.738281,25000000.000
4943,1982,-32.226562,25000000.000
4944,1974,-36.132812,25000000.000
4945,1971,-37.597656,25000000.000
4946,1969,-38.574219,25000000.000
4947,1969,-38.574219,25000000.000
4948,1970,-38.085938,25000000.000
4949,1974,-36.132812,25000000.000
4950,1979,-33.691406,25000000.000
4951,1978,-34.179688,25000000.000
4952,1994,-26.367188,25000000.000
4953,2005,-20.996094,25000000.000
4954,2016,-15.625000,25000000.000
4955,2016,-15.625000,25000000.000
4956,2041,-3.417969,25000000.000
4957,2053,2.441406,25000000.000
4958,2064,7.812500,25000000.000
4959,2067,9.277344,25000000.000
4960,2086,18.554688,25000000.000
4961,2097,23.925781,25000000.000
4962,2104,27.343750,25000000.000
4963,2105,27.832031,25000000.000
4964,2116,33.203125,25000000.000
4965,2121,35.644531,25000000.000
4966,2124,37.109375,25000000.000
4967,2125,37.597656,25000000.000
4968,2121,35.644531,25000000.000
4969,2117,33.691406,25000000.000
4970,2118,34.179688,25000000.000
4971,2115,32.714844,25000000.000
4972,2101,25.878906,25000000.000
4973,2091,20.996094,25000000.000
4974,2079,15.136719,25000000.000
4975,2078,14.648438,25000000.000
4976,2053,2.441406,25000000.000
4977,2040,-3.906250,25000000.000
4978,2030,-8.789062,25000000.000
4979,2027,-10.253906,25000000.000
4980,2007,-20.019531,25000000.000
4981,1998,-24.414062,25000000.000
4982,1989,-28.808594,25000000.000
4983,1988,-29.296875,25000000.000
4984,1977,-34.667969,25000000.000
4985,1973,-36.621094,25000000.000
4986,1971,-37.597656,25000000.000
4987,1970,-38.085938,25000000.000
4988,1969,-38.574219,25000000.000
4989,1971,-37.597656,25000000.000
4990,1975,-35.644531,25000000.000
4991,1976,-35.156250,25000000.000
4992,1988,-29.296875,25000000.000
4993,1997,-24.902344,25000000.000
4994,2008,-19.531250,25000000.000
4995,2008,-19.531250,25000000.000
4996,2031,-8.300781,25000000.000
4997,2043,-2.441406,25000000.000
4998,2057,4.394531,25000000.000
4999,2058,4.882812,25000000.000
5000,2078,14.648438,25000000.000
5001,2090,20.507812,25000000.000
5002,2099,24.902344,25000000.000
5003,2100,25.390625,25000000.000
5004,2114,32.226562,25000000.000
5005,2119,34.667969,25000000.000
5006,2124,37.109375,25000000.000
5007,2124,37.109375,25000000.000
5008,2127,38.574219,25000000.000
5009,2126,38.085938,25000000.000
5010,2122,36.132812,25000000.000
5011,2122,36.132812,25000000.000
5012,2109,29.785156,25000000.000
5013,2099,24.902344,25000000.000
5014,2089,20.019531,25000000.000
5015,2087,19.042969,25000000.000
5016,2064,7.812500,25000000.000
5017,2053,2.441406,25000000.000
5018,2041,-3.417969,25000000.000
5019,2037,-5.371094,25000000.000
5020,2014,-16.601562,25000000.000
5021,2005,-20.996094,25000000.000
5022,1996,-25.390625,25000000.000
5023,1995,-25.878906,25000000.000
5024,1981,-32.714844,25000000.000
5025,1977,-34.667969,25000000.000
5026,1973,-36.621094,25000000.000
5027,1973,-36.621094,25000000.000
5028,1969,-38.574219,25000000.000
5029,1969,-38.574219,25000000.000
5030,1971,-37.597656,25000000.000
5031,1972,-37.109375,25000000.000
5032,1982,-32.226562,25000000.000
5033,1988,-29.296875,25000000.000
5034,1998,-24.414062,25000000.000
5035,1998,-24.414062,25000000.000
5036,2020,-13.671875,25000000.000
5037,2031,-8.300781,25000000.000
5038,2045,-1.464844,25000000.000
5039,2046,-0.976562,25000000.000
5040,2068,9.765625,25000000.000
5041,2080,15.625000,25000000.000
5042,2091,20.996094,25000000.000
5043,2092,21.484375,25000000.000
5044,2107,28.808594,25000000.000
5045,2114,32.226562,25000000.000
5046,2121,35.644531,25000000.000
5047,2121,35.644531,25000000.000
5048,2127,38.574219,25000000.000
5049,2128,39.062500,25000000.000
5050,2125,37.597656,25000000.000
5051,2125,37.597656,25000000.000
5052,2117,33.691406,25000000.000
5053,2107,28.808594,25000000.000
5054,2098,24.414062,25000000.000
5055,2097,23.925781,25000000.000
5056,2075,13.183594,25000000.000
5057,2061,6.347656,25000000.000
5058,2049,0.488281,25000000.000
5059,2048,0.000000,25000000.000
5060,2024,-11.718750,25000000.000
5061,2014,-16.601562,25000000.000
5062,2003,-21.972656,25000000.000
5063,2003,-21.972656,25000000.000
5064,1986,-30.273438,25000000.000
5065,1980,-33.203125,25000000.000
5066,1976,-35.156250,25000000.000
5067,1975,-35.644531,25000000.000
5068,1970,-38.085938,25000000.000
5069,1969,-38.574219,25000000.000
5070,1971,-37.597656,25000000.000
5071,1971,-37.597656,25000000.000
5072,1977,-34.667969,25000000.000
5073,1982,-32.226562,25000000.000
5074,1990,-28.320312,25000000.000
5075,1991,-27.832031,25000000.000
5076,2009,-19.042969,25000000.000
5077,2020,-13.671875,25000000.000
5078,2032,-7.812500,25000000.000
5079,2033,-7.324219,25000000.000
5080,2057,4.394531,25000000.000
5081,2070,10.742188,25000000.000
5082,2081,16.113281,25000000.000
5083,2082,16.601562,25000000.000
5084,2100,25.390625,25000000.000
5085,2108,29.296875,25000000.000
5086,2116,33.203125,25000000.000
5087,2116,33.203125,25000000.000
5088,2125,37.597656,25000000.000
5089,2126,38.085938,25000000.000
5090,2127,38.574219,25000000.000
5091,2126,38.085938,25000000.000
5092,2120,35.156250,25000000.000
5093,2114,32.226562,25000000.000
5094,2106,28.320312,25000000.000
5095,2104,27.343750,25000000.000
5096,2085,18.066406,25000000.000
5097,2072,11.718750,25000000.000
5098,2059,5.371094,25000000.000
5099,2056,3.906250,25000000.000
5100,2033,-7.324219,25000000.000
5101,2022,-12.695312,25000000.000
5102,2012,-17.578125,25000000.000
5103,2010,-18.554688,25000000.000
5104,1993,-26.855469,25000000.000
5105,1984,-31.250000,25000000.000
5106,1978,-34.179688,25000000.000
5107,1978,-34.179688,25000000.000
5108,1971,-37.597656,25000000.000
5109,1970,-38.085938,25000000.000
5110,1969,-38.574219,25000000.000
5111,1970,-38.085938,25000000.000
5112,1973,-36.621094,25000000.000
5113,1978,-34.179688,25000000.000
5114,1984,-31.250000,25000000.000
5115,1985,-30.761719,25000000.000
5116,1999,-23.925781,25000000.000
5117,2010,-18.554688,25000000.000
5118,2022,-12.695312,25000000.000
5119,2023,-12.207031,25000000.000
5120,2046,-0.976562,25000000.000
5121,2060,5.859375,25000000.000
5122,2071,11.230469,25000000.000
5123,2072,11.718750,25000000.000
5124,2092,21.484375,25000000.000
5125,2102,26.367188,25000000.000
5126,2110,30.273438,25000000.000
5127,2111,30.761719,25000000.000
5128,2122,36.132812,25000000.000
5129,2125,37.597656,25000000.000
5130,2128,39.062500,25000000.000
5131,2127,38.574219,25000000.000
5132,2125,37.597656,25000000.000
5133,2120,35.156250,25000000.000
5134,2114,32.226562,25000000.000
5135,2112,31.250000,25000000.000
5136,2095,22.949219,25000000.000
5137,2083,17.089844,25000000.000
5138,2071,11.230469,25000000.000
5139,2070,10.742188,25000000.000
5140,2045,-1.464844,25000000.000
5141,2033,-7.324219,25000000.000
5142,2020,-13.671875,25000000.000
5143,2020,-13.671875,25000000.000
5144,2000,-23.437500,25000000.000
5145,1991,-27.832031,25000000.000
5146,1984,-31.250000,25000000.000
5147,1984,-31.250000,25000000.000
5148,1974,-36.132812,25000000.000
5149,1971,-37.597656,25000000.000
5150,1969,-38.574219,25000000.000
5151,1970,-38.085938,25000000.000
5152,1972,-37.109375,25000000.000
5153,1974,-36.132812,25000000.000
5154,1978,-34.179688,25000000.000
5155,1979,-33.691406,25000000.000
5156,1993,-26.855469,25000000.000
5157,2002,-22.460938,25000000.000
5158,2013,-17.089844,25000000.000
5159,2015,-16.113281,25000000.000
5160,2038,-4.882812,25000000.000
5161,2050,0.976562,25000000.000
5162,2063,7.324219,25000000.000
5163,2063,7.324219,25000000.000
5164,2085,18.066406,25000000.000
5165,2095,22.949219,25000000.000
5166,2103,26.855469,25000000.000
5167,2104,27.343750,25000000.000
5168,2118,34.179688,25000000.000
5169,2122,36.132812,25000000.000
5170,2126,38.085938,25000000.000
5171,2126,38.085938,25000000.000
5172,2127,38.574219,25000000.000
5173,2125,37.597656,25000000.000
5174,2120,35.156250,25000000.000
5175,2119,34.667969,25000000.000
5176,2104,27.343750,25000000.000
5177,2094,22.460938,25000000.000
5178,2083,17.089844,25000000.000
5179,2081,16.113281,25000000.000
5180,2057,4.394531,25000000.000
5181,2044,-1.953125,25000000.000
5182,2032,-7.812500,25000000.000
5183,2031,-8.300781,25000000.000
5184,2009,-19.042969,25000000.000
5185,2001,-22.949219,25000000.000
5186,1991,-27.832031,25000000.000
5187,1990,-28.320312,25000000.000
5188,1978,-34.179688,25000000.000
5189,1974,-36.132812,25000000.000
5190,1971,-37.597656,25000000.000
5191,1971,-37.597656,25000000.000
5192,1970,-38.085938,25000000.000
5193,1971,-37.597656,25000000.000
5194,1974,-36.132812,25000000.000
5195,1974,-36.132812,25000000.000
5196,1986,-30.273438,25000000.000
5197,1993,-26.855469,25000000.000
5198,2004,-21.484375,25000000.000
5199,2006,-20.507812,25000000.000
5200,2028,-9.765625,25000000.000
5201,2041,-3.417969,25000000.000
5202,2054,2.929688,25000000.000
5203,2055,3.417969,25000000.000
5204,2077,14.160156,25000000.000
5205,2087,19.042969,25000000.000
5206,2096,23.437500,25000000.000
5207,2099,24.902344,25000000.000
5208,2113,31.738281,25000000.000
5209,2118,34.179688,25000000.000
5210,2122,36.132812,25000000.000
5211,2123,36.621094,25000000.000
5212,2127,38.574219,25000000.000
5213,2126,38.085938,25000000.000
5214,2123,36.621094,25000000.000
5215,2122,36.132812,25000000.000
5216,2109,29.785156,25000000.000
5217,2101,25.878906,25000000.000
5218,2091,20.996094,25000000.000
5219,2089,20.019531,25000000.000
5220,2066,8.789062,25000000.000
5221,2052,1.953125,25000000.000
5222,2040,-3.906250,25000000.000
5223,2039,-4.394531,25000000.000
5224,2017,-15.136719,25000000.000
5225,2005,-20.996094,25000000.000
5226,1997,-24.902344,25000000.000
5227,1996,-25.390625,25000000.000
5228,1983,-31.738281,25000000.000
5229,1978,-34.179688,25000000.000
5230,1973,-36.621094,25000000.000
5231,1972,-37.109375,25000000.000
5232,1968,-39.062500,25000000.000
5233,1968,-39.062500,25000000.000
5234,1970,-38.085938,25000000.000
5235,1970,-38.085938,25000000.000
5236,1980,-33.203125,25000000.000
5237,1986,-30.273438,25000000.000
5238,1995,-25.878906,25000000.000
5239,1996,-25.390625,25000000.000
5240,2019,-14.160156,25000000.000
5241,2031,-8.300781,25000000.000
5242,2043,-2.441406,25000000.000
5243,2044,-1.953125,25000000.000
5244,2069,10.253906,25000000.000
5245,2080,15.625000,25000000.000
5246,2089,20.019531,25000000.000
5247,2090,20.507812,25000000.000
5248,2106,28.320312,25000000.000
5249,2113,31.738281,25000000.000
5250,2119,34.667969,25000000.000
5251,2119,34.667969,25000000.000
5252,2127,38.574219,25000000.000
5253,2126,38.085938,25000000.000
5254,2126,38.085938,25000000.000
5255,2126,38.085938,25000000.000
5256,2118,34.179688,25000000.000
5257,2110,30.273438,25000000.000
5258,2101,25.878906,25000000.000
5259,2100,25.390625,25000000.000
5260,2077,14.160156,25000000.000
5261,2065,8.300781,25000000.000
5262,2052,1.953125,25000000.000
5263,2050,0.976562,25000000.000
5264,2026,-10.742188,25000000.000
5265,2014,-16.601562,25000000.000
5266,2005,-20.996094,25000000.000
5267,2004,-21.484375,25000000.000
5268,1988,-29.296875,25000000.000
5269,1982,-32.226562,25000000.000
5270,1975,-35.644531,25000000.000
5271,1976,-35.156250,25000000.000
5272,1968,-39.062500,25000000.000
5273,1967,-39.550781,25000000.000
5274,1968,-39.062500,25000000.000
5275,1968,-39.062500,25000000.000
5276,1974,-36.132812,25000000.000
5277,1979,-33.691406,25000000.000
5278,1986,-30.273438,25000000.000
5279,1986,-30.273438,25000000.000
5280,2006,-20.507812,25000000.000
5281,2017,-15.136719,25000000.000
5282,2030,-8.789062,25000000.000
5283,2032,-7.812500,25000000.000
5284,2056,3.906250,25000000.000
5285,2068,9.765625,25000000.000
5286,2079,15.136719,25000000.000
5287,2081,16.113281,25000000.000
5288,2100,25.390625,25000000.000
5289,2107,28.808594,25000000.000
5290,2114,32.226562,25000000.000
5291,2116,33.203125,25000000.000
5292,2124,37.109375,25000000.000
5293,2126,38.085938,25000000.000
5294,2126,38.085938,25000000.000
5295,2127,38.574219,25000000.000
5296,2122,36.132812,25000000.000
5297,2117,33.691406,25000000.000
5298,2108,29.296875,25000000.000
5299,2107,28.808594,25000000.000
5300,2086,18.554688,25000000.000
5301,2074,12.695312,25000000.000
5302,2061,6.347656,25000000.000
5303,2061,6.347656,25000000.000
5304,2036,-5.859375,25000000.000
5305,2024,-11.718750,25000000.000
5306,2013,-17.089844,25000000.000
5307,2013,-17.089844,25000000.000
5308,1994,-26.367188,25000000.000
5309,1986,-30.273438,25000000.000
5310,1979,-33.691406,25000000.000
5311,1979,-33.691406,25000000.000
5312,1971,-37.597656,25000000.000
5313,1970,-38.085938,25000000.000
5314,1968,-39.062500,25000000.000
5315,1968,-39.062500,25000000.000
5316,1968,-39.062500,25000000.000
5317,1975,-35.644531,25000000.000
5318,1986,-30.273438,25000000.000
5319,1978,-34.179688,25000000.000
5320,1998,-24.414062,25000000.000
5321,2008,-19.531250,25000000.000
5322,2019,-14.160156,25000000.000
5323,2021,-13.183594,25000000.000
5324,2046,-0.976562,25000000.000
5325,2057,4.394531,25000000.000
5326,2069,10.253906,25000000.000
5327,2072,11.718750,25000000.000
5328,2092,21.484375,25000000.000
5329,2102,26.367188,25000000.000
5330,2109,29.785156,25000000.000
5331,2111,30.761719,25000000.000
5332,2121,35.644531,25000000.000
5333,2126,38.085938,25000000.000
5334,2127,38.574219,25000000.000
5335,2128,39.062500,25000000.000
5336,2126,38.085938,25000000.000
5337,2122,36.132812,25000000.000
5338,2115,32.714844,25000000.000
5339,2115,32.714844,25000000.000
5340,2098,24.414062,25000000.000
5341,2086,18.554688,25000000.000
5342,2073,12.207031,25000000.000
5343,2072,11.718750,25000000.000
5344,2047,-0.488281,25000000.000
5345,2034,-6.835938,25000000.000
5346,2022,-12.695312,25000000.000
5347,2020,-13.671875,25000000.000
5348,2001,-22.949219,25000000.000
5349,1993,-26.855469,25000000.000
5350,1985,-30.761719,25000000.000
5351,1984,-31.250000,25000000.000
5352,1974,-36.132812,25000000.000
5353,1971,-37.597656,25000000.000
5354,1968,-39.062500,25000000.000
5355,1969,-38.574219,25000000.000
5356,1969,-38.574219,25000000.000
5357,1972,-37.109375,25000000.000
5358,1977,-34.667969,25000000.000
5359,1976,-35.156250,25000000.000
5360,1990,-28.320312,25000000.000
5361,2000,-23.437500,25000000.000
5362,2010,-18.554688,25000000.000
5363,2011,-18.066406,25000000.000
5364,2035,-6.347656,25000000.000
5365,2048,0.000000,25000000.000
5366,2063,7.324219,25000000.000
5367,2061,6.347656,25000000.000
5368,2083,17.089844,25000000.000
5369,2095,22.949219,25000000.000
5370,2105,27.832031,25000000.000
5371,2104,27.343750,25000000.000
5372,2118,34.179688,25000000.000
5373,2123,36.621094,25000000.000
5374,2126,38.085938,25000000.000
5375,2127,38.574219,25000000.000
5376,2128,39.062500,25000000.000
5377,2126,38.085938,25000000.000
5378,2122,36.132812,25000000.000
5379,2121,35.644531,25000000.000
5380,2107,28.808594,25000000.000
5381,2096,23.437500,25000000.000
5382,2085,18.066406,25000000.000
5383,2084,17.578125,25000000.000
5384,2059,5.371094,25000000.000
5385,2046,-0.976562,25000000.000
5386,2034,-6.835938,25000000.000
5387,2033,-7.324219,25000000.000
5388,2010,-18.554688,25000000.000
5389,2001,-22.949219,25000000.000
5390,1991,-27.832031,25000000.000
5391,1990,-28.320312,25000000.000
5392,1978,-34.179688,25000000.000
5393,1973,-36.621094,25000000.000
5394,1969,-38.574219,25000000.000
5395,1968,-39.062500,25000000.000
5396,1968,-39.062500,25000000.000
5397,1970,-38.085938,25000000.000
5398,1971,-37.597656,25000000.000
5399,1972,-37.109375,25000000.000
5400,1983,-31.738281,25000000.000
5401,1991,-27.832031,25000000.000
5402,2000,-23.437500,25000000.000
5403,2001,-22.949219,25000000.000
5404,2022,-12.695312,25000000.000
5405,2036,-5.859375,25000000.000
5406,2049,0.488281,25000000.000
5407,2050,0.976562,25000000.000
5408,2073,12.207031,25000000.000
5409,2084,17.578125,25000000.000
5410,2094,22.460938,25000000.000
5411,2096,23.437500,25000000.000
5412,2112,31.250000,25000000.000
5413,2119,34.667969,25000000.000
5414,2125,37.597656,25000000.000
5415,2125,37.597656,25000000.000
5416,2129,39.550781,25000000.000
5417,2128,39.062500,25000000.000
5418,2126,38.085938,25000000.000
5419,2125,37.597656,25000000.000
5420,2115,32.714844,25000000.000
5421,2106,28.320312,25000000.000
5422,2095,22.949219,25000000.000
5423,2095,22.949219,25000000.000
5424,2071,11.230469,25000000.000
5425,2059,5.371094,25000000.000
5426,2046,-0.976562,25000000.000
5427,2044,-1.953125,25000000.000
5428,2021,-13.183594,25000000.000
5429,2011,-18.066406,25000000.000
5430,1999,-23.925781,25000000.000
5431,1999,-23.925781,25000000.000
5432,1983,-31.738281,25000000.000
5433,1976,-35.156250,25000000.000
5434,1971,-37.597656,25000000.000
5435,1970,-38.085938,25000000.000
5436,1967,-39.550781,25000000.000
5437,1967,-39.550781,25000000.000
5438,1970,-38.085938,25000000.000
5439,1970,-38.085938,25000000.000
5440,1978,-34.179688,25000000.000
5441,1986,-30.273438,25000000.000
5442,1993,-26.855469,25000000.000
5443,1994,-26.367188,25000000.000
5444,2014,-16.601562,25000000.000
5445,2026,-10.742188,25000000.000
5446,2038,-4.882812,25000000.000
5447,2040,-3.906250,25000000.000
5448,2063,7.324219,25000000.000
5449,2075,13.183594,25000000.000
5450,2087,19.042969,25000000.000
5451,2087,19.042969,25000000.000
5452,2106,28.320312,25000000.000
5453,2113,31.738281,25000000.000
5454,2120,35.156250,25000000.000
5455,2120,35.156250,25000000.000
5456,2127,38.574219,25000000.000
5457,2128,39.062500,25000000.000
5458,2127,38.574219,25000000.000
5459,2127,38.574219,25000000.000
5460,2120,35.156250,25000000.000
5461,2111,30.761719,25000000.000
5462,2103,26.855469,25000000.000
5463,2101,25.878906,25000000.000
5464,2081,16.113281,25000000.000
5465,2068,9.765625,25000000.000
5466,2055,3.417969,25000000.000
5467,2053,2.441406,25000000.000
5468,2030,-8.789062,25000000.000
5469,2018,-14.648438,25000000.000
5470,2006,-20.507812,25000000.000
5471,2006,-20.507812,25000000.000
5472,1988,-29.296875,25000000.000
5473,1980,-33.203125,25000000.000
5474,1974,-36.132812,25000000.000
5475,1973,-36.621094,25000000.000
5476,1968,-39.062500,25000000.000
5477,1966,-40.039062,25000000.000
5478,1968,-39.062500,25000000.000
5479,1968,-39.062500,25000000.000
5480,1973,-36.621094,25000000.000
5481,1979,-33.691406,25000000.000
5482,1986,-30.273438,25000000.000
5483,1986,-30.273438,25000000.000
5484,2005,-20.996094,25000000.000
5485,2015,-16.113281,25000000.000
5486,2027,-10.253906,25000000.000
5487,2029,-9.277344,25000000.000
5488,2053,2.441406,25000000.000
5489,2066,8.789062,25000000.000
5490,2078,14.648438,25000000.000
5491,2079,15.136719,25000000.000
5492,2098,24.414062,25000000.000
5493,2107,28.808594,25000000.000
5494,2114,32.226562,25000000.000
5495,2114,32.226562,25000000.000
5496,2124,37.109375,25000000.000
5497,2128,39.062500,25000000.000
5498,2128,39.062500,25000000.000
5499,2129,39.550781,25000000.000
5500,2124,37.109375,25000000.000
5501,2119,34.667969,25000000.000
5502,2112,31.250000,25000000.000
5503,2112,31.250000,25000000.000
5504,2092,21.484375,25000000.000
5505,2080,15.625000,25000000.000
5506,2067,9.277344,25000000.000
5507,2065,8.300781,25000000.000
5508,2040,-3.906250,25000000.000
5509,2027,-10.253906,25000000.000
5510,2016,-15.625000,25000000.000
5511,2015,-16.113281,25000000.000
5512,1994,-26.367188,25000000.000
5513,1987,-29.785156,25000000.000
5514,1980,-33.203125,25000000.000
5515,1979,-33.691406,25000000.000
5516,1970,-38.085938,25000000.000
5517,1968,-39.062500,25000000.000
5518,1968,-39.062500,25000000.000
5519,1968,-39.062500,25000000.000
5520,1970,-38.085938,25000000.000
5521,1974,-36.132812,25000000.000
5522,1979,-33.691406,25000000.000
5523,1980,-33.203125,25000000.000
5524,1994,-26.367188,25000000.000
5525,2005,-20.996094,25000000.000
5526,2016,-15.625000,25000000.000
5527,2017,-15.136719,25000000.000
5528,2040,-3.906250,25000000.000
5529,2054,2.929688,25000000.000
5530,2066,8.789062,25000000.000
5531,2067,9.277344,25000000.000
5532,2089,20.019531,25000000.000
5533,2098,24.414062,25000000.000
5534,2107,28.808594,25000000.000
5535,2108,29.296875,25000000.000
5536,2120,35.156250,25000000.000
5537,2126,38.085938,25000000.000
5538,2127,38.574219,25000000.000
5539,2127,38.574219,25000000.000
5540,2126,38.085938,25000000.000
5541,2123,36.621094,25000000.000
5542,2118,34.179688,25000000.000
5543,2118,34.179688,25000000.000
5544,2102,26.367188,25000000.000
5545,2091,20.996094,25000000.000
5546,2079,15.136719,25000000.000
5547,2077,14.160156,25000000.000
5548,2053,2.441406,25000000.000
5549,2040,-3.906250,25000000.000
5550,2027,-10.253906,25000000.000
5551,2026,-10.742188,25000000.000
5552,2004,-21.484375,25000000.000
5553,1995,-25.878906,25000000.000
5554,1987,-29.785156,25000000.000
5555,1986,-30.273438,25000000.000
5556,1974,-36.132812,25000000.000
5557,1971,-37.597656,25000000.000
5558,1969,-38.574219,25000000.000
5559,1969,-38.574219,25000000.000
5560,1969,-38.574219,25000000.000
5561,1970,-38.085938,25000000.000
5562,1974,-36.132812,25000000.000
5563,1975,-35.644531,25000000.000
5564,1988,-29.296875,25000000.000
5565,1997,-24.902344,25000000.000
5566,2007,-20.019531,25000000.000
5567,2007,-20.019531,25000000.000
5568,2031,-8.300781,25000000.000
5569,2044,-1.953125,25000000.000
5570,2055,3.417969,25000000.000
5571,2057,4.394531,25000000.000
5572,2080,15.625000,25000000.000
5573,2091,20.996094,25000000.000
5574,2099,24.902344,25000000.000
5575,2100,25.390625,25000000.000
5576,2116,33.203125,25000000.000
5577,2122,36.132812,25000000.000
5578,2125,37.597656,25000000.000
5579,2126,38.085938,25000000.000
5580,2129,39.550781,25000000.000
5581,2128,39.062500,25000000.000
5582,2124,37.109375,25000000.000
5583,2123,36.621094,25000000.000
5584,2111,30.761719,25000000.000
5585,2100,25.390625,25000000.000
5586,2090,20.507812,25000000.000
5587,2089,20.019531,25000000.000
5588,2065,8.300781,25000000.000
5589,2052,1.953125,25000000.000
5590,2038,-4.882812,25000000.000
5591,2037,-5.371094,25000000.000
5592,2014,-16.601562,25000000.000
5593,2003,-21.972656,25000000.000
5594,1994,-26.367188,25000000.000
5595,1992,-27.343750,25000000.000
5596,1978,-34.179688,25000000.000
5597,1974,-36.132812,25000000.000
5598,1970,-38.085938,25000000.000
5599,1970,-38.085938,25000000.000
5600,1967,-39.550781,25000000.000
5601,1968,-39.062500,25000000.000
5602,1970,-38.085938,25000000.000
5603,1970,-38.085938,25000000.000
5604,1981,-32.714844,25000000.000
5605,1988,-29.296875,25000000.000
5606,1997,-24.902344,25000000.000
5607,1998,-24.414062,25000000.000
5608,2020,-13.671875,25000000.000
5609,2032,-7.812500,25000000.000
5610,2045,-1.464844,25000000.000
5611,2045,-1.464844,25000000.000
5612,2069,10.253906,25000000.000
5613,2082,16.601562,25000000.000
5614,2092,21.484375,25000000.000
5615,2092,21.484375,25000000.000
5616,2109,29.785156,25000000.000
5617,2114,32.226562,25000000.000
5618,2121,35.644531,25000000.000
5619,2122,36.132812,25000000.000
5620,2127,38.574219,25000000.000
5621,2127,38.574219,25000000.000
5622,2126,38.085938,25000000.000
5623,2128,39.062500,25000000.000
5624,2118,34.179688,25000000.000
5625,2110,30.273438,25000000.000
5626,2097,23.925781,25000000.000
5627,2100,25.390625,25000000.000
5628,2076,13.671875,25000000.000
5629,2062,6.835938,25000000.000
5630,2049,0.488281,25000000.000
5631,2048,0.000000,25000000.000
5632,2024,-11.718750,25000000.000
5633,2012,-17.578125,25000000.000
5634,2002,-22.460938,25000000.000
5635,2002,-22.460938,25000000.000
5636,1984,-31.250000,25000000.000
5637,1977,-34.667969,25000000.000
5638,1972,-37.109375,25000000.000
5639,1970,-38.085938,25000000.000
5640,1968,-39.062500,25000000.000
5641,1968,-39.062500,25000000.000
5642,1967,-39.550781,25000000.000
5643,1969,-38.574219,25000000.000
5644,1976,-35.156250,25000000.000
5645,1983,-31.738281,25000000.000
5646,1991,-27.832031,25000000.000
5647,1991,-27.832031,25000000.000
5648,2010,-18.554688,25000000.000
5649,2022,-12.695312,25000000.000
5650,2034,-6.835938,25000000.000
5651,2035,-6.347656,25000000.000
5652,2060,5.859375,25000000.000
5653,2072,11.718750,25000000.000
5654,2082,16.601562,25000000.000
5655,2084,17.578125,25000000.000
5656,2103,26.855469,25000000.000
5657,2111,30.761719,25000000.000
5658,2117,33.691406,25000000.000
5659,2118,34.179688,25000000.000
5660,2126,38.085938,25000000.000
5661,2128,39.062500,25000000.000
5662,2128,39.062500,25000000.000
5663,2127,38.574219,25000000.000
5664,2123,36.621094,25000000.000
5665,2110,30.273438,25000000.000
5666,2107,28.808594,25000000.000
5667,2104,27.343750,25000000.000
5668,2086,18.554688,25000000.000
5669,2074,12.695312,25000000.000
5670,2061,6.347656,25000000.000
5671,2058,4.882812,25000000.000
5672,2034,-6.835938,25000000.000
5673,2021,-13.183594,25000000.000
5674,2009,-19.042969,25000000.000
5675,2009,-19.042969,25000000.000
5676,1991,-27.832031,25000000.000
5677,1981,-32.714844,25000000.000
5678,1975,-35.644531,25000000.000
5679,1975,-35.644531,25000000.000
5680,1968,-39.062500,25000000.000
5681,1966,-40.039062,25000000.000
5682,1968,-39.062500,25000000.000
5683,1967,-39.550781,25000000.000
5684,1972,-37.109375,25000000.000
5685,1977,-34.667969,25000000.000
5686,1983,-31.738281,25000000.000
5687,1984,-31.250000,25000000.000
5688,2000,-23.437500,25000000.000
5689,2010,-18.554688,25000000.000
5690,2022,-12.695312,25000000.000
5691,2023,-12.207031,25000000.000
5692,2046,-0.976562,25000000.000
5693,2060,5.859375,25000000.000
5694,2071,11.230469,25000000.000
5695,2072,11.718750,25000000.000
5696,2094,22.460938,25000000.000
5697,2104,27.343750,25000000.000
5698,2110,30.273438,25000000.000
5699,2112,31.250000,25000000.000
5700,2123,36.621094,25000000.000
5701,2125,37.597656,25000000.000
5702,2128,39.062500,25000000.000
5703,2130,40.039062,25000000.000
5704,2125,37.597656,25000000.000
5705,2120,35.156250,25000000.000
5706,2115,32.714844,25000000.000
5707,2113,31.738281,25000000.000
5708,2096,23.437500,25000000.000
5709,2084,17.578125,25000000.000
5710,2073,12.207031,25000000.000
5711,2070,10.742188,25000000.000
5712,2046,-0.976562,25000000.000
5713,2032,-7.812500,25000000.000
5714,2021,-13.183594,25000000.000
5715,2019,-14.160156,25000000.000
5716,2002,-22.460938,25000000.000
5717,1991,-27.832031,25000000.000
5718,1983,-31.738281,25000000.000
5719,1981,-32.714844,25000000.000
5720,1973,-36.621094,25000000.000
5721,1969,-38.574219,25000000.000
5722,1967,-39.550781,25000000.000
5723,1967,-39.550781,25000000.000
5724,1970,-38.085938,25000000.000
5725,1973,-36.621094,25000000.000
5726,1978,-34.179688,25000000.000
5727,1978,-34.179688,25000000.000
5728,1994,-26.367188,25000000.000
5729,2002,-22.460938,25000000.000
5730,2013,-17.089844,25000000.000
5731,2014,-16.601562,25000000.000
5732,2038,-4.882812,25000000.000
5733,2050,0.976562,25000000.000
5734,2061,6.347656,25000000.000
5735,2063,7.324219,25000000.000
5736,2085,18.066406,25000000.000
5737,2097,23.925781,25000000.000
5738,2105,27.832031,25000000.000
5739,2105,27.832031,25000000.000
5740,2119,34.667969,25000000.000
5741,2124,37.109375,25000000.000
5742,2127,38.574219,25000000.000
5743,2127,38.574219,25000000.000
5744,2127,38.574219,25000000.000
5745,2125,37.597656,25000000.000
5746,2120,35.156250,25000000.000
5747,2119,34.667969,25000000.000
5748,2105,27.832031,25000000.000
5749,2094,22.460938,25000000.000
5750,2082,16.601562,25000000.000
5751,2081,16.113281,25000000.000
5752,2057,4.394531,25000000.000
5753,2043,-2.441406,25000000.000
5754,2031,-8.300781,25000000.000
5755,2029,-9.277344,25000000.000
5756,2007,-20.019531,25000000.000
5757,1997,-24.902344,25000000.000
5758,1988,-29.296875,25000000.000
5759,1986,-30.273438,25000000.000
5760,1975,-35.644531,25000000.000
5761,1970,-38.085938,25000000.000
5762,1968,-39.062500,25000000.000
5763,1968,-39.062500,25000000.000
5764,1968,-39.062500,25000000.000
5765,1969,-38.574219,25000000.000
5766,1974,-36.132812,25000000.000
5767,1974,-36.132812,25000000.000
5768,1985,-30.761719,25000000.000
5769,1995,-25.878906,25000000.000
5770,2004,-21.484375,25000000.000
5771,2005,-20.996094,25000000.000
5772,2027,-10.253906,25000000.000
5773,2039,-4.394531,25000000.000
5774,2052,1.953125,25000000.000
5775,2054,2.929688,25000000.000
5776,2078,14.648438,25000000.000
5777,2088,19.531250,25000000.000
5778,2099,24.902344,25000000.000
5779,2099,24.902344,25000000.000
5780,2115,32.714844,25000000.000
5781,2121,35.644531,25000000.000
5782,2126,38.085938,25000000.000
5783,2126,38.085938,25000000.000
5784,2129,39.550781,25000000.000
5785,2130,40.039062,25000000.000
5786,2125,37.597656,25000000.000
5787,2125,37.597656,25000000.000
5788,2114,32.226562,25000000.000
5789,2105,27.832031,25000000.000
5790,2093,21.972656,25000000.000
5791,2093,21.972656,25000000.000
5792,2070,10.742188,25000000.000
5793,2056,3.906250,25000000.000
5794,2042,-2.929688,25000000.000
5795,2041,-3.417969,25000000.000
5796,2018,-14.648438,25000000.000
5797,2007,-20.019531,25000000.000
5798,1996,-25.390625,25000000.000
5799,1996,-25.390625,25000000.000
5800,1981,-32.714844,25000000.000
5801,1975,-35.644531,25000000.000
5802,1970,-38.085938,25000000.000
5803,1970,-38.085938,25000000.000
5804,1968,-39.062500,25000000.000
5805,1968,-39.062500,25000000.000
5806,1971,-37.597656,25000000.000
5807,1972,-37.109375,25000000.000
5808,1980,-33.203125,25000000.000
5809,1987,-29.785156,25000000.000
5810,1996,-25.390625,25000000.000
5811,1996,-25.390625,25000000.000
5812,2016,-15.625000,25000000.000
5813,2028,-9.765625,25000000.000
5814,2040,-3.906250,25000000.000
5815,2042,-2.929688,25000000.000
5816,2066,8.789062,25000000.000
5817,2077,14.160156,25000000.000
5818,2089,20.019531,25000000.000
5819,2089,20.019531,25000000.000
5820,2106,28.320312,25000000.000
5821,2114,32.226562,25000000.000
5822,2119,34.667969,25000000.000
5823,2120,35.156250,25000000.000
5824,2126,38.085938,25000000.000
5825,2127,38.574219,25000000.000
5826,2125,37.597656,25000000.000
5827,2126,38.085938,25000000.000
5828,2116,33.203125,25000000.000
5829,2109,29.785156,25000000.000
5830,2099,24.902344,25000000.000
5831,2099,24.902344,25000000.000
5832,2076,13.671875,25000000.000
5833,2065,8.300781,25000000.000
5834,2051,1.464844,25000000.000
5835,2050,0.976562,25000000.000
5836,2026,-10.742188,25000000.000
5837,2014,-16.601562,25000000.000
5838,2004,-21.484375,25000000.000
5839,2001,-22.949219,25000000.000
5840,1985,-30.761719,25000000.000
5841,1976,-35.156250,25000000.000
5842,1972,-37.109375,25000000.000
5843,1973,-36.621094,25000000.000
5844,1966,-40.039062,25000000.000
5845,1966,-40.039062,25000000.000
5846,1967,-39.550781,25000000.000
5847,1968,-39.062500,25000000.000
5848,1974,-36.132812,25000000.000
5849,1981,-32.714844,25000000.000
5850,1989,-28.808594,25000000.000
5851,1989,-28.808594,25000000.000
5852,2008,-19.531250,25000000.000
5853,2019,-14.160156,25000000.000
5854,2032,-7.812500,25000000.000
5855,2032,-7.812500,25000000.000
5856,2058,4.882812,25000000.000
5857,2069,10.253906,25000000.000
5858,2081,16.113281,25000000.000
5859,2082,16.601562,25000000.000
5860,2100,25.390625,25000000.000
5861,2109,29.785156,25000000.000
5862,2115,32.714844,25000000.000
5863,2115,32.714844,25000000.000
5864,2125,37.597656,25000000.000
5865,2127,38.574219,25000000.000
5866,2128,39.062500,25000000.000
5867,2128,39.062500,25000000.000
5868,2124,37.109375,25000000.000
5869,2117,33.691406,25000000.000
5870,2110,30.273438,25000000.000
5871,2109,29.785156,25000000.000
5872,2089,20.019531,25000000.000
5873,2076,13.671875,25000000.000
5874,2064,7.812500,25000000.000
5875,2062,6.835938,25000000.000
5876,2036,-5.859375,25000000.000
5877,2024,-11.718750,25000000.000
5878,2013,-17.089844,25000000.000
5879,2011,-18.066406,25000000.000
5880,1992,-27.343750,25000000.000
5881,1984,-31.250000,25000000.000
5882,1977,-34.667969,25000000.000
5883,1977,-34.667969,25000000.000
5884,1968,-39.062500,25000000.000
5885,1967,-39.550781,25000000.000
5886,1966,-40.039062,25000000.000
5887,1966,-40.039062,25000000.000
5888,1971,-37.597656,25000000.000
5889,1975,-35.644531,25000000.000
5890,1982,-32.226562,25000000.000
5891,1982,-32.226562,25000000.000
5892,1998,-24.414062,25000000.000
5893,2008,-19.531250,25000000.000
5894,2020,-13.671875,25000000.000
5895,2021,-13.183594,25000000.000
5896,2044,-1.953125,25000000.000
5897,2058,4.882812,25000000.000
5898,2070,10.742188,25000000.000
5899,2071,11.230469,25000000.000
5900,2092,21.484375,25000000.000
5901,2101,25.878906,25000000.000
5902,2110,30.273438,25000000.000
5903,2110,30.273438,25000000.000
5904,2120,35.156250,25000000.000
5905,2125,37.597656,25000000.000
5906,2128,39.062500,25000000.000
5907,2127,38.574219,25000000.000
5908,2125,37.597656,25000000.000
5909,2121,35.644531,25000000.000
5910,2115,32.714844,25000000.000
5911,2114,32.226562,25000000.000
5912,2097,23.925781,25000000.000
5913,2087,19.042969,25000000.000
5914,2073,12.207031,25000000.000
5915,2072,11.718750,25000000.000
5916,2048,0.000000,25000000.000
5917,2034,-6.835938,25000000.000
5918,2021,-13.183594,25000000.000
5919,2020,-13.671875,25000000.000
5920,2000,-23.437500,25000000.000
5921,1991,-27.832031,25000000.000
5922,1983,-31.738281,25000000.000
5923,1982,-32.226562,25000000.000
5924,1972,-37.109375,25000000.000
5925,1969,-38.574219,25000000.000
5926,1967,-39.550781,25000000.000
5927,1967,-39.550781,25000000.000
5928,1970,-38.085938,25000000.000
5929,1973,-36.621094,25000000.000
5930,1977,-34.667969,25000000.000
5931,1979,-33.691406,25000000.000
5932,1992,-27.343750,25000000.000
5933,2002,-22.460938,25000000.000
5934,2011,-18.066406,25000000.000
5935,2013,-17.089844,25000000.000
5936,2036,-5.859375,25000000.000
5937,2048,0.000000,25000000.000
5938,2062,6.835938,25000000.000
5939,2061,6.347656,25000000.000
5940,2085,18.066406,25000000.000
5941,2095,22.949219,25000000.000
5942,2104,27.343750,25000000.000
5943,2105,27.832031,25000000.000
5944,2116,33.203125,25000000.000
5945,2125,37.597656,25000000.000
5946,2127,38.574219,25000000.000
5947,2129,39.550781,25000000.000
5948,2130,40.039062,25000000.000
5949,2125,37.597656,25000000.000
5950,2122,36.132812,25000000.000
5951,2122,36.132812,25000000.000
5952,2107,28.808594,25000000.000
5953,2098,24.414062,25000000.000
5954,2086,18.554688,25000000.000
5955,2085,18.066406,25000000.000
5956,2060,5.859375,25000000.000
5957,2047,-0.488281,25000000.000
5958,2034,-6.835938,25000000.000
5959,2032,-7.812500,25000000.000
5960,2010,-18.554688,25000000.000
5961,1999,-23.925781,25000000.000
5962,1990,-28.320312,25000000.000
5963,1989,-28.808594,25000000.000
5964,1976,-35.156250,25000000.000
5965,1972,-37.109375,25000000.000
5966,1969,-38.574219,25000000.000
5967,1968,-39.062500,25000000.000
5968,1968,-39.062500,25000000.000
5969,1968,-39.062500,25000000.000
5970,1973,-36.621094,25000000.000
5971,1973,-36.621094,25000000.000
5972,1986,-30.273438,25000000.000
5973,1992,-27.343750,25000000.000
5974,2001,-22.949219,25000000.000
5975,2002,-22.460938,25000000.000
5976,2024,-11.718750,25000000.000
5977,2037,-5.371094,25000000.000
5978,2049,0.488281,25000000.000
5979,2051,1.464844,25000000.000
5980,2074,12.695312,25000000.000
5981,2085,18.066406,25000000.000
5982,2096,23.437500,25000000.000
5983,2096,23.437500,25000000.000
5984,2112,31.250000,25000000.000
5985,2119,34.667969,25000000.000
5986,2123,36.621094,25000000.000
5987,2123,36.621094,25000000.000
5988,2128,39.062500,25000000.000
5989,2128,39.062500,25000000.000
5990,2124,37.109375,25000000.000
5991,2125,37.597656,25000000.000
5992,2113,31.738281,25000000.000
5993,2104,27.343750,25000000.000
5994,2094,22.460938,25000000.000
5995,2092,21.484375,25000000.000
5996,2070,10.742188,25000000.000
5997,2057,4.394531,25000000.000
5998,2044,-1.953125,25000000.000
5999,2043,-2.441406,25000000.000
6000,2019,-14.160156,25000000.000
6001,2008,-19.531250,25000000.000
6002,1998,-24.414062,25000000.000
6003,1997,-24.902344,25000000.000
6004,1980,-33.203125,25000000.000
6005,1976,-35.156250,25000000.000
6006,1971,-37.597656,25000000.000
6007,1971,-37.597656,25000000.000
6008,1966,-40.039062,25000000.000
6009,1967,-39.550781,25000000.000
6010,1970,-38.085938,25000000.000
6011,1970,-38.085938,25000000.000
6012,1982,-32.226562,25000000.000
6013,1985,-30.761719,25000000.000
6014,2001,-22.949219,25000000.000
6015,1992,-27.343750,25000000.000
6016,2014,-16.601562,25000000.000
6017,2026,-10.742188,25000000.000
6018,2039,-4.394531,25000000.000
6019,2041,-3.417969,25000000.000
6020,2064,7.812500,25000000.000
6021,2076,13.671875,25000000.000
6022,2088,19.531250,25000000.000
6023,2089,20.019531,25000000.000
6024,2107,28.808594,25000000.000
6025,2115,32.714844,25000000.000
6026,2120,35.156250,25000000.000
6027,2121,35.644531,25000000.000
6028,2128,39.062500,25000000.000
6029,2129,39.550781,25000000.000
6030,2127,38.574219,25000000.000
6031,2127,38.574219,25000000.000
6032,2119,34.667969,25000000.000
6033,2111,30.761719,25000000.000
6034,2102,26.367188,25000000.000
6035,2101,25.878906,25000000.000
6036,2080,15.625000,25000000.000
6037,2068,9.765625,25000000.000
6038,2054,2.929688,25000000.000
6039,2053,2.441406,25000000.000
6040,2030,-8.789062,25000000.000
6041,2016,-15.625000,25000000.000
6042,2005,-20.996094,25000000.000
6043,2005,-20.996094,25000000.000
6044,1988,-29.296875,25000000.000
6045,1979,-33.691406,25000000.000
6046,1973,-36.621094,25000000.000
6047,1973,-36.621094,25000000.000
6048,1967,-39.550781,25000000.000
6049,1965,-40.527344,25000000.000
6050,1967,-39.550781,25000000.000
6051,1967,-39.550781,25000000.000
6052,1974,-36.132812,25000000.000
6053,1981,-32.714844,25000000.000
6054,1987,-29.785156,25000000.000
6055,1988,-29.296875,25000000.000
6056,2005,-20.996094,25000000.000
6057,2015,-16.113281,25000000.000
6058,2027,-10.253906,25000000.000
6059,2028,-9.765625,25000000.000
6060,2053,2.441406,25000000.000
6061,2065,8.300781,25000000.000
6062,2075,13.183594,25000000.000
6063,2079,15.136719,25000000.000
6064,2100,25.390625,25000000.000
6065,2109,29.785156,25000000.000
6066,2114,32.226562,25000000.000
6067,2116,33.203125,25000000.000
6068,2126,38.085938,25000000.000
6069,2127,38.574219,25000000.000
6070,2129,39.550781,25000000.000
6071,2128,39.062500,25000000.000
6072,2123,36.621094,25000000.000
6073,2118,34.179688,25000000.000
6074,2111,30.761719,25000000.000
6075,2110,30.273438,25000000.000
6076,2091,20.996094,25000000.000
6077,2079,15.136719,25000000.000
6078,2066,8.789062,25000000.000
6079,2065,8.300781,25000000.000
6080,2040,-3.906250,25000000.000
6081,2029,-9.277344,25000000.000
6082,2015,-16.113281,25000000.000
6083,2014,-16.601562,25000000.000
6084,1993,-26.855469,25000000.000
6085,1985,-30.761719,25000000.000
6086,1978,-34.179688,25000000.000
6087,1978,-34.179688,25000000.000
6088,1969,-38.574219,25000000.000
6089,1966,-40.039062,25000000.000
6090,1966,-40.039062,25000000.000
6091,1967,-39.550781,25000000.000
6092,1970,-38.085938,25000000.000
6093,1975,-35.644531,25000000.000
6094,1980,-33.203125,25000000.000
6095,1980,-33.203125,25000000.000
6096,1996,-25.390625,25000000.000
6097,2007,-20.019531,25000000.000
6098,2017,-15.136719,25000000.000
6099,2018,-14.648438,25000000.000
6100,2042,-2.929688,25000000.000
6101,2055,3.417969,25000000.000
6102,2068,9.765625,25000000.000
6103,2068,9.765625,25000000.000
6104,2090,20.507812,25000000.000
6105,2102,26.367188,25000000.000
6106,2110,30.273438,25000000.000
6107,2110,30.273438,25000000.000
6108,2123,36.621094,25000000.000
6109,2126,38.085938,25000000.000
6110,2129,39.550781,25000000.000
6111,2128,39.062500,25000000.000
6112,2127,38.574219,25000000.000
6113,2123,36.621094,25000000.000
6114,2117,33.691406,25000000.000
6115,2116,33.203125,25000000.000
6116,2100,25.390625,25000000.000
6117,2089,20.019531,25000000.000
6118,2078,14.648438,25000000.000
6119,2076,13.671875,25000000.000
6120,2052,1.953125,25000000.000
6121,2039,-4.394531,25000000.000
6122,2026,-10.742188,25000000.000
6123,2025,-11.230469,25000000.000
6124,2003,-21.972656,25000000.000
6125,1993,-26.855469,25000000.000
6126,1984,-31.250000,25000000.000
6127,1984,-31.250000,25000000.000
6128,1973,-36.621094,25000000.000
6129,1970,-38.085938,25000000.000
6130,1967,-39.550781,25000000.000
6131,1967,-39.550781,25000000.000
6132,1967,-39.550781,25000000.000
6133,1971,-37.597656,25000000.000
6134,1975,-35.644531,25000000.000
6135,1975,-35.644531,25000000.000
6136,1989,-28.808594,25000000.000
6137,1998,-24.414062,25000000.000
6138,2008,-19.531250,25000000.000
6139,2009,-19.042969,25000000.000
6140,2031,-8.300781,25000000.000
6141,2043,-2.441406,25000000.000
6142,2056,3.906250,25000000.000
6143,2057,4.394531,25000000.000
6144,2082,16.601562,25000000.000
6145,2093,21.972656,25000000.000
6146,2103,26.855469,25000000.000
6147,2104,27.343750,25000000.000
6148,2118,34.179688,25000000.000
6149,2123,36.621094,25000000.000
6150,2127,38.574219,25000000.000
6151,2128,39.062500,25000000.000
6152,2129,39.550781,25000000.000
6153,2128,39.062500,25000000.000
6154,2124,37.109375,25000000.000
6155,2123,36.621094,25000000.000
6156,2109,29.785156,25000000.000
6157,2099,24.902344,25000000.000
6158,2089,20.019531,25000000.000
6159,2088,19.531250,25000000.000
6160,2063,7.324219,25000000.000
6161,2050,0.976562,25000000.000
6162,2037,-5.371094,25000000.000
6163,2037,-5.371094,25000000.000
6164,2012,-17.578125,25000000.000
6165,2000,-23.437500,25000000.000
6166,1991,-27.832031,25000000.000
6167,1991,-27.832031,25000000.000
6168,1976,-35.156250,25000000.000
6169,1971,-37.597656,25000000.000
6170,1967,-39.550781,25000000.000
6171,1967,-39.550781,25000000.000
6172,1966,-40.039062,25000000.000
6173,1968,-39.062500,25000000.000
6174,1971,-37.597656,25000000.000
6175,1972,-37.109375,25000000.000
6176,1983,-31.738281,25000000.000
6177,1989,-28.808594,25000000.000
6178,1999,-23.925781,25000000.000
6179,2000,-23.437500,25000000.000
6180,2019,-14.160156,25000000.000
6181,2031,-8.300781,25000000.000
6182,2045,-1.464844,25000000.000
6183,2045,-1.464844,25000000.000
6184,2071,11.230469,25000000.000
6185,2082,16.601562,25000000.000
6186,2093,21.972656,25000000.000
6187,2095,22.949219,25000000.000
6188,2113,31.738281,25000000.000
6189,2119,34.667969,25000000.000
6190,2125,37.597656,25000000.000
6191,2126,38.085938,25000000.000
6192,2130,40.039062,25000000.000
6193,2129,39.550781,25000000.000
6194,2128,39.062500,25000000.000
6195,2126,38.085938,25000000.000
6196,2116,33.203125,25000000.000
6197,2109,29.785156,25000000.000
6198,2098,24.414062,25000000.000
6199,2097,23.925781,25000000.000
6200,2076,13.671875,25000000.000
6201,2063,7.324219,25000000.000
6202,2050,0.976562,25000000.000
6203,2049,0.488281,25000000.000
6204,2023,-12.207031,25000000.000
6205,2012,-17.578125,25000000.000
6206,2000,-23.437500,25000000.000
6207,2000,-23.437500,25000000.000
6208,1983,-31.738281,25000000.000
6209,1975,-35.644531,25000000.000
6210,1970,-38.085938,25000000.000
6211,1970,-38.085938,25000000.000
6212,1966,-40.039062,25000000.000
6213,1966,-40.039062,25000000.000
6214,1968,-39.062500,25000000.000
6215,1969,-38.574219,25000000.000
6216,1977,-34.667969,25000000.000
6217,1983,-31.738281,25000000.000
6218,1992,-27.343750,25000000.000
6219,1993,-26.855469,25000000.000
6220,2011,-18.066406,25000000.000
6221,2022,-12.695312,25000000.000
6222,2035,-6.347656,25000000.000
6223,2036,-5.859375,25000000.000
6224,2060,5.859375,25000000.000
6225,2072,11.718750,25000000.000
6226,2084,17.578125,25000000.000
6227,2084,17.578125,25000000.000
6228,2104,27.343750,25000000.000
6229,2113,31.738281,25000000.000
6230,2120,35.156250,25000000.000
6231,2120,35.156250,25000000.000
6232,2127,38.574219,25000000.000
6233,2128,39.062500,25000000.000
6234,2127,38.574219,25000000.000
6235,2127,38.574219,25000000.000
6236,2119,34.667969,25000000.000
6237,2112,31.250000,25000000.000
6238,2105,27.832031,25000000.000
6239,2103,26.855469,25000000.000
6240,2084,17.578125,25000000.000
6241,2072,11.718750,25000000.000
6242,2060,5.859375,25000000.000
6243,2057,4.394531,25000000.000
6244,2034,-6.835938,25000000.000
6245,2021,-13.183594,25000000.000
6246,2010,-18.554688,25000000.000
6247,2008,-19.531250,25000000.000
6248,1989,-28.808594,25000000.000
6249,1981,-32.714844,25000000.000
6250,1974,-36.132812,25000000.000
6251,1974,-36.132812,25000000.000
6252,1966,-40.039062,25000000.000
6253,1965,-40.527344,25000000.000
6254,1965,-40.527344,25000000.000
6255,1965,-40.527344,25000000.000
6256,1972,-37.109375,25000000.000
6257,1977,-34.667969,25000000.000
6258,1985,-30.761719,25000000.000
6259,1984,-31.250000,25000000.000
6260,2002,-22.460938,25000000.000
6261,2013,-17.089844,25000000.000
6262,2025,-11.230469,25000000.000
6263,2027,-10.253906,25000000.000
6264,2050,0.976562,25000000.000
6265,2063,7.324219,25000000.000
6266,2075,13.183594,25000000.000
6267,2076,13.671875,25000000.000
6268,2098,24.414062,25000000.000
6269,2106,28.320312,25000000.000
6270,2114,32.226562,25000000.000
6271,2116,33.203125,25000000.000
6272,2125,37.597656,25000000.000
6273,2129,39.550781,25000000.000
6274,2129,39.550781,25000000.000
6275,2128,39.062500,25000000.000
6276,2125,37.597656,25000000.000
6277,2120,35.156250,25000000.000
6278,2113,31.738281,25000000.000
6279,2112,31.250000,25000000.000
6280,2095,22.949219,25000000.000
6281,2083,17.089844,25000000.000
6282,2070,10.742188,25000000.000
6283,2069,10.253906,25000000.000
6284,2045,-1.464844,25000000.000
6285,2031,-8.300781,25000000.000
6286,2018,-14.648438,25000000.000
6287,2018,-14.648438,25000000.000
6288,1996,-25.390625,25000000.000
6289,1987,-29.785156,25000000.000
6290,1979,-33.691406,25000000.000
6291,1978,-34.179688,25000000.000
6292,1968,-39.062500,25000000.000
6293,1964,-41.015625,25000000.000
6294,1964,-41.015625,25000000.000
6295,1964,-41.015625,25000000.000
6296,1967,-39.550781,25000000.000
6297,1972,-37.109375,25000000.000
6298,1978,-34.179688,25000000.000
6299,1977,-34.667969,25000000.000
6300,1993,-26.855469,25000000.000
6301,2003,-21.972656,25000000.000
6302,2015,-16.113281,25000000.000
6303,2015,-16.113281,25000000.000
6304,2038,-4.882812,25000000.000
6305,2052,1.953125,25000000.000
6306,2064,7.812500,25000000.000
6307,2066,8.789062,25000000.000
6308,2088,19.531250,25000000.000
6309,2099,24.902344,25000000.000
6310,2109,29.785156,25000000.000
6311,2110,30.273438,25000000.000
6312,2123,36.621094,25000000.000
6313,2128,39.062500,25000000.000
6314,2130,40.039062,25000000.000
6315,2130,40.039062,25000000.000
6316,2128,39.062500,25000000.000
6317,2127,38.574219,25000000.000
6318,2120,35.156250,25000000.000
6319,2119,34.667969,25000000.000
6320,2104,27.343750,25000000.000
6321,2094,22.460938,25000000.000
6322,2082,16.601562,25000000.000
6323,2081,16.113281,25000000.000
6324,2057,4.394531,25000000.000
6325,2042,-2.929688,25000000.000
6326,2028,-9.765625,25000000.000
6327,2028,-9.765625,25000000.000
6328,2006,-20.507812,25000000.000
6329,1994,-26.367188,25000000.000
6330,1985,-30.761719,25000000.000
6331,1984,-31.250000,25000000.000
6332,1971,-37.597656,25000000.000
6333,1968,-39.062500,25000000.000
6334,1965,-40.527344,25000000.000
6335,1965,-40.527344,25000000.000
6336,1966,-40.039062,25000000.000
6337,1968,-39.062500,25000000.000
6338,1973,-36.621094,25000000.000
6339,1973,-36.621094,25000000.000
6340,1986,-30.273438,25000000.000
6341,1993,-26.855469,25000000.000
6342,2004,-21.484375,25000000.000
6343,2005,-20.996094,25000000.000
6344,2026,-10.742188,25000000.000
6345,2039,-4.394531,25000000.000
6346,2052,1.953125,25000000.000
6347,2053,2.441406,25000000.000
6348,2078,14.648438,25000000.000
6349,2089,20.019531,25000000.000
6350,2100,25.390625,25000000.000
6351,2101,25.878906,25000000.000
6352,2118,34.179688,25000000.000
6353,2123,36.621094,25000000.000
6354,2128,39.062500,25000000.000
6355,2128,39.062500,25000000.000
6356,2130,40.039062,25000000.000
6357,2129,39.550781,25000000.000
6358,2125,37.597656,25000000.000
6359,2124,37.109375,25000000.000
6360,2112,31.250000,25000000.000
6361,2105,27.832031,25000000.000
6362,2095,22.949219,25000000.000
6363,2095,22.949219,25000000.000
6364,2067,9.277344,25000000.000
6365,2057,4.394531,25000000.000
6366,2042,-2.929688,25000000.000
6367,2040,-3.906250,25000000.000
6368,2017,-15.136719,25000000.000
6369,2004,-21.484375,25000000.000
6370,1994,-26.367188,25000000.000
6371,1994,-26.367188,25000000.000
6372,1979,-33.691406,25000000.000
6373,1972,-37.109375,25000000.000
6374,1969,-38.574219,25000000.000
6375,1968,-39.062500,25000000.000
6376,1966,-40.039062,25000000.000
6377,1967,-39.550781,25000000.000
6378,1970,-38.085938,25000000.000
6379,1969,-38.574219,25000000.000
6380,1979,-33.691406,25000000.000
6381,1987,-29.785156,25000000.000
6382,1995,-25.878906,25000000.000
6383,1997,-24.902344,25000000.000
6384,2018,-14.648438,25000000.000
6385,2029,-9.277344,25000000.000
6386,2041,-3.417969,25000000.000
6387,2043,-2.441406,25000000.000
6388,2067,9.277344,25000000.000
6389,2080,15.625000,25000000.000
6390,2091,20.996094,25000000.000
6391,2092,21.484375,25000000.000
6392,2110,30.273438,25000000.000
6393,2118,34.179688,25000000.000
6394,2123,36.621094,25000000.000
6395,2124,37.109375,25000000.000
6396,2129,39.550781,25000000.000
6397,2130,40.039062,25000000.000
6398,2127,38.574219,25000000.000
6399,2127,38.574219,25000000.000
6400,2118,34.179688,25000000.000
6401,2111,30.761719,25000000.000
6402,2102,26.367188,25000000.000
6403,2101,25.878906,25000000.000
6404,2080,15.625000,25000000.000
6405,2066,8.789062,25000000.000
6406,2054,2.929688,25000000.000
6407,2052,1.953125,25000000.000
6408,2028,-9.765625,25000000.000
6409,2014,-16.601562,25000000.000
6410,2003,-21.972656,25000000.000
6411,2003,-21.972656,25000000.000
6412,1982,-32.226562,25000000.000
6413,1976,-35.156250,25000000.000
6414,1971,-37.597656,25000000.000
6415,1970,-38.085938,25000000.000
6416,1965,-40.527344,25000000.000
6417,1964,-41.015625,25000000.000
6418,1966,-40.039062,25000000.000
6419,1967,-39.550781,25000000.000
6420,1973,-36.621094,25000000.000
6421,1980,-33.203125,25000000.000
6422,1987,-29.785156,25000000.000
6423,1988,-29.296875,25000000.000
6424,2006,-20.507812,25000000.000
6425,2018,-14.648438,25000000.000
6426,2031,-8.300781,25000000.000
6427,2031,-8.300781,25000000.000
6428,2056,3.906250,25000000.000
6429,2069,10.253906,25000000.000
6430,2081,16.113281,25000000.000
6431,2082,16.601562,25000000.000
6432,2102,26.367188,25000000.000
6433,2111,30.761719,25000000.000
6434,2117,33.691406,25000000.000
6435,2117,33.691406,25000000.000
6436,2127,38.574219,25000000.000
6437,2128,39.062500,25000000.000
6438,2128,39.062500,25000000.000
6439,2127,38.574219,25000000.000
6440,2122,36.132812,25000000.000
6441,2116,33.203125,25000000.000
6442,2109,29.785156,25000000.000
6443,2108,29.296875,25000000.000
6444,2087,19.042969,25000000.000
6445,2077,14.160156,25000000.000
6446,2063,7.324219,25000000.000
6447,2063,7.324219,25000000.000
6448,2036,-5.859375,25000000.000
6449,2024,-11.718750,25000000.000
6450,2012,-17.578125,25000000.000
6451,2011,-18.066406,25000000.000
6452,1991,-27.832031,25000000.000
6453,1981,-32.714844,25000000.000
6454,1974,-36.132812,25000000.000
6455,1975,-35.644531,25000000.000
6456,1967,-39.550781,25000000.000
6457,1965,-40.527344,25000000.000
6458,1964,-41.015625,25000000.000
6459,1964,-41.015625,25000000.000
6460,1968,-39.062500,25000000.000
6461,1974,-36.132812,25000000.000
6462,1980,-33.203125,25000000.000
6463,1981,-32.714844,25000000.000
6464,1997,-24.902344,25000000.000
6465,2009,-19.042969,25000000.000
6466,2022,-12.695312,25000000.000
6467,2022,-12.695312,25000000.000
6468,2047,-0.488281,25000000.000
6469,2061,6.347656,25000000.000
6470,2073,12.207031,25000000.000
6471,2075,13.183594,25000000.000
6472,2096,23.437500,25000000.000
6473,2104,27.343750,25000000.000
6474,2112,31.250000,25000000.000
6475,2113,31.738281,25000000.000
6476,2123,36.621094,25000000.000
6477,2127,38.574219,25000000.000
6478,2128,39.062500,25000000.000
6479,2128,39.062500,25000000.000
6480,2125,37.597656,25000000.000
6481,2121,35.644531,25000000.000
6482,2115,32.714844,25000000.000
6483,2114,32.226562,25000000.000
6484,2097,23.925781,25000000.000
6485,2086,18.554688,25000000.000
6486,2074,12.695312,25000000.000
6487,2072,11.718750,25000000.000
6488,2047,-0.488281,25000000.000
6489,2034,-6.835938,25000000.000
6490,2022,-12.695312,25000000.000
6491,2020,-13.671875,25000000.000
6492,1998,-24.414062,25000000.000
6493,1989,-28.808594,25000000.000
6494,1981,-32.714844,25000000.000
6495,1979,-33.691406,25000000.000
6496,1970,-38.085938,25000000.000
6497,1966,-40.039062,25000000.000
6498,1964,-41.015625,25000000.000
6499,1965,-40.527344,25000000.000
6500,1965,-40.527344,25000000.000
6501,1970,-38.085938,25000000.000
6502,1975,-35.644531,25000000.000
6503,1976,-35.156250,25000000.000
6504,1990,-28.320312,25000000.000
6505,2000,-23.437500,25000000.000
6506,2011,-18.066406,25000000.000
6507,2013,-17.089844,25000000.000
6508,2036,-5.859375,25000000.000
6509,2050,0.976562,25000000.000
6510,2063,7.324219,25000000.000
6511,2064,7.812500,25000000.000
6512,2087,19.042969,25000000.000
6513,2097,23.925781,25000000.000
6514,2107,28.808594,25000000.000
6515,2107,28.808594,25000000.000
6516,2120,35.156250,25000000.000
6517,2125,37.597656,25000000.000
6518,2128,39.062500,25000000.000
6519,2129,39.550781,25000000.000
6520,2129,39.550781,25000000.000
6521,2127,38.574219,25000000.000
6522,2123,36.621094,25000000.000
6523,2122,36.132812,25000000.000
6524,2107,28.808594,25000000.000
6525,2097,23.925781,25000000.000
6526,2087,19.042969,25000000.000
6527,2084,17.578125,25000000.000
6528,2060,5.859375,25000000.000
6529,2046,-0.976562,25000000.000
6530,2033,-7.324219,25000000.000
6531,2032,-7.812500,25000000.000
6532,2007,-20.019531,25000000.000
6533,1998,-24.414062,25000000.000
6534,1988,-29.296875,25000000.000
6535,1987,-29.785156,25000000.000
6536,1975,-35.644531,25000000.000
6537,1970,-38.085938,25000000.000
6538,1967,-39.550781,25000000.000
6539,1968,-39.062500,25000000.000
6540,1966,-40.039062,25000000.000
6541,1968,-39.062500,25000000.000
6542,1973,-36.621094,25000000.000
6543,1973,-36.621094,25000000.000
6544,1983,-31.738281,25000000.000
6545,1992,-27.343750,25000000.000
6546,2001,-22.949219,25000000.000
6547,2003,-21.972656,25000000.000
6548,2025,-11.230469,25000000.000
6549,2037,-5.371094,25000000.000
6550,2050,0.976562,25000000.000
6551,2052,1.953125,25000000.000
6552,2076,13.671875,25000000.000
6553,2089,20.019531,25000000.000
6554,2099,24.902344,25000000.000
6555,2099,24.902344,25000000.000
6556,2115,32.714844,25000000.000
6557,2121,35.644531,25000000.000
6558,2126,38.085938,25000000.000
6559,2127,38.574219,25000000.000
6560,2130,40.039062,25000000.000
6561,2129,39.550781,25000000.000
6562,2126,38.085938,25000000.000
6563,2126,38.085938,25000000.000
6564,2115,32.714844,25000000.000
6565,2106,28.320312,25000000.000
6566,2096,23.437500,25000000.000
6567,2094,22.460938,25000000.000
6568,2071,11.230469,25000000.000
6569,2058,4.882812,25000000.000
6570,2044,-1.953125,25000000.000
6571,2042,-2.929688,25000000.000
6572,2018,-14.648438,25000000.000
6573,2005,-20.996094,25000000.000
6574,1996,-25.390625,25000000.000
6575,1994,-26.367188,25000000.000
6576,1979,-33.691406,25000000.000
6577,1973,-36.621094,25000000.000
6578,1968,-39.062500,25000000.000
6579,1968,-39.062500,25000000.000
6580,1965,-40.527344,25000000.000
6581,1967,-39.550781,25000000.000
6582,1968,-39.062500,25000000.000
6583,1970,-38.085938,25000000.000
6584,1978,-34.179688,25000000.000
6585,1985,-30.761719,25000000.000
6586,1993,-26.855469,25000000.000
6587,1994,-26.367188,25000000.000
6588,2014,-16.601562,25000000.000
6589,2025,-11.230469,25000000.000
6590,2038,-4.882812,25000000.000
6591,2041,-3.417969,25000000.000
6592,2064,7.812500,25000000.000
6593,2077,14.160156,25000000.000
6594,2088,19.531250,25000000.000
6595,2089,20.019531,25000000.000
6596,2108,29.296875,25000000.000
6597,2115,32.714844,25000000.000
6598,2122,36.132812,25000000.000
6599,2122,36.132812,25000000.000
6600,2128,39.062500,25000000.000
6601,2128,39.062500,25000000.000
6602,2126,38.085938,25000000.000
6603,2128,39.062500,25000000.000
6604,2119,34.667969,25000000.000
6605,2111,30.761719,25000000.000
6606,2101,25.878906,25000000.000
6607,2101,25.878906,25000000.000
6608,2079,15.136719,25000000.000
6609,2067,9.277344,25000000.000
6610,2053,2.441406,25000000.000
6611,2052,1.953125,25000000.000
6612,2028,-9.765625,25000000.000
6613,2016,-15.625000,25000000.000
6614,2004,-21.484375,25000000.000
6615,2003,-21.972656,25000000.000
6616,1985,-30.761719,25000000.000
6617,1978,-34.179688,25000000.000
6618,1973,-36.621094,25000000.000
6619,1973,-36.621094,25000000.000
6620,1967,-39.550781,25000000.000
6621,1966,-40.039062,25000000.000
6622,1968,-39.062500,25000000.000
6623,1967,-39.550781,25000000.000
6624,1975,-35.644531,25000000.000
6625,1981,-32.714844,25000000.000
6626,1987,-29.785156,25000000.000
6627,1987,-29.785156,25000000.000
6628,2005,-20.996094,25000000.000
6629,2016,-15.625000,25000000.000
6630,2026,-10.742188,25000000.000
6631,2029,-9.277344,25000000.000
6632,2053,2.441406,25000000.000
6633,2066,8.789062,25000000.000
6634,2077,14.160156,25000000.000
6635,2079,15.136719,25000000.000
6636,2099,24.902344,25000000.000
6637,2109,29.785156,25000000.000
6638,2117,33.691406,25000000.000
6639,2117,33.691406,25000000.000
6640,2126,38.085938,25000000.000
6641,2129,39.550781,25000000.000
6642,2128,39.062500,25000000.000
6643,2129,39.550781,25000000.000
6644,2124,37.109375,25000000.000
6645,2117,33.691406,25000000.000
6646,2109,29.785156,25000000.000
6647,2109,29.785156,25000000.000
6648,2090,20.507812,25000000.000
6649,2078,14.648438,25000000.000
6650,2066,8.789062,25000000.000
6651,2064,7.812500,25000000.000
6652,2040,-3.906250,25000000.000
6653,2026,-10.742188,25000000.000
6654,2013,-17.089844,25000000.000
6655,2013,-17.089844,25000000.000
6656,1993,-26.855469,25000000.000
6657,1984,-31.250000,25000000.000
6658,1978,-34.179688,25000000.000
6659,1976,-35.156250,25000000.000
6660,1968,-39.062500,25000000.000
6661,1967,-39.550781,25000000.000
6662,1966,-40.039062,25000000.000
6663,1967,-39.550781,25000000.000
6664,1971,-37.597656,25000000.000
6665,1975,-35.644531,25000000.000
6666,1980,-33.203125,25000000.000
6667,1981,-32.714844,25000000.000
6668,1997,-24.902344,25000000.000
6669,2007,-20.019531,25000000.000
6670,2017,-15.136719,25000000.000
6671,2018,-14.648438,25000000.000
6672,2041,-3.417969,25000000.000
6673,2055,3.417969,25000000.000
6674,2067,9.277344,25000000.000
6675,2068,9.765625,25000000.000
6676,2092,21.484375,25000000.000
6677,2102,26.367188,25000000.000
6678,2111,30.761719,25000000.000
6679,2111,30.761719,25000000.000
6680,2123,36.621094,25000000.000
6681,2127,38.574219,25000000.000
6682,2129,39.550781,25000000.000
6683,2130,40.039062,25000000.000
6684,2126,38.085938,25000000.000
6685,2122,36.132812,25000000.000
6686,2115,32.714844,25000000.000
6687,2116,33.203125,25000000.000
6688,2099,24.902344,25000000.000
6689,2088,19.531250,25000000.000
6690,2076,13.671875,25000000.000
6691,2076,13.671875,25000000.000
6692,2050,0.976562,25000000.000
6693,2038,-4.882812,25000000.000
6694,2025,-11.230469,25000000.000
6695,2023,-12.207031,25000000.000
6696,2002,-22.460938,25000000.000
6697,1992,-27.343750,25000000.000
6698,1984,-31.250000,25000000.000
6699,1984,-31.250000,25000000.000
6700,1972,-37.109375,25000000.000
6701,1968,-39.062500,25000000.000
6702,1968,-39.062500,25000000.000
6703,1968,-39.062500,25000000.000
6704,1968,-39.062500,25000000.000
6705,1972,-37.109375,25000000.000
6706,1977,-34.667969,25000000.000
6707,1978,-34.179688,25000000.000
6708,1990,-28.320312,25000000.000
6709,2001,-22.949219,25000000.000
6710,2007,-20.019531,25000000.000
6711,2015,-16.113281,25000000.000
6712,2037,-5.371094,25000000.000
6713,2045,-1.464844,25000000.000
6714,2057,4.394531,25000000.000
6715,2060,5.859375,25000000.000
6716,2082,16.601562,25000000.000
6717,2093,21.972656,25000000.000
6718,2103,26.855469,25000000.000
6719,2105,27.832031,25000000.000
6720,2119,34.667969,25000000.000
6721,2124,37.109375,25000000.000
6722,2128,39.062500,25000000.000
6723,2128,39.062500,25000000.000
6724,2130,40.039062,25000000.000
6725,2127,38.574219,25000000.000
6726,2122,36.132812,25000000.000
6727,2122,36.132812,25000000.000
6728,2108,29.296875,25000000.000
6729,2098,24.414062,25000000.000
6730,2087,19.042969,25000000.000
6731,2086,18.554688,25000000.000
6732,2063,7.324219,25000000.000
6733,2050,0.976562,25000000.000
6734,2038,-4.882812,25000000.000
6735,2036,-5.859375,25000000.000
6736,2012,-17.578125,25000000.000
6737,2001,-22.949219,25000000.000
6738,1992,-27.343750,25000000.000
6739,1990,-28.320312,25000000.000
6740,1977,-34.667969,25000000.000
6741,1972,-37.109375,25000000.000
6742,1968,-39.062500,25000000.000
6743,1967,-39.550781,25000000.000
6744,1966,-40.039062,25000000.000
6745,1968,-39.062500,25000000.000
6746,1972,-37.109375,25000000.000
6747,1972,-37.109375,25000000.000
6748,1983,-31.738281,25000000.000
6749,1991,-27.832031,25000000.000
6750,1999,-23.925781,25000000.000
6751,2001,-22.949219,25000000.000
6752,2021,-13.183594,25000000.000
6753,2034,-6.835938,25000000.000
6754,2046,-0.976562,25000000.000
6755,2046,-0.976562,25000000.000
6756,2070,10.742188,25000000.000
6757,2083,17.089844,25000000.000
6758,2094,22.460938,25000000.000
6759,2095,22.949219,25000000.000
6760,2110,30.273438,25000000.000
6761,2118,34.179688,25000000.000
6762,2124,37.109375,25000000.000
6763,2124,37.109375,25000000.000
6764,2129,39.550781,25000000.000
6765,2128,39.062500,25000000.000
6766,2125,37.597656,25000000.000
6767,2124,37.109375,25000000.000
6768,2115,32.714844,25000000.000
6769,2105,27.832031,25000000.000
6770,2096,23.437500,25000000.000
6771,2095,22.949219,25000000.000
6772,2073,12.207031,25000000.000
6773,2061,6.347656,25000000.000
6774,2048,0.000000,25000000.000
6775,2045,-1.464844,25000000.000
6776,2023,-12.207031,25000000.000
6777,2009,-19.042969,25000000.000
6778,1999,-23.925781,25000000.000
6779,1999,-23.925781,25000000.000
6780,1981,-32.714844,25000000.000
6781,1974,-36.132812,25000000.000
6782,1970,-38.085938,25000000.000
6783,1970,-38.085938,25000000.000
6784,1966,-40.039062,25000000.000
6785,1966,-40.039062,25000000.000
6786,1969,-38.574219,25000000.000
6787,1968,-39.062500,25000000.000
6788,1978,-34.179688,25000000.000
6789,1984,-31.250000,25000000.000
6790,1992,-27.343750,25000000.000
6791,1993,-26.855469,25000000.000
6792,2013,-17.089844,25000000.000
6793,2024,-11.718750,25000000.000
6794,2036,-5.859375,25000000.000
6795,2038,-4.882812,25000000.000
6796,2061,6.347656,25000000.000
6797,2075,13.183594,25000000.000
6798,2086,18.554688,25000000.000
6799,2088,19.531250,25000000.000
6800,2106,28.320312,25000000.000
6801,2114,32.226562,25000000.000
6802,2121,35.644531,25000000.000
6803,2120,35.156250,25000000.000
6804,2128,39.062500,25000000.000
6805,2129,39.550781,25000000.000
6806,2128,39.062500,25000000.000
6807,2127,38.574219,25000000.000
6808,2119,34.667969,25000000.000
6809,2113,31.738281,25000000.000
6810,2104,27.343750,25000000.000
6811,2104,27.343750,25000000.000
6812,2083,17.089844,25000000.000
6813,2071,11.230469,25000000.000
6814,2057,4.394531,25000000.000
6815,2055,3.417969,25000000.000
6816,2031,-8.300781,25000000.000
6817,2019,-14.160156,25000000.000
6818,2007,-20.019531,25000000.000
6819,2006,-20.507812,25000000.000
6820,1988,-29.296875,25000000.000
6821,1980,-33.203125,25000000.000
6822,1974,-36.132812,25000000.000
6823,1974,-36.132812,25000000.000
6824,1966,-40.039062,25000000.000
6825,1965,-40.527344,25000000.000
6826,1966,-40.039062,25000000.000
6827,1967,-39.550781,25000000.000
6828,1972,-37.109375,25000000.000
6829,1977,-34.667969,25000000.000
6830,1984,-31.250000,25000000.000
6831,1986,-30.273438,25000000.000
6832,2002,-22.460938,25000000.000
6833,2012,-17.578125,25000000.000
6834,2023,-12.207031,25000000.000
6835,2025,-11.230469,25000000.000
6836,2050,0.976562,25000000.000
6837,2063,7.324219,25000000.000
6838,2075,13.183594,25000000.000
6839,2076,13.671875,25000000.000
6840,2098,24.414062,25000000.000
6841,2107,28.808594,25000000.000
6842,2115,32.714844,25000000.000
6843,2116,33.203125,25000000.000
6844,2125,37.597656,25000000.000
6845,2128,39.062500,25000000.000
6846,2128,39.062500,25000000.000
6847,2128,39.062500,25000000.000
6848,2123,36.621094,25000000.000
6849,2118,34.179688,25000000.000
6850,2110,30.273438,25000000.000
6851,2110,30.273438,25000000.000
6852,2092,21.484375,25000000.000
6853,2080,15.625000,25000000.000
6854,2068,9.765625,25000000.000
6855,2066,8.789062,25000000.000
6856,2042,-2.929688,25000000.000
6857,2030,-8.789062,25000000.000
6858,2016,-15.625000,25000000.000
6859,2015,-16.113281,25000000.000
6860,1996,-25.390625,25000000.000
6861,1986,-30.273438,25000000.000
6862,1978,-34.179688,25000000.000
6863,1978,-34.179688,25000000.000
6864,1968,-39.062500,25000000.000
6865,1966,-40.039062,25000000.000
6866,1965,-40.527344,25000000.000
6867,1966,-40.039062,25000000.000
6868,1969,-38.574219,25000000.000
6869,1973,-36.621094,25000000.000
6870,1979,-33.691406,25000000.000
6871,1979,-33.691406,25000000.000
6872,1995,-25.878906,25000000.000
6873,2004,-21.484375,25000000.000
6874,2016,-15.625000,25000000.000
6875,2017,-15.136719,25000000.000
6876,2041,-3.417969,25000000.000
6877,2053,2.441406,25000000.000
6878,2067,9.277344,25000000.000
6879,2068,9.765625,25000000.000
6880,2091,20.996094,25000000.000
6881,2101,25.878906,25000000.000
6882,2110,30.273438,25000000.000
6883,2110,30.273438,25000000.000
6884,2123,36.621094,25000000.000
6885,2125,37.597656,25000000.000
6886,2127,38.574219,25000000.000
6887,2128,39.062500,25000000.000
6888,2126,38.085938,25000000.000
6889,2122,36.132812,25000000.000
6890,2118,34.179688,25000000.000
6891,2117,33.691406,25000000.000
6892,2102,26.367188,25000000.000
6893,2091,20.996094,25000000.000
6894,2080,15.625000,25000000.000
6895,2078,14.648438,25000000.000
6896,2054,2.929688,25000000.000
6897,2042,-2.929688,25000000.000
6898,2028,-9.765625,25000000.000
6899,2028,-9.765625,25000000.000
6900,2004,-21.484375,25000000.000
6901,1994,-26.367188,25000000.000
6902,1986,-30.273438,25000000.000
6903,1984,-31.250000,25000000.000
6904,1972,-37.109375,25000000.000
6905,1968,-39.062500,25000000.000
6906,1966,-40.039062,25000000.000
6907,1966,-40.039062,25000000.000
6908,1967,-39.550781,25000000.000
6909,1970,-38.085938,25000000.000
6910,1975,-35.644531,25000000.000
6911,1974,-36.132812,25000000.000
6912,1987,-29.785156,25000000.000
6913,1997,-24.902344,25000000.000
6914,2006,-20.507812,25000000.000
6915,2008,-19.531250,25000000.000
6916,2031,-8.300781,25000000.000
6917,2044,-1.953125,25000000.000
6918,2056,3.906250,25000000.000
6919,2057,4.394531,25000000.000
6920,2080,15.625000,25000000.000
6921,2092,21.484375,25000000.000
6922,2102,26.367188,25000000.000
6923,2103,26.855469,25000000.000
6924,2117,33.691406,25000000.000
6925,2123,36.621094,25000000.000
6926,2127,38.574219,25000000.000
6927,2126,38.085938,25000000.000
6928,2130,40.039062,25000000.000
6929,2127,38.574219,25000000.000
6930,2124,37.109375,25000000.000
6931,2123,36.621094,25000000.000
6932,2112,31.250000,25000000.000
6933,2102,26.367188,25000000.000
6934,2090,20.507812,25000000.000
6935,2089,20.019531,25000000.000
6936,2066,8.789062,25000000.000
6937,2053,2.441406,25000000.000
6938,2039,-4.394531,25000000.000
6939,2038,-4.882812,25000000.000
6940,2012,-17.578125,25000000.000
6941,2001,-22.949219,25000000.000
6942,1992,-27.343750,25000000.000
6943,1990,-28.320312,25000000.000
6944,1976,-35.156250,25000000.000
6945,1971,-37.597656,25000000.000
6946,1969,-38.574219,25000000.000
6947,1968,-39.062500,25000000.000
6948,1966,-40.039062,25000000.000
6949,1968,-39.062500,25000000.000
6950,1971,-37.597656,25000000.000
6951,1971,-37.597656,25000000.000
6952,1981,-32.714844,25000000.000
6953,1990,-28.320312,25000000.000
6954,1998,-24.414062,25000000.000
6955,1998,-24.414062,25000000.000
6956,2020,-13.671875,25000000.000
6957,2032,-7.812500,25000000.000
6958,2045,-1.464844,25000000.000
6959,2045,-1.464844,25000000.000
6960,2071,11.230469,25000000.000
6961,2083,17.089844,25000000.000
6962,2094,22.460938,25000000.000
6963,2094,22.460938,25000000.000
6964,2112,31.250000,25000000.000
6965,2119,34.667969,25000000.000
6966,2124,37.109375,25000000.000
6967,2124,37.109375,25000000.000
6968,2129,39.550781,25000000.000
6969,2129,39.550781,25000000.000
6970,2127,38.574219,25000000.000
6971,2126,38.085938,25000000.000
6972,2117,33.691406,25000000.000
6973,2110,30.273438,25000000.000
6974,2100,25.390625,25000000.000
6975,2099,24.902344,25000000.000
6976,2077,14.160156,25000000.000
6977,2064,7.812500,25000000.000
6978,2051,1.464844,25000000.000
6979,2050,0.976562,25000000.000
6980,2023,-12.207031,25000000.000
6981,2011,-18.066406,25000000.000
6982,2000,-23.437500,25000000.000
6983,1999,-23.925781,25000000.000
6984,1983,-31.738281,25000000.000
6985,1977,-34.667969,25000000.000
6986,1973,-36.621094,25000000.000
6987,1972,-37.109375,25000000.000
6988,1967,-39.550781,25000000.000
6989,1967,-39.550781,25000000.000
6990,1969,-38.574219,25000000.000
6991,1970,-38.085938,25000000.000
6992,1976,-35.156250,25000000.000
6993,1983,-31.738281,25000000.000
6994,1989,-28.808594,25000000.000
6995,1990,-28.320312,25000000.000
6996,2008,-19.531250,25000000.000
6997,2020,-13.671875,25000000.000
6998,2032,-7.812500,25000000.000
6999,2033,-7.324219,25000000.000
7000,2058,4.882812,25000000.000
7001,2070,10.742188,25000000.000
7002,2082,16.601562,25000000.000
7003,2084,17.578125,25000000.000
7004,2104,27.343750,25000000.000
7005,2112,31.250000,25000000.000
7006,2119,34.667969,25000000.000
7007,2120,35.156250,25000000.000
7008,2127,38.574219,25000000.000
7009,2128,39.062500,25000000.000
7010,2127,38.574219,25000000.000
7011,2128,39.062500,25000000.000
7012,2121,35.644531,25000000.000
7013,2115,32.714844,25000000.000
7014,2106,28.320312,25000000.000
7015,2105,27.832031,25000000.000
7016,2086,18.554688,25000000.000
7017,2074,12.695312,25000000.000
7018,2061,6.347656,25000000.000
7019,2060,5.859375,25000000.000
7020,2034,-6.835938,25000000.000
7021,2022,-12.695312,25000000.000
7022,2009,-19.042969,25000000.000
7023,2008,-19.531250,25000000.000
7024,1988,-29.296875,25000000.000
7025,1981,-32.714844,25000000.000
7026,1974,-36.132812,25000000.000
7027,1975,-35.644531,25000000.000
7028,1966,-40.039062,25000000.000
7029,1965,-40.527344,25000000.000
7030,1966,-40.039062,25000000.000
7031,1966,-40.039062,25000000.000
7032,1972,-37.109375,25000000.000
7033,1976,-35.156250,25000000.000
7034,1983,-31.738281,25000000.000
7035,1984,-31.250000,25000000.000
7036,2000,-23.437500,25000000.000
7037,2010,-18.554688,25000000.000
7038,2021,-13.183594,25000000.000
7039,2023,-12.207031,25000000.000
7040,2047,-0.488281,25000000.000
7041,2059,5.371094,25000000.000
7042,2072,11.718750,25000000.000
7043,2073,12.207031,25000000.000
7044,2094,22.460938,25000000.000
7045,2104,27.343750,25000000.000
7046,2113,31.738281,25000000.000
7047,2114,32.226562,25000000.000
7048,2124,37.109375,25000000.000
7049,2127,38.574219,25000000.000
7050,2127,38.574219,25000000.000
7051,2129,39.550781,25000000.000
7052,2125,37.597656,25000000.000
7053,2121,35.644531,25000000.000
7054,2113,31.738281,25000000.000
7055,2114,32.226562,25000000.000
7056,2095,22.949219,25000000.000
7057,2084,17.578125,25000000.000
7058,2070,10.742188,25000000.000
7059,2069,10.253906,25000000.000
7060,2049,0.488281,25000000.000
7061,2032,-7.812500,25000000.000
7062,2021,-13.183594,25000000.000
7063,2018,-14.648438,25000000.000
7064,1998,-24.414062,25000000.000
7065,1988,-29.296875,25000000.000
7066,1980,-33.203125,25000000.000
7067,1979,-33.691406,25000000.000
7068,1969,-38.574219,25000000.000
7069,1967,-39.550781,25000000.000
7070,1967,-39.550781,25000000.000
7071,1965,-40.527344,25000000.000
7072,1969,-38.574219,25000000.000
7073,1973,-36.621094,25000000.000
7074,1978,-34.179688,25000000.000
7075,1978,-34.179688,25000000.000
7076,1993,-26.855469,25000000.000
7077,2002,-22.460938,25000000.000
7078,2012,-17.578125,25000000.000
7079,2013,-17.089844,25000000.000
7080,2035,-6.347656,25000000.000
7081,2047,-0.488281,25000000.000
7082,2060,5.859375,25000000.000
7083,2062,6.835938,25000000.000
7084,2086,18.554688,25000000.000
7085,2096,23.437500,25000000.000
7086,2105,27.832031,25000000.000
7087,2107,28.808594,25000000.000
7088,2122,36.132812,25000000.000
7089,2125,37.597656,25000000.000
7090,2128,39.062500,25000000.000
7091,2129,39.550781,25000000.000
7092,2128,39.062500,25000000.000
7093,2125,37.597656,25000000.000
7094,2118,34.179688,25000000.000
7095,2118,34.179688,25000000.000
7096,2103,26.855469,25000000.000
7097,2093,21.972656,25000000.000
7098,2082,16.601562,25000000.000
7099,2081,16.113281,25000000.000
7100,2057,4.394531,25000000.000
7101,2045,-1.464844,25000000.000
7102,2032,-7.812500,25000000.000
7103,2030,-8.789062,25000000.000
7104,2007,-20.019531,25000000.000
7105,1996,-25.390625,25000000.000
7106,1988,-29.296875,25000000.000
7107,1986,-30.273438,25000000.000
7108,1973,-36.621094,25000000.000
7109,1968,-39.062500,25000000.000
7110,1966,-40.039062,25000000.000
7111,1966,-40.039062,25000000.000
7112,1966,-40.039062,25000000.000
7113,1970,-38.085938,25000000.000
7114,1973,-36.621094,25000000.000
7115,1973,-36.621094,25000000.000
7116,1987,-29.785156,25000000.000
7117,1996,-25.390625,25000000.000
7118,2006,-20.507812,25000000.000
7119,2006,-20.507812,25000000.000
7120,2028,-9.765625,25000000.000
7121,2040,-3.906250,25000000.000
7122,2051,1.464844,25000000.000
7123,2053,2.441406,25000000.000
7124,2076,13.671875,25000000.000
7125,2089,20.019531,25000000.000
7126,2098,24.414062,25000000.000
7127,2100,25.390625,25000000.000
7128,2116,33.203125,25000000.000
7129,2124,37.109375,25000000.000
7130,2127,38.574219,25000000.000
7131,2129,39.550781,25000000.000
7132,2131,40.527344,25000000.000
7133,2128,39.062500,25000000.000
7134,2126,38.085938,25000000.000
7135,2124,37.109375,25000000.000
7136,2112,31.250000,25000000.000
7137,2102,26.367188,25000000.000
7138,2092,21.484375,25000000.000
7139,2091,20.996094,25000000.000
7140,2067,9.277344,25000000.000
7141,2055,3.417969,25000000.000
7142,2042,-2.929688,25000000.000
7143,2040,-3.906250,25000000.000
7144,2016,-15.625000,25000000.000
7145,2005,-20.996094,25000000.000
7146,1995,-25.878906,25000000.000
7147,1994,-26.367188,25000000.000
7148,1980,-33.203125,25000000.000
7149,1973,-36.621094,25000000.000
7150,1968,-39.062500,25000000.000
7151,1968,-39.062500,25000000.000
7152,1966,-40.039062,25000000.000
7153,1967,-39.550781,25000000.000
7154,1969,-38.574219,25000000.000
7155,1969,-38.574219,25000000.000
7156,1980,-33.203125,25000000.000
7157,1987,-29.785156,25000000.000
7158,1996,-25.390625,25000000.000
7159,1997,-24.902344,25000000.000
7160,2012,-17.578125,25000000.000
7161,2026,-10.742188,25000000.000
7162,2041,-3.417969,25000000.000
7163,2043,-2.441406,25000000.000
7164,2065,8.300781,25000000.000
7165,2078,14.648438,25000000.000
7166,2090,20.507812,25000000.000
7167,2090,20.507812,25000000.000
7168,2110,30.273438,25000000.000
7169,2118,34.179688,25000000.000
7170,2124,37.109375,25000000.000
7171,2124,37.109375,25000000.000
7172,2130,40.039062,25000000.000
7173,2131,40.527344,25000000.000
7174,2129,39.550781,25000000.000
7175,2128,39.062500,25000000.000
7176,2118,34.179688,25000000.000
7177,2111,30.761719,25000000.000
7178,2101,25.878906,25000000.000
7179,2100,25.390625,25000000.000
7180,2078,14.648438,25000000.000
7181,2065,8.300781,25000000.000
7182,2053,2.441406,25000000.000
7183,2051,1.464844,25000000.000
7184,2026,-10.742188,25000000.000
7185,2015,-16.113281,25000000.000
7186,2004,-21.484375,25000000.000
7187,2003,-21.972656,25000000.000
7188,1984,-31.250000,25000000.000
7189,1977,-34.667969,25000000.000
7190,1971,-37.597656,25000000.000
7191,1971,-37.597656,25000000.000
7192,1966,-40.039062,25000000.000
7193,1966,-40.039062,25000000.000
7194,1966,-40.039062,25000000.000
7195,1967,-39.550781,25000000.000
7196,1975,-35.644531,25000000.000
7197,1980,-33.203125,25000000.000
7198,1988,-29.296875,25000000.000
7199,1988,-29.296875,25000000.000
7200,2006,-20.507812,25000000.000
7201,2017,-15.136719,25000000.000
7202,2029,-9.277344,25000000.000
7203,2029,-9.277344,25000000.000
7204,2054,2.929688,25000000.000
7205,2067,9.277344,25000000.000
7206,2080,15.625000,25000000.000
7207,2081,16.113281,25000000.000
7208,2100,25.390625,25000000.000
7209,2110,30.273438,25000000.000
7210,2118,34.179688,25000000.000
7211,2118,34.179688,25000000.000
7212,2128,39.062500,25000000.000
7213,2130,40.039062,25000000.000
7214,2129,39.550781,25000000.000
7215,2130,40.039062,25000000.000
7216,2124,37.109375,25000000.000
7217,2118,34.179688,25000000.000
7218,2110,30.273438,25000000.000
7219,2108,29.296875,25000000.000
7220,2090,20.507812,25000000.000
7221,2078,14.648438,25000000.000
7222,2065,8.300781,25000000.000
7223,2063,7.324219,25000000.000
7224,2038,-4.882812,25000000.000
7225,2024,-11.718750,25000000.000
7226,2012,-17.578125,25000000.000
7227,2011,-18.066406,25000000.000
7228,1991,-27.832031,25000000.000
7229,1982,-32.226562,25000000.000
7230,1975,-35.644531,25000000.000
7231,1975,-35.644531,25000000.000
7232,1966,-40.039062,25000000.000
7233,1964,-41.015625,25000000.000
7234,1964,-41.015625,25000000.000
7235,1965,-40.527344,25000000.000
7236,1969,-38.574219,25000000.000
7237,1974,-36.132812,25000000.000
7238,1980,-33.203125,25000000.000
7239,1981,-32.714844,25000000.000
7240,1998,-24.414062,25000000.000
7241,2007,-20.019531,25000000.000
7242,2019,-14.160156,25000000.000
7243,2020,-13.671875,25000000.000
7244,2042,-2.929688,25000000.000
7245,2056,3.906250,25000000.000
7246,2069,10.253906,25000000.000
7247,2070,10.742188,25000000.000
7248,2091,20.996094,25000000.000
7249,2102,26.367188,25000000.000
7250,2111,30.761719,25000000.000
7251,2113,31.738281,25000000.000
7252,2125,37.597656,25000000.000
7253,2128,39.062500,25000000.000
7254,2130,40.039062,25000000.000
7255,2130,40.039062,25000000.000
7256,2126,38.085938,25000000.000
7257,2123,36.621094,25000000.000
7258,2117,33.691406,25000000.000
7259,2115,32.714844,25000000.000
7260,2099,24.902344,25000000.000
7261,2088,19.531250,25000000.000
7262,2076,13.671875,25000000.000
7263,2075,13.183594,25000000.000
7264,2050,0.976562,25000000.000
7265,2037,-5.371094,25000000.000
7266,2025,-11.230469,25000000.000
7267,2023,-12.207031,25000000.000
7268,2001,-22.949219,25000000.000
7269,1990,-28.320312,25000000.000
7270,1981,-32.714844,25000000.000
7271,1980,-33.203125,25000000.000
7272,1971,-37.597656,25000000.000
7273,1966,-40.039062,25000000.000
7274,1965,-40.527344,25000000.000
7275,1965,-40.527344,25000000.000
7276,1967,-39.550781,25000000.000
7277,1971,-37.597656,25000000.000
7278,1976,-35.156250,25000000.000
7279,1977,-34.667969,25000000.000
7280,1990,-28.320312,25000000.000
7281,2000,-23.437500,25000000.000
7282,2010,-18.554688,25000000.000
7283,2011,-18.066406,25000000.000
7284,2033,-7.324219,25000000.000
7285,2046,-0.976562,25000000.000
7286,2058,4.882812,25000000.000
7287,2060,5.859375,25000000.000
7288,2084,17.578125,25000000.000
7289,2095,22.949219,25000000.000
7290,2105,27.832031,25000000.000
7291,2106,28.320312,25000000.000
7292,2120,35.156250,25000000.000
7293,2124,37.109375,25000000.000
7294,2129,39.550781,25000000.000
7295,2129,39.550781,25000000.000
7296,2130,40.039062,25000000.000
7297,2128,39.062500,25000000.000
7298,2122,36.132812,25000000.000
7299,2121,35.644531,25000000.000
7300,2107,28.808594,25000000.000
7301,2097,23.925781,25000000.000
7302,2086,18.554688,25000000.000
7303,2085,18.066406,25000000.000
7304,2061,6.347656,25000000.000
7305,2048,0.000000,25000000.000
7306,2035,-6.347656,25000000.000
7307,2034,-6.835938,25000000.000
7308,2010,-18.554688,25000000.000
7309,1999,-23.925781,25000000.000
7310,1990,-28.320312,25000000.000
7311,1989,-28.808594,25000000.000
7312,1975,-35.644531,25000000.000
7313,1970,-38.085938,25000000.000
7314,1968,-39.062500,25000000.000
7315,1966,-40.039062,25000000.000
7316,1965,-40.527344,25000000.000
7317,1967,-39.550781,25000000.000
7318,1972,-37.109375,25000000.000
7319,1972,-37.109375,25000000.000
7320,1983,-31.738281,25000000.000
7321,1991,-27.832031,25000000.000
7322,2001,-22.949219,25000000.000
7323,2001,-22.949219,25000000.000
7324,2021,-13.183594,25000000.000
7325,2034,-6.835938,25000000.000
7326,2047,-0.488281,25000000.000
7327,2050,0.976562,25000000.000
7328,2074,12.695312,25000000.000
7329,2085,18.066406,25000000.000
7330,2096,23.437500,25000000.000
7331,2097,23.925781,25000000.000
7332,2115,32.714844,25000000.000
7333,2121,35.644531,25000000.000
7334,2127,38.574219,25000000.000
7335,2126,38.085938,25000000.000
7336,2131,40.527344,25000000.000
7337,2129,39.550781,25000000.000
7338,2128,39.062500,25000000.000
7339,2127,38.574219,25000000.000
7340,2116,33.203125,25000000.000
7341,2107,28.808594,25000000.000
7342,2097,23.925781,25000000.000
7343,2096,23.437500,25000000.000
7344,2073,12.207031,25000000.000
7345,2060,5.859375,25000000.000
7346,2047,-0.488281,25000000.000
7347,2045,-1.464844,25000000.000
7348,2021,-13.183594,25000000.000
7349,2008,-19.531250,25000000.000
7350,1998,-24.414062,25000000.000
7351,1997,-24.902344,25000000.000
7352,1979,-33.691406,25000000.000
7353,1973,-36.621094,25000000.000
7354,1969,-38.574219,25000000.000
7355,1968,-39.062500,25000000.000
7356,1965,-40.527344,25000000.000
7357,1966,-40.039062,25000000.000
7358,1968,-39.062500,25000000.000
7359,1968,-39.062500,25000000.000
7360,1978,-34.179688,25000000.000
7361,1984,-31.250000,25000000.000
7362,1992,-27.343750,25000000.000
7363,1993,-26.855469,25000000.000
7364,2013,-17.089844,25000000.000
7365,2022,-12.695312,25000000.000
7366,2035,-6.347656,25000000.000
7367,2035,-6.347656,25000000.000
7368,2061,6.347656,25000000.000
7369,2074,12.695312,25000000.000
7370,2087,19.042969,25000000.000
7371,2088,19.531250,25000000.000
7372,2107,28.808594,25000000.000
7373,2115,32.714844,25000000.000
7374,2122,36.132812,25000000.000
7375,2122,36.132812,25000000.000
7376,2128,39.062500,25000000.000
7377,2130,40.039062,25000000.000
7378,2130,40.039062,25000000.000
7379,2128,39.062500,25000000.000
7380,2120,35.156250,25000000.000
7381,2113,31.738281,25000000.000
7382,2106,28.320312,25000000.000
7383,2104,27.343750,25000000.000
7384,2084,17.578125,25000000.000
7385,2070,10.742188,25000000.000
7386,2058,4.882812,25000000.000
7387,2057,4.394531,25000000.000
7388,2032,-7.812500,25000000.000
7389,2017,-15.136719,25000000.000
7390,2006,-20.507812,25000000.000
7391,2005,-20.996094,25000000.000
7392,1985,-30.761719,25000000.000
7393,1979,-33.691406,25000000.000
7394,1972,-37.109375,25000000.000
7395,1972,-37.109375,25000000.000
7396,1966,-40.039062,25000000.000
7397,1965,-40.527344,25000000.000
7398,1966,-40.039062,25000000.000
7399,1965,-40.527344,25000000.000
7400,1971,-37.597656,25000000.000
7401,1977,-34.667969,25000000.000
7402,1985,-30.761719,25000000.000
7403,1985,-30.761719,25000000.000
7404,2001,-22.949219,25000000.000
7405,2013,-17.089844,25000000.000
7406,2025,-11.230469,25000000.000
7407,2025,-11.230469,25000000.000
7408,2044,-1.953125,25000000.000
7409,2062,6.835938,25000000.000
7410,2075,13.183594,25000000.000
7411,2075,13.183594,25000000.000
7412,2097,23.925781,25000000.000
7413,2108,29.296875,25000000.000
7414,2115,32.714844,25000000.000
7415,2117,33.691406,25000000.000
7416,2127,38.574219,25000000.000
7417,2130,40.039062,25000000.000
7418,2131,40.527344,25000000.000
7419,2131,40.527344,25000000.000
7420,2127,38.574219,25000000.000
7421,2121,35.644531,25000000.000
7422,2113,31.738281,25000000.000
7423,2113,31.738281,25000000.000
7424,2094,22.460938,25000000.000
7425,2082,16.601562,25000000.000
7426,2070,10.742188,25000000.000
7427,2069,10.253906,25000000.000
7428,2043,-2.441406,25000000.000
7429,2030,-8.789062,25000000.000
7430,2018,-14.648438,25000000.000
7431,2016,-15.625000,25000000.000
7432,1995,-25.878906,25000000.000
7433,1985,-30.761719,25000000.000
7434,1978,-34.179688,25000000.000
7435,1978,-34.179688,25000000.000
7436,1968,-39.062500,25000000.000
7437,1964,-41.015625,25000000.000
7438,1965,-40.527344,25000000.000
7439,1965,-40.527344,25000000.000
7440,1970,-38.085938,25000000.000
7441,1973,-36.621094,25000000.000
7442,1981,-32.714844,25000000.000
7443,1979,-33.691406,25000000.000
7444,1994,-26.367188,25000000.000
7445,2005,-20.996094,25000000.000
7446,2015,-16.113281,25000000.000
7447,2017,-15.136719,25000000.000
7448,2039,-4.394531,25000000.000
7449,2052,1.953125,25000000.000
7450,2065,8.300781,25000000.000
7451,2067,9.277344,25000000.000
7452,2090,20.507812,25000000.000
7453,2099,24.902344,25000000.000
7454,2109,29.785156,25000000.000
7455,2110,30.273438,25000000.000
7456,2125,37.597656,25000000.000
7457,2129,39.550781,25000000.000
7458,2130,40.039062,25000000.000
7459,2130,40.039062,25000000.000
7460,2129,39.550781,25000000.000
7461,2124,37.109375,25000000.000
7462,2119,34.667969,25000000.000
7463,2118,34.179688,25000000.000
7464,2100,25.390625,25000000.000
7465,2091,20.996094,25000000.000
7466,2079,15.136719,25000000.000
7467,2079,15.136719,25000000.000
7468,2053,2.441406,25000000.000
7469,2040,-3.906250,25000000.000
7470,2027,-10.253906,25000000.000
7471,2027,-10.253906,25000000.000
7472,2005,-20.996094,25000000.000
7473,1993,-26.855469,25000000.000
7474,1985,-30.761719,25000000.000
7475,1984,-31.250000,25000000.000
7476,1972,-37.109375,25000000.000
7477,1969,-38.574219,25000000.000
7478,1966,-40.039062,25000000.000
7479,1966,-40.039062,25000000.000
7480,1967,-39.550781,25000000.000
7481,1970,-38.085938,25000000.000
7482,1976,-35.156250,25000000.000
7483,1976,-35.156250,25000000.000
7484,1988,-29.296875,25000000.000
7485,1998,-24.414062,25000000.000
7486,2007,-20.019531,25000000.000
7487,2008,-19.531250,25000000.000
7488,2029,-9.277344,25000000.000
7489,2042,-2.929688,25000000.000
7490,2054,2.929688,25000000.000
7491,2056,3.906250,25000000.000
7492,2080,15.625000,25000000.000
7493,2092,21.484375,25000000.000
7494,2102,26.367188,25000000.000
7495,2103,26.855469,25000000.000
7496,2118,34.179688,25000000.000
7497,2125,37.597656,25000000.000
7498,2129,39.550781,25000000.000
7499,2129,39.550781,25000000.000
7500,2130,40.039062,25000000.000
7501,2128,39.062500,25000000.000
7502,2123,36.621094,25000000.000
7503,2123,36.621094,25000000.000
7504,2109,29.785156,25000000.000
7505,2100,25.390625,25000000.000
7506,2089,20.019531,25000000.000
7507,2088,19.531250,25000000.000
7508,2065,8.300781,25000000.000
7509,2052,1.953125,25000000.000
7510,2039,-4.394531,25000000.000
7511,2037,-5.371094,25000000.000
7512,2013,-17.089844,25000000.000
7513,2002,-22.460938,25000000.000
7514,1992,-27.343750,25000000.000
7515,1991,-27.832031,25000000.000
7516,1977,-34.667969,25000000.000
7517,1971,-37.597656,25000000.000
7518,1967,-39.550781,25000000.000
7519,1967,-39.550781,25000000.000
7520,1965,-40.527344,25000000.000
7521,1966,-40.039062,25000000.000
7522,1970,-38.085938,25000000.000
7523,1969,-38.574219,25000000.000
7524,1980,-33.203125,25000000.000
7525,1989,-28.808594,25000000.000
7526,1998,-24.414062,25000000.000
7527,1999,-23.925781,25000000.000
7528,2019,-14.160156,25000000.000
7529,2032,-7.812500,25000000.000
7530,2044,-1.953125,25000000.000
7531,2045,-1.464844,25000000.000
7532,2070,10.742188,25000000.000
7533,2082,16.601562,25000000.000
7534,2094,22.460938,25000000.000
7535,2095,22.949219,25000000.000
7536,2114,32.226562,25000000.000
7537,2121,35.644531,25000000.000
7538,2126,38.085938,25000000.000
7539,2126,38.085938,25000000.000
7540,2132,41.015625,25000000.000
7541,2131,40.527344,25000000.000
7542,2128,39.062500,25000000.000
7543,2129,39.550781,25000000.000
7544,2118,34.179688,25000000.000
7545,2109,29.785156,25000000.000
7546,2100,25.390625,25000000.000
7547,2099,24.902344,25000000.000
7548,2078,14.648438,25000000.000
7549,2064,7.812500,25000000.000
7550,2050,0.976562,25000000.000
7551,2049,0.488281,25000000.000
7552,2025,-11.230469,25000000.000
7553,2011,-18.066406,25000000.000
7554,2000,-23.437500,25000000.000
7555,1999,-23.925781,25000000.000
7556,1983,-31.738281,25000000.000
7557,1974,-36.132812,25000000.000
7558,1968,-39.062500,25000000.000
7559,1969,-38.574219,25000000.000
7560,1964,-41.015625,25000000.000
7561,1965,-40.527344,25000000.000
7562,1966,-40.039062,25000000.000
7563,1968,-39.062500,25000000.000
7564,1975,-35.644531,25000000.000
7565,1982,-32.226562,25000000.000
7566,1990,-28.320312,25000000.000
7567,1989,-28.808594,25000000.000
7568,2008,-19.531250,25000000.000
7569,2020,-13.671875,25000000.000
7570,2032,-7.812500,25000000.000
7571,2032,-7.812500,25000000.000
7572,2059,5.371094,25000000.000
7573,2070,10.742188,25000000.000
7574,2082,16.601562,25000000.000
7575,2083,17.089844,25000000.000
7576,2104,27.343750,25000000.000
7577,2114,32.226562,25000000.000
7578,2122,36.132812,25000000.000
7579,2122,36.132812,25000000.000
7580,2131,40.527344,25000000.000
7581,2131,40.527344,25000000.000
7582,2131,40.527344,25000000.000
7583,2131,40.527344,25000000.000
7584,2123,36.621094,25000000.000
7585,2116,33.203125,25000000.000
7586,2108,29.296875,25000000.000
7587,2107,28.808594,25000000.000
7588,2086,18.554688,25000000.000
7589,2075,13.183594,25000000.000
7590,2062,6.835938,25000000.000
7591,2059,5.371094,25000000.000
7592,2035,-6.347656,25000000.000
7593,2021,-13.183594,25000000.000
7594,2010,-18.554688,25000000.000
7595,2008,-19.531250,25000000.000
7596,1988,-29.296875,25000000.000
7597,1979,-33.691406,25000000.000
7598,1973,-36.621094,25000000.000
7599,1973,-36.621094,25000000.000
7600,1964,-41.015625,25000000.000
7601,1962,-41.992188,25000000.000
7602,1963,-41.503906,25000000.000
7603,1962,-41.992188,25000000.000
7604,1970,-38.085938,25000000.000
7605,1975,-35.644531,25000000.000
7606,1981,-32.714844,25000000.000
7607,1982,-32.226562,25000000.000
7608,2000,-23.437500,25000000.000
7609,2010,-18.554688,25000000.000
7610,2021,-13.183594,25000000.000
7611,2022,-12.695312,25000000.000
7612,2045,-1.464844,25000000.000
7613,2059,5.371094,25000000.000
7614,2071,11.230469,25000000.000
7615,2073,12.207031,25000000.000
7616,2095,22.949219,25000000.000
7617,2106,28.320312,25000000.000
7618,2114,32.226562,25000000.000
7619,2115,32.714844,25000000.000
7620,2126,38.085938,25000000.000
7621,2130,40.039062,25000000.000
7622,2132,41.015625,25000000.000
7623,2132,41.015625,25000000.000
7624,2128,39.062500,25000000.000
7625,2124,37.109375,25000000.000
7626,2117,33.691406,25000000.000
7627,2116,33.203125,25000000.000
7628,2097,23.925781,25000000.000
7629,2087,19.042969,25000000.000
7630,2074,12.695312,25000000.000
7631,2073,12.207031,25000000.000
7632,2046,-0.976562,25000000.000
7633,2034,-6.835938,25000000.000
7634,2021,-13.183594,25000000.000
7635,2019,-14.160156,25000000.000
7636,1997,-24.902344,25000000.000
7637,1988,-29.296875,25000000.000
7638,1980,-33.203125,25000000.000
7639,1979,-33.691406,25000000.000
7640,1969,-38.574219,25000000.000
7641,1966,-40.039062,25000000.000
7642,1963,-41.503906,25000000.000
7643,1963,-41.503906,25000000.000
7644,1966,-40.039062,25000000.000
7645,1970,-38.085938,25000000.000
7646,1976,-35.156250,25000000.000
7647,1977,-34.667969,25000000.000
7648,1992,-27.343750,25000000.000
7649,2002,-22.460938,25000000.000
7650,2012,-17.578125,25000000.000
7651,2012,-17.578125,25000000.000
7652,2034,-6.835938,25000000.000
7653,2048,0.000000,25000000.000
7654,2060,5.859375,25000000.000
7655,2060,5.859375,25000000.000
7656,2085,18.066406,25000000.000
7657,2098,24.414062,25000000.000
7658,2107,28.808594,25000000.000
7659,2108,29.296875,25000000.000
7660,2123,36.621094,25000000.000
7661,2129,39.550781,25000000.000
7662,2133,41.503906,25000000.000
7663,2132,41.015625,25000000.000
7664,2132,41.015625,25000000.000
7665,2129,39.550781,25000000.000
7666,2124,37.109375,25000000.000
7667,2123,36.621094,25000000.000
7668,2108,29.296875,25000000.000
7669,2097,23.925781,25000000.000
7670,2084,17.578125,25000000.000
7671,2084,17.578125,25000000.000
7672,2060,5.859375,25000000.000
7673,2046,-0.976562,25000000.000
7674,2033,-7.324219,25000000.000
7675,2030,-8.789062,25000000.000
7676,2007,-20.019531,25000000.000
7677,1996,-25.390625,25000000.000
7678,1986,-30.273438,25000000.000
7679,1985,-30.761719,25000000.000
7680,1971,-37.597656,25000000.000
7681,1967,-39.550781,25000000.000
7682,1965,-40.527344,25000000.000
7683,1965,-40.527344,25000000.000
7684,1964,-41.015625,25000000.000
7685,1965,-40.527344,25000000.000
7686,1972,-37.109375,25000000.000
7687,1972,-37.109375,25000000.000
7688,1984,-31.250000,25000000.000
7689,1993,-26.855469,25000000.000
7690,2002,-22.460938,25000000.000
7691,2003,-21.972656,25000000.000
7692,2023,-12.207031,25000000.000
7693,2037,-5.371094,25000000.000
7694,2049,0.488281,25000000.000
7695,2052,1.953125,25000000.000
7696,2076,13.671875,25000000.000
7697,2088,19.531250,25000000.000
7698,2099,24.902344,25000000.000
7699,2100,25.390625,25000000.000
7700,2118,34.179688,25000000.000
7701,2123,36.621094,25000000.000
7702,2129,39.550781,25000000.000
7703,2128,39.062500,25000000.000
7704,2135,42.480469,25000000.000
7705,2131,40.527344,25000000.000
7706,2127,38.574219,25000000.000
7707,2128,39.062500,25000000.000
7708,2116,33.203125,25000000.000
7709,2105,27.832031,25000000.000
7710,2095,22.949219,25000000.000
7711,2094,22.460938,25000000.000
7712,2071,11.230469,25000000.000
7713,2058,4.882812,25000000.000
7714,2044,-1.953125,25000000.000
7715,2043,-2.441406,25000000.000
7716,2017,-15.136719,25000000.000
7717,2005,-20.996094,25000000.000
7718,1995,-25.878906,25000000.000
7719,1993,-26.855469,25000000.000
7720,1978,-34.179688,25000000.000
7721,1971,-37.597656,25000000.000
7722,1967,-39.550781,25000000.000
7723,1967,-39.550781,25000000.000
7724,1964,-41.015625,25000000.000
7725,1965,-40.527344,25000000.000
7726,1968,-39.062500,25000000.000
7727,1967,-39.550781,25000000.000
7728,1978,-34.179688,25000000.000
7729,1986,-30.273438,25000000.000
7730,1993,-26.855469,25000000.000
7731,1995,-25.878906,25000000.000
7732,2014,-16.601562,25000000.000
7733,2026,-10.742188,25000000.000
7734,2038,-4.882812,25000000.000
7735,2040,-3.906250,25000000.000
7736,2065,8.300781,25000000.000
7737,2077,14.160156,25000000.000
7738,2089,20.019531,25000000.000
7739,2089,20.019531,25000000.000
7740,2110,30.273438,25000000.000
7741,2117,33.691406,25000000.000
7742,2124,37.109375,25000000.000
7743,2125,37.597656,25000000.000
7744,2131,40.527344,25000000.000
7745,2132,41.015625,25000000.000
7746,2130,40.039062,25000000.000
7747,2130,40.039062,25000000.000
7748,2121,35.644531,25000000.000
7749,2114,32.226562,25000000.000
7750,2104,27.343750,25000000.000
7751,2105,27.832031,25000000.000
7752,2082,16.601562,25000000.000
7753,2070,10.742188,25000000.000
7754,2056,3.906250,25000000.000
7755,2054,2.929688,25000000.000
7756,2026,-10.742188,25000000.000
7757,2015,-16.113281,25000000.000
7758,2005,-20.996094,25000000.000
7759,2001,-22.949219,25000000.000
7760,1984,-31.250000,25000000.000
7761,1977,-34.667969,25000000.000
7762,1971,-37.597656,25000000.000
7763,1971,-37.597656,25000000.000
7764,1963,-41.503906,25000000.000
7765,1963,-41.503906,25000000.000
7766,1964,-41.015625,25000000.000
7767,1964,-41.015625,25000000.000
7768,1972,-37.109375,25000000.000
7769,1978,-34.179688,25000000.000
7770,1984,-31.250000,25000000.000
7771,1986,-30.273438,25000000.000
7772,2004,-21.484375,25000000.000
7773,2016,-15.625000,25000000.000
7774,2026,-10.742188,25000000.000
7775,2028,-9.765625,25000000.000
7776,2052,1.953125,25000000.000
7777,2066,8.789062,25000000.000
7778,2079,15.136719,25000000.000
7779,2079,15.136719,25000000.000
7780,2100,25.390625,25000000.000
7781,2111,30.761719,25000000.000
7782,2118,34.179688,25000000.000
7783,2119,34.667969,25000000.000
7784,2129,39.550781,25000000.000
7785,2130,40.039062,25000000.000
7786,2130,40.039062,25000000.000
7787,2131,40.527344,25000000.000
7788,2125,37.597656,25000000.000
7789,2118,34.179688,25000000.000
7790,2111,30.761719,25000000.000
7791,2111,30.761719,25000000.000
7792,2092,21.484375,25000000.000
7793,2080,15.625000,25000000.000
7794,2067,9.277344,25000000.000
7795,2065,8.300781,25000000.000
7796,2039,-4.394531,25000000.000
7797,2025,-11.230469,25000000.000
7798,2014,-16.601562,25000000.000
7799,2012,-17.578125,25000000.000
7800,1990,-28.320312,25000000.000
7801,1982,-32.226562,25000000.000
7802,1973,-36.621094,25000000.000
7803,1973,-36.621094,25000000.000
7804,1966,-40.039062,25000000.000
7805,1965,-40.527344,25000000.000
7806,1965,-40.527344,25000000.000
7807,1964,-41.015625,25000000.000
7808,1969,-38.574219,25000000.000
7809,1975,-35.644531,25000000.000
7810,1981,-32.714844,25000000.000
7811,1982,-32.226562,25000000.000
7812,1997,-24.902344,25000000.000
7813,2007,-20.019531,25000000.000
7814,2017,-15.136719,25000000.000
7815,2018,-14.648438,25000000.000
7816,2041,-3.417969,25000000.000
7817,2053,2.441406,25000000.000
7818,2067,9.277344,25000000.000
7819,2067,9.277344,25000000.000
7820,2091,20.996094,25000000.000
7821,2101,25.878906,25000000.000
7822,2111,30.761719,25000000.000
7823,2112,31.250000,25000000.000
7824,2125,37.597656,25000000.000
7825,2129,39.550781,25000000.000
7826,2129,39.550781,25000000.000
7827,2131,40.527344,25000000.000
7828,2128,39.062500,25000000.000
7829,2124,37.109375,25000000.000
7830,2116,33.203125,25000000.000
7831,2117,33.691406,25000000.000
7832,2099,24.902344,25000000.000
7833,2088,19.531250,25000000.000
7834,2077,14.160156,25000000.000
7835,2076,13.671875,25000000.000
7836,2051,1.464844,25000000.000
7837,2038,-4.882812,25000000.000
7838,2024,-11.718750,25000000.000
7839,2023,-12.207031,25000000.000
7840,2001,-22.949219,25000000.000
7841,1990,-28.320312,25000000.000
7842,1982,-32.226562,25000000.000
7843,1981,-32.714844,25000000.000
7844,1969,-38.574219,25000000.000
7845,1966,-40.039062,25000000.000
7846,1965,-40.527344,25000000.000
7847,1965,-40.527344,25000000.000
7848,1968,-39.062500,25000000.000
7849,1972,-37.109375,25000000.000
7850,1977,-34.667969,25000000.000
7851,1977,-34.667969,25000000.000
7852,1991,-27.832031,25000000.000
7853,2000,-23.437500,25000000.000
7854,2010,-18.554688,25000000.000
7855,2011,-18.066406,25000000.000
7856,2033,-7.324219,25000000.000
7857,2047,-0.488281,25000000.000
7858,2059,5.371094,25000000.000
7859,2059,5.371094,25000000.000
7860,2083,17.089844,25000000.000
7861,2094,22.460938,25000000.000
7862,2104,27.343750,25000000.000
7863,2105,27.832031,25000000.000
7864,2121,35.644531,25000000.000
7865,2126,38.085938,25000000.000
7866,2130,40.039062,25000000.000
7867,2130,40.039062,25000000.000
7868,2131,40.527344,25000000.000
7869,2127,38.574219,25000000.000
7870,2123,36.621094,25000000.000
7871,2122,36.132812,25000000.000
7872,2108,29.296875,25000000.000
7873,2098,24.414062,25000000.000
7874,2086,18.554688,25000000.000
7875,2084,17.578125,25000000.000
7876,2061,6.347656,25000000.000
7877,2048,0.000000,25000000.000
7878,2035,-6.347656,25000000.000
7879,2034,-6.835938,25000000.000
7880,2010,-18.554688,25000000.000
7881,1998,-24.414062,25000000.000
7882,1989,-28.808594,25000000.000
7883,1987,-29.785156,25000000.000
7884,1973,-36.621094,25000000.000
7885,1968,-39.062500,25000000.000
7886,1964,-41.015625,25000000.000
7887,1965,-40.527344,25000000.000
7888,1964,-41.015625,25000000.000
7889,1967,-39.550781,25000000.000
7890,1971,-37.597656,25000000.000
7891,1972,-37.109375,25000000.000
7892,1985,-30.761719,25000000.000
7893,1993,-26.855469,25000000.000
7894,2003,-21.972656,25000000.000
7895,2003,-21.972656,25000000.000
7896,2024,-11.718750,25000000.000
7897,2036,-5.859375,25000000.000
7898,2048,0.000000,25000000.000
7899,2049,0.488281,25000000.000
7900,2072,11.718750,25000000.000
7901,2085,18.066406,25000000.000
7902,2096,23.437500,25000000.000
7903,2096,23.437500,25000000.000
7904,2114,32.226562,25000000.000
7905,2121,35.644531,25000000.000
7906,2127,38.574219,25000000.000
7907,2128,39.062500,25000000.000
7908,2130,40.039062,25000000.000
7909,2131,40.527344,25000000.000
7910,2127,38.574219,25000000.000
7911,2126,38.085938,25000000.000
7912,2115,32.714844,25000000.000
7913,2105,27.832031,25000000.000
7914,2096,23.437500,25000000.000
7915,2094,22.460938,25000000.000
7916,2072,11.718750,25000000.000
7917,2059,5.371094,25000000.000
7918,2046,-0.976562,25000000.000
7919,2045,-1.464844,25000000.000
7920,2020,-13.671875,25000000.000
7921,2009,-19.042969,25000000.000
7922,1997,-24.902344,25000000.000
7923,1997,-24.902344,25000000.000
7924,1979,-33.691406,25000000.000
7925,1970,-38.085938,25000000.000
7926,1967,-39.550781,25000000.000
7927,1966,-40.039062,25000000.000
7928,1964,-41.015625,25000000.000
7929,1963,-41.503906,25000000.000
7930,1968,-39.062500,25000000.000
7931,1967,-39.550781,25000000.000
7932,1978,-34.179688,25000000.000
7933,1985,-30.761719,25000000.000
7934,1995,-25.878906,25000000.000
7935,1994,-26.367188,25000000.000
7936,2013,-17.089844,25000000.000
7937,2026,-10.742188,25000000.000
7938,2037,-5.371094,25000000.000
7939,2039,-4.394531,25000000.000
7940,2063,7.324219,25000000.000
7941,2075,13.183594,25000000.000
7942,2087,19.042969,25000000.000
7943,2088,19.531250,25000000.000
7944,2108,29.296875,25000000.000
7945,2116,33.203125,25000000.000
7946,2123,36.621094,25000000.000
7947,2123,36.621094,25000000.000
7948,2130,40.039062,25000000.000
7949,2131,40.527344,25000000.000
7950,2130,40.039062,25000000.000
7951,2129,39.550781,25000000.000
7952,2121,35.644531,25000000.000
7953,2115,32.714844,25000000.000
7954,2105,27.832031,25000000.000
7955,2104,27.343750,25000000.000
7956,2082,16.601562,25000000.000
7957,2070,10.742188,25000000.000
7958,2056,3.906250,25000000.000
7959,2056,3.906250,25000000.000
7960,2030,-8.789062,25000000.000
7961,2017,-15.136719,25000000.000
7962,2005,-20.996094,25000000.000
7963,2003,-21.972656,25000000.000
7964,1984,-31.250000,25000000.000
7965,1975,-35.644531,25000000.000
7966,1970,-38.085938,25000000.000
7967,1969,-38.574219,25000000.000
7968,1963,-41.503906,25000000.000
7969,1962,-41.992188,25000000.000
7970,1963,-41.503906,25000000.000
7971,1964,-41.015625,25000000.000
7972,1972,-37.109375,25000000.000
7973,1977,-34.667969,25000000.000
7974,1984,-31.250000,25000000.000
7975,1986,-30.273438,25000000.000
7976,2002,-22.460938,25000000.000
7977,2014,-16.601562,25000000.000
7978,2025,-11.230469,25000000.000
7979,2027,-10.253906,25000000.000
7980,2051,1.464844,25000000.000
7981,2063,7.324219,25000000.000
7982,2076,13.671875,25000000.000
7983,2077,14.160156,25000000.000
7984,2099,24.902344,25000000.000
7985,2108,29.296875,25000000.000
7986,2116,33.203125,25000000.000
7987,2118,34.179688,25000000.000
7988,2128,39.062500,25000000.000
7989,2131,40.527344,25000000.000
7990,2132,41.015625,25000000.000
7991,2132,41.015625,25000000.000
7992,2126,38.085938,25000000.000
7993,2120,35.156250,25000000.000
7994,2113,31.738281,25000000.000
7995,2113,31.738281,25000000.000
7996,2093,21.972656,25000000.000
7997,2081,16.113281,25000000.000
7998,2069,10.253906,25000000.000
7999,2066,8.789062,25000000.000
8000,2041,-3.417969,25000000.000
8001,2028,-9.765625,25000000.000
8002,2015,-16.113281,25000000.000
8003,2014,-16.601562,25000000.000
8004,1992,-27.343750,25000000.000
8005,1982,-32.226562,25000000.000
8006,1974,-36.132812,25000000.000
8007,1974,-36.132812,25000000.000
8008,1965,-40.527344,25000000.000
8009,1963,-41.503906,25000000.000
8010,1962,-41.992188,25000000.000
8011,1963,-41.503906,25000000.000
8012,1969,-38.574219,25000000.000
8013,1973,-36.621094,25000000.000
8014,1978,-34.179688,25000000.000
8015,1979,-33.691406,25000000.000
8016,1995,-25.878906,25000000.000
8017,2005,-20.996094,25000000.000
8018,2016,-15.625000,25000000.000
8019,2017,-15.136719,25000000.000
8020,2039,-4.394531,25000000.000
8021,2052,1.953125,25000000.000
8022,2066,8.789062,25000000.000
8023,2066,8.789062,25000000.000
8024,2090,20.507812,25000000.000
8025,2101,25.878906,25000000.000
8026,2111,30.761719,25000000.000
8027,2111,30.761719,25000000.000
8028,2125,37.597656,25000000.000
8029,2130,40.039062,25000000.000
8030,2131,40.527344,25000000.000
8031,2131,40.527344,25000000.000
8032,2131,40.527344,25000000.000
8033,2127,38.574219,25000000.000
8034,2122,36.132812,25000000.000
8035,2119,34.667969,25000000.000
8036,2103,26.855469,25000000.000
8037,2092,21.484375,25000000.000
8038,2081,16.113281,25000000.000
8039,2080,15.625000,25000000.000
8040,2054,2.929688,25000000.000
8041,2041,-3.417969,25000000.000
8042,2027,-10.253906,25000000.000
8043,2025,-11.230469,25000000.000
8044,2002,-22.460938,25000000.000
8045,1990,-28.320312,25000000.000
8046,1981,-32.714844,25000000.000
8047,1981,-32.714844,25000000.000
8048,1968,-39.062500,25000000.000
8049,1965,-40.527344,25000000.000
8050,1963,-41.503906,25000000.000
8051,1962,-41.992188,25000000.000
8052,1964,-41.015625,25000000.000
8053,1968,-39.062500,25000000.000
8054,1972,-37.109375,25000000.000
8055,1974,-36.132812,25000000.000
8056,1987,-29.785156,25000000.000
8057,1997,-24.902344,25000000.000
8058,2007,-20.019531,25000000.000
8059,2007,-20.019531,25000000.000
8060,2029,-9.277344,25000000.000
8061,2041,-3.417969,25000000.000
8062,2055,3.417969,25000000.000
8063,2056,3.906250,25000000.000
8064,2081,16.113281,25000000.000
8065,2092,21.484375,25000000.000
8066,2104,27.343750,25000000.000
8067,2106,28.320312,25000000.000
8068,2121,35.644531,25000000.000
8069,2126,38.085938,25000000.000
8070,2131,40.527344,25000000.000
8071,2130,40.039062,25000000.000
8072,2133,41.503906,25000000.000
8073,2131,40.527344,25000000.000
8074,2126,38.085938,25000000.000
8075,2126,38.085938,25000000.000
8076,2112,31.250000,25000000.000
8077,2102,26.367188,25000000.000
8078,2092,21.484375,25000000.000
8079,2089,20.019531,25000000.000
8080,2065,8.300781,25000000.000
8081,2052,1.953125,25000000.000
8082,2038,-4.882812,25000000.000
8083,2037,-5.371094,25000000.000
8084,2013,-17.089844,25000000.000
8085,2001,-22.949219,25000000.000
8086,1989,-28.808594,25000000.000
8087,1989,-28.808594,25000000.000
8088,1974,-36.132812,25000000.000
8089,1968,-39.062500,25000000.000
8090,1965,-40.527344,25000000.000
8091,1966,-40.039062,25000000.000
8092,1964,-41.015625,25000000.000
8093,1966,-40.039062,25000000.000
8094,1969,-38.574219,25000000.000
8095,1970,-38.085938,25000000.000
8096,1982,-32.226562,25000000.000
8097,1989,-28.808594,25000000.000
8098,1999,-23.925781,25000000.000
8099,1999,-23.925781,25000000.000
8100,2020,-13.671875,25000000.000
8101,2031,-8.300781,25000000.000
8102,2044,-1.953125,25000000.000
8103,2045,-1.464844,25000000.000
8104,2074,12.695312,25000000.000
8105,2084,17.578125,25000000.000
8106,2090,20.507812,25000000.000
8107,2097,23.925781,25000000.000
8108,2115,32.714844,25000000.000
8109,2122,36.132812,25000000.000
8110,2127,38.574219,25000000.000
8111,2128,39.062500,25000000.000
8112,2133,41.503906,25000000.000
8113,2133,41.503906,25000000.000
8114,2130,40.039062,25000000.000
8115,2130,40.039062,25000000.000
8116,2120,35.156250,25000000.000
8117,2110,30.273438,25000000.000
8118,2099,24.902344,25000000.000
8119,2099,24.902344,25000000.000
8120,2077,14.160156,25000000.000
8121,2064,7.812500,25000000.000
8122,2051,1.464844,25000000.000
8123,2050,0.976562,25000000.000
8124,2024,-11.718750,25000000.000
8125,2011,-18.066406,25000000.000
8126,2001,-22.949219,25000000.000
8127,1999,-23.925781,25000000.000
8128,1979,-33.691406,25000000.000
8129,1972,-37.109375,25000000.000
8130,1968,-39.062500,25000000.000
8131,1967,-39.550781,25000000.000
8132,1964,-41.015625,25000000.000
8133,1963,-41.503906,25000000.000
8134,1965,-40.527344,25000000.000
8135,1965,-40.527344,25000000.000
8136,1975,-35.644531,25000000.000
8137,1982,-32.226562,25000000.000
8138,1991,-27.832031,25000000.000
8139,1992,-27.343750,25000000.000
8140,2011,-18.066406,25000000.000
8141,2022,-12.695312,25000000.000
8142,2034,-6.835938,25000000.000
8143,2035,-6.347656,25000000.000
8144,2058,4.882812,25000000.000
8145,2070,10.742188,25000000.000
8146,2083,17.089844,25000000.000
8147,2084,17.578125,25000000.000
8148,2105,27.832031,25000000.000
8149,2113,31.738281,25000000.000
8150,2122,36.132812,25000000.000
8151,2121,35.644531,25000000.000
8152,2127,38.574219,25000000.000
8153,2131,40.527344,25000000.000
8154,2131,40.527344,25000000.000
8155,2130,40.039062,25000000.000
8156,2125,37.597656,25000000.000
8157,2116,33.203125,25000000.000
8158,2107,28.808594,25000000.000
8159,2107,28.808594,25000000.000
8160,2086,18.554688,25000000.000
8161,2074,12.695312,25000000.000
8162,2060,5.859375,25000000.000
8163,2059,5.371094,25000000.000
8164,2034,-6.835938,25000000.000
8165,2020,-13.671875,25000000.000
8166,2008,-19.531250,25000000.000
8167,2007,-20.019531,25000000.000
8168,1987,-29.785156,25000000.000
8169,1978,-34.179688,25000000.000
8170,1972,-37.109375,25000000.000
8171,1972,-37.109375,25000000.000
8172,1965,-40.527344,25000000.000
8173,1963,-41.503906,25000000.000
8174,1964,-41.015625,25000000.000
8175,1964,-41.015625,25000000.000
8176,1971,-37.597656,25000000.000
8177,1977,-34.667969,25000000.000
8178,1985,-30.761719,25000000.000
8179,1984,-31.250000,25000000.000
8180,2002,-22.460938,25000000.000
8181,2012,-17.578125,25000000.000
8182,2023,-12.207031,25000000.000
8183,2025,-11.230469,25000000.000
8184,2048,0.000000,25000000.000
8185,2060,5.859375,25000000.000
8186,2073,12.207031,25000000.000
8187,2074,12.695312,25000000.000
8188,2096,23.437500,25000000.000
8189,2106,28.320312,25000000.000
8190,2116,33.203125,25000000.000
8191,2116,33.203125,25000000.000
8192,2127,38.574219,25000000.000
8193,2131,40.527344,25000000.000
8194,2131,40.527344,25000000.000
8195,2132,41.015625,25000000.000
8196,2127,38.574219,25000000.000
8197,2122,36.132812,25000000.000
8198,2116,33.203125,25000000.000
8199,2114,32.226562,25000000.000
8200,2096,23.437500,25000000.000
8201,2084,17.578125,25000000.000
8202,2072,11.718750,25000000.000
8203,2070,10.742188,25000000.000
8204,2045,-1.464844,25000000.000
8205,2031,-8.300781,25000000.000
8206,2018,-14.648438,25000000.000
8207,2016,-15.625000,25000000.000
8208,1995,-25.878906,25000000.000
8209,1984,-31.250000,25000000.000
8210,1977,-34.667969,25000000.000
8211,1975,-35.644531,25000000.000
8212,1965,-40.527344,25000000.000
8213,1963,-41.503906,25000000.000
8214,1962,-41.992188,25000000.000
8215,1963,-41.503906,25000000.000
8216,1966,-40.039062,25000000.000
8217,1970,-38.085938,25000000.000
8218,1976,-35.156250,25000000.000
8219,1977,-34.667969,25000000.000
8220,1992,-27.343750,25000000.000
8221,2002,-22.460938,25000000.000
8222,2013,-17.089844,25000000.000
8223,2014,-16.601562,25000000.000
8224,2036,-5.859375,25000000.000
8225,2049,0.488281,25000000.000
8226,2062,6.835938,25000000.000
8227,2064,7.812500,25000000.000
8228,2088,19.531250,25000000.000
8229,2099,24.902344,25000000.000
8230,2108,29.296875,25000000.000
8231,2110,30.273438,25000000.000
8232,2124,37.109375,25000000.000
8233,2129,39.550781,25000000.000
8234,2132,41.015625,25000000.000
8235,2132,41.015625,25000000.000
8236,2130,40.039062,25000000.000
8237,2126,38.085938,25000000.000
8238,2121,35.644531,25000000.000
8239,2120,35.156250,25000000.000
8240,2104,27.343750,25000000.000
8241,2094,22.460938,25000000.000
8242,2082,16.601562,25000000.000
8243,2081,16.113281,25000000.000
8244,2056,3.906250,25000000.000
8245,2044,-1.953125,25000000.000
8246,2030,-8.789062,25000000.000
8247,2029,-9.277344,25000000.000
8248,2005,-20.996094,25000000.000
8249,1994,-26.367188,25000000.000
8250,1986,-30.273438,25000000.000
8251,1984,-31.250000,25000000.000
8252,1971,-37.597656,25000000.000
8253,1966,-40.039062,25000000.000
8254,1964,-41.015625,25000000.000
8255,1964,-41.015625,25000000.000
8256,1965,-40.527344,25000000.000
8257,1969,-38.574219,25000000.000
8258,1973,-36.621094,25000000.000
8259,1973,-36.621094,25000000.000
8260,1986,-30.273438,25000000.000
8261,1995,-25.878906,25000000.000
8262,2005,-20.996094,25000000.000
8263,2007,-20.019531,25000000.000
8264,2027,-10.253906,25000000.000
8265,2039,-4.394531,25000000.000
8266,2052,1.953125,25000000.000
8267,2055,3.417969,25000000.000
8268,2078,14.648438,25000000.000
8269,2090,20.507812,25000000.000
8270,2101,25.878906,25000000.000
8271,2102,26.367188,25000000.000
8272,2119,34.667969,25000000.000
8273,2125,37.597656,25000000.000
8274,2129,39.550781,25000000.000
8275,2130,40.039062,25000000.000
8276,2133,41.503906,25000000.000
8277,2130,40.039062,25000000.000
8278,2126,38.085938,25000000.000
8279,2126,38.085938,25000000.000
8280,2114,32.226562,25000000.000
8281,2104,27.343750,25000000.000
8282,2092,21.484375,25000000.000
8283,2092,21.484375,25000000.000
8284,2068,9.765625,25000000.000
8285,2055,3.417969,25000000.000
8286,2042,-2.929688,25000000.000
8287,2039,-4.394531,25000000.000
8288,2015,-16.113281,25000000.000
8289,2003,-21.972656,25000000.000
8290,1991,-27.832031,25000000.000
8291,1990,-28.320312,25000000.000
8292,1976,-35.156250,25000000.000
8293,1969,-38.574219,25000000.000
8294,1966,-40.039062,25000000.000
8295,1965,-40.527344,25000000.000
8296,1964,-41.015625,25000000.000
8297,1965,-40.527344,25000000.000
8298,1967,-39.550781,25000000.000
8299,1968,-39.062500,25000000.000
8300,1979,-33.691406,25000000.000
8301,1987,-29.785156,25000000.000
8302,1996,-25.390625,25000000.000
8303,1997,-24.902344,25000000.000
8304,2017,-15.136719,25000000.000
8305,2028,-9.765625,25000000.000
8306,2040,-3.906250,25000000.000
8307,2042,-2.929688,25000000.000
8308,2066,8.789062,25000000.000
8309,2080,15.625000,25000000.000
8310,2092,21.484375,25000000.000
8311,2093,21.972656,25000000.000
8312,2112,31.250000,25000000.000
8313,2119,34.667969,25000000.000
8314,2125,37.597656,25000000.000
8315,2126,38.085938,25000000.000
8316,2132,41.015625,25000000.000
8317,2133,41.503906,25000000.000
8318,2131,40.527344,25000000.000
8319,2130,40.039062,25000000.000
8320,2120,35.156250,25000000.000
8321,2112,31.250000,25000000.000
8322,2102,26.367188,25000000.000
8323,2101,25.878906,25000000.000
8324,2080,15.625000,25000000.000
8325,2066,8.789062,25000000.000
8326,2054,2.929688,25000000.000
8327,2053,2.441406,25000000.000
8328,2026,-10.742188,25000000.000
8329,2014,-16.601562,25000000.000
8330,2002,-22.460938,25000000.000
8331,2001,-22.949219,25000000.000
8332,1982,-32.226562,25000000.000
8333,1973,-36.621094,25000000.000
8334,1967,-39.550781,25000000.000
8335,1968,-39.062500,25000000.000
8336,1961,-42.480469,25000000.000
8337,1962,-41.992188,25000000.000
8338,1965,-40.527344,25000000.000
8339,1964,-41.015625,25000000.000
8340,1972,-37.109375,25000000.000
8341,1980,-33.203125,25000000.000
8342,1988,-29.296875,25000000.000
8343,1988,-29.296875,25000000.000
8344,2008,-19.531250,25000000.000
8345,2018,-14.648438,25000000.000
8346,2030,-8.789062,25000000.000
8347,2031,-8.300781,25000000.000
8348,2056,3.906250,25000000.000
8349,2069,10.253906,25000000.000
8350,2081,16.113281,25000000.000
8351,2081,16.113281,25000000.000
8352,2103,26.855469,25000000.000
8353,2113,31.738281,25000000.000
8354,2121,35.644531,25000000.000
8355,2120,35.156250,25000000.000
8356,2130,40.039062,25000000.000
8357,2132,41.015625,25000000.000
8358,2131,40.527344,25000000.000
8359,2132,41.015625,25000000.000
8360,2125,37.597656,25000000.000
8361,2120,35.156250,25000000.000
8362,2112,31.250000,25000000.000
8363,2111,30.761719,25000000.000
8364,2090,20.507812,25000000.000
8365,2079,15.136719,25000000.000
8366,2065,8.300781,25000000.000
8367,2064,7.812500,25000000.000
8368,2039,-4.394531,25000000.000
8369,2024,-11.718750,25000000.000
8370,2013,-17.089844,25000000.000
8371,2010,-18.554688,25000000.000
8372,1988,-29.296875,25000000.000
8373,1980,-33.203125,25000000.000
8374,1972,-37.109375,25000000.000
8375,1971,-37.597656,25000000.000
8376,1959,-43.457031,25000000.000
8377,1964,-41.015625,25000000.000
8378,1963,-41.503906,25000000.000
8379,1962,-41.992188,25000000.000
8380,1968,-39.062500,25000000.000
8381,1972,-37.109375,25000000.000
8382,1979,-33.691406,25000000.000
8383,1980,-33.203125,25000000.000
8384,1997,-24.902344,25000000.000
8385,2007,-20.019531,25000000.000
8386,2018,-14.648438,25000000.000
8387,2019,-14.160156,25000000.000
8388,2044,-1.953125,25000000.000
8389,2057,4.394531,25000000.000
8390,2069,10.253906,25000000.000
8391,2070,10.742188,25000000.000
8392,2094,22.460938,25000000.000
8393,2105,27.832031,25000000.000
8394,2113,31.738281,25000000.000
8395,2113,31.738281,25000000.000
8396,2127,38.574219,25000000.000
8397,2130,40.039062,25000000.000
8398,2132,41.015625,25000000.000
8399,2132,41.015625,25000000.000
8400,2130,40.039062,25000000.000
8401,2124,37.109375,25000000.000
8402,2119,34.667969,25000000.000
8403,2116,33.203125,25000000.000
8404,2099,24.902344,25000000.000
8405,2090,20.507812,25000000.000
8406,2076,13.671875,25000000.000
8407,2075,13.183594,25000000.000
8408,2050,0.976562,25000000.000
8409,2036,-5.859375,25000000.000
8410,2024,-11.718750,25000000.000
8411,2022,-12.695312,25000000.000
8412,1999,-23.925781,25000000.000
8413,1988,-29.296875,25000000.000
8414,1978,-34.179688,25000000.000
8415,1978,-34.179688,25000000.000
8416,1966,-40.039062,25000000.000
8417,1963,-41.503906,25000000.000
8418,1962,-41.992188,25000000.000
8419,1962,-41.992188,25000000.000
8420,1965,-40.527344,25000000.000
8421,1970,-38.085938,25000000.000
8422,1975,-35.644531,25000000.000
8423,1976,-35.156250,25000000.000
8424,1991,-27.832031,25000000.000
8425,2001,-22.949219,25000000.000
8426,2010,-18.554688,25000000.000
8427,2012,-17.578125,25000000.000
8428,2033,-7.324219,25000000.000
8429,2046,-0.976562,25000000.000
8430,2059,5.371094,25000000.000
8431,2059,5.371094,25000000.000
8432,2084,17.578125,25000000.000
8433,2095,22.949219,25000000.000
8434,2106,28.320312,25000000.000
8435,2106,28.320312,25000000.000
8436,2122,36.132812,25000000.000
8437,2127,38.574219,25000000.000
8438,2131,40.527344,25000000.000
8439,2131,40.527344,25000000.000
8440,2133,41.503906,25000000.000
8441,2130,40.039062,25000000.000
8442,2126,38.085938,25000000.000
8443,2125,37.597656,25000000.000
8444,2109,29.785156,25000000.000
8445,2099,24.902344,25000000.000
8446,2087,19.042969,25000000.000
8447,2085,18.066406,25000000.000
8448,2062,6.835938,25000000.000
8449,2047,-0.488281,25000000.000
8450,2034,-6.835938,25000000.000
8451,2032,-7.812500,25000000.000
8452,2009,-19.042969,25000000.000
8453,2002,-22.460938,25000000.000
8454,1988,-29.296875,25000000.000
8455,1986,-30.273438,25000000.000
8456,1971,-37.597656,25000000.000
8457,1967,-39.550781,25000000.000
8458,1964,-41.015625,25000000.000
8459,1962,-41.992188,25000000.000
8460,1964,-41.015625,25000000.000
8461,1966,-40.039062,25000000.000
8462,1971,-37.597656,25000000.000
8463,1970,-38.085938,25000000.000
8464,1983,-31.738281,25000000.000
8465,1992,-27.343750,25000000.000
8466,2002,-22.460938,25000000.000
8467,2002,-22.460938,25000000.000
8468,2024,-11.718750,25000000.000
8469,2035,-6.347656,25000000.000
8470,2047,-0.488281,25000000.000
8471,2048,0.000000,25000000.000
8472,2072,11.718750,25000000.000
8473,2084,17.578125,25000000.000
8474,2098,24.414062,25000000.000
8475,2097,23.925781,25000000.000
8476,2115,32.714844,25000000.000
8477,2123,36.621094,25000000.000
8478,2128,39.062500,25000000.000
8479,2129,39.550781,25000000.000
8480,2134,41.992188,25000000.000
8481,2134,41.992188,25000000.000
8482,2130,40.039062,25000000.000
8483,2130,40.039062,25000000.000
8484,2117,33.691406,25000000.000
8485,2108,29.296875,25000000.000
8486,2098,24.414062,25000000.000
8487,2096,23.437500,25000000.000
8488,2073,12.207031,25000000.000
8489,2059,5.371094,25000000.000
8490,2046,-0.976562,25000000.000
8491,2045,-1.464844,25000000.000
8492,2020,-13.671875,25000000.000
8493,2009,-19.042969,25000000.000
8494,1996,-25.390625,25000000.000
8495,1996,-25.390625,25000000.000
8496,1978,-34.179688,25000000.000
8497,1972,-37.109375,25000000.000
8498,1967,-39.550781,25000000.000
8499,1967,-39.550781,25000000.000
8500,1964,-41.015625,25000000.000
8501,1963,-41.503906,25000000.000
8502,1966,-40.039062,25000000.000
8503,1967,-39.550781,25000000.000
8504,1977,-34.667969,25000000.000
8505,1986,-30.273438,25000000.000
8506,1994,-26.367188,25000000.000
8507,1995,-25.878906,25000000.000
8508,2015,-16.113281,25000000.000
8509,2027,-10.253906,25000000.000
8510,2037,-5.371094,25000000.000
8511,2040,-3.906250,25000000.000
8512,2063,7.324219,25000000.000
8513,2076,13.671875,25000000.000
8514,2088,19.531250,25000000.000
8515,2089,20.019531,25000000.000
8516,2109,29.785156,25000000.000
8517,2116,33.203125,25000000.000
8518,2124,37.109375,25000000.000
8519,2124,37.109375,25000000.000
8520,2132,41.015625,25000000.000
8521,2133,41.503906,25000000.000
8522,2132,41.015625,25000000.000
8523,2132,41.015625,25000000.000
8524,2123,36.621094,25000000.000
8525,2116,33.203125,25000000.000
8526,2106,28.320312,25000000.000
8527,2105,27.832031,25000000.000
8528,2083,17.089844,25000000.000
8529,2071,11.230469,25000000.000
8530,2058,4.882812,25000000.000
8531,2057,4.394531,25000000.000
8532,2030,-8.789062,25000000.000
8533,2016,-15.625000,25000000.000
8534,2004,-21.484375,25000000.000
8535,2003,-21.972656,25000000.000
8536,1984,-31.250000,25000000.000
8537,1976,-35.156250,25000000.000
8538,1969,-38.574219,25000000.000
8539,1970,-38.085938,25000000.000
8540,1963,-41.503906,25000000.000
8541,1962,-41.992188,25000000.000
8542,1963,-41.503906,25000000.000
8543,1964,-41.015625,25000000.000
8544,1972,-37.109375,25000000.000
8545,1977,-34.667969,25000000.000
8546,1985,-30.761719,25000000.000
8547,1986,-30.273438,25000000.000
8548,2004,-21.484375,25000000.000
8549,2014,-16.601562,25000000.000
8550,2026,-10.742188,25000000.000
8551,2028,-9.765625,25000000.000
8552,2050,0.976562,25000000.000
8553,2063,7.324219,25000000.000
8554,2075,13.183594,25000000.000
8555,2076,13.671875,25000000.000
8556,2099,24.902344,25000000.000
8557,2109,29.785156,25000000.000
8558,2117,33.691406,25000000.000
8559,2117,33.691406,25000000.000
8560,2129,39.550781,25000000.000
8561,2132,41.015625,25000000.000
8562,2133,41.503906,25000000.000
8563,2131,40.527344,25000000.000
8564,2128,39.062500,25000000.000
8565,2123,36.621094,25000000.000
8566,2114,32.226562,25000000.000
8567,2113,31.738281,25000000.000
8568,2093,21.972656,25000000.000
8569,2083,17.089844,25000000.000
8570,2067,9.277344,25000000.000
8571,2066,8.789062,25000000.000
8572,2041,-3.417969,25000000.000
8573,2028,-9.765625,25000000.000
8574,2015,-16.113281,25000000.000
8575,2012,-17.578125,25000000.000
8576,1992,-27.343750,25000000.000
8577,1982,-32.226562,25000000.000
8578,1974,-36.132812,25000000.000
8579,1974,-36.132812,25000000.000
8580,1965,-40.527344,25000000.000
8581,1964,-41.015625,25000000.000
8582,1964,-41.015625,25000000.000
8583,1963,-41.503906,25000000.000
8584,1968,-39.062500,25000000.000
8585,1972,-37.109375,25000000.000
8586,1979,-33.691406,25000000.000
8587,1981,-32.714844,25000000.000
8588,1995,-25.878906,25000000.000
8589,2005,-20.996094,25000000.000
8590,2017,-15.136719,25000000.000
8591,2017,-15.136719,25000000.000
8592,2041,-3.417969,25000000.000
8593,2053,2.441406,25000000.000
8594,2066,8.789062,25000000.000
8595,2067,9.277344,25000000.000
8596,2089,20.019531,25000000.000
8597,2100,25.390625,25000000.000
8598,2109,29.785156,25000000.000
8599,2110,30.273438,25000000.000
8600,2124,37.109375,25000000.000
8601,2129,39.550781,25000000.000
8602,2133,41.503906,25000000.000
8603,2132,41.015625,25000000.000
8604,2130,40.039062,25000000.000
8605,2127,38.574219,25000000.000
8606,2121,35.644531,25000000.000
8607,2119,34.667969,25000000.000
8608,2103,26.855469,25000000.000
8609,2091,20.996094,25000000.000
8610,2079,15.136719,25000000.000
8611,2077,14.160156,25000000.000
8612,2053,2.441406,25000000.000
8613,2039,-4.394531,25000000.000
8614,2026,-10.742188,25000000.000
8615,2024,-11.718750,25000000.000
8616,2002,-22.460938,25000000.000
8617,1990,-28.320312,25000000.000
8618,1982,-32.226562,25000000.000
8619,1980,-33.203125,25000000.000
8620,1969,-38.574219,25000000.000
8621,1965,-40.527344,25000000.000
8622,1963,-41.503906,25000000.000
8623,1963,-41.503906,25000000.000
8624,1965,-40.527344,25000000.000
8625,1969,-38.574219,25000000.000
8626,1974,-36.132812,25000000.000
8627,1975,-35.644531,25000000.000
8628,1989,-28.808594,25000000.000
8629,1998,-24.414062,25000000.000
8630,2009,-19.042969,25000000.000
8631,2009,-19.042969,25000000.000
8632,2031,-8.300781,25000000.000
8633,2043,-2.441406,25000000.000
8634,2056,3.906250,25000000.000
8635,2057,4.394531,25000000.000
8636,2080,15.625000,25000000.000
8637,2091,20.996094,25000000.000
8638,2103,26.855469,25000000.000
8639,2104,27.343750,25000000.000
8640,2120,35.156250,25000000.000
8641,2126,38.085938,25000000.000
8642,2131,40.527344,25000000.000
8643,2132,41.015625,25000000.000
8644,2132,41.015625,25000000.000
8645,2130,40.039062,25000000.000
8646,2127,38.574219,25000000.000
8647,2126,38.085938,25000000.000
8648,2111,30.761719,25000000.000
8649,2101,25.878906,25000000.000
8650,2090,20.507812,25000000.000
8651,2088,19.531250,25000000.000
8652,2064,7.812500,25000000.000
8653,2051,1.464844,25000000.000
8654,2037,-5.371094,25000000.000
8655,2036,-5.859375,25000000.000
8656,2012,-17.578125,25000000.000
8657,2000,-23.437500,25000000.000
8658,1990,-28.320312,25000000.000
8659,1988,-29.296875,25000000.000
8660,1974,-36.132812,25000000.000
8661,1968,-39.062500,25000000.000
8662,1965,-40.527344,25000000.000
8663,1965,-40.527344,25000000.000
8664,1963,-41.503906,25000000.000
8665,1966,-40.039062,25000000.000
8666,1970,-38.085938,25000000.000
8667,1970,-38.085938,25000000.000
8668,1981,-32.714844,25000000.000
8669,1990,-28.320312,25000000.000
8670,1998,-24.414062,25000000.000
8671,2000,-23.437500,25000000.000
8672,2021,-13.183594,25000000.000
8673,2032,-7.812500,25000000.000
8674,2044,-1.953125,25000000.000
8675,2046,-0.976562,25000000.000
8676,2071,11.230469,25000000.000
8677,2082,16.601562,25000000.000
8678,2093,21.972656,25000000.000
8679,2095,22.949219,25000000.000
8680,2113,31.738281,25000000.000
8681,2121,35.644531,25000000.000
8682,2126,38.085938,25000000.000
8683,2127,38.574219,25000000.000
8684,2132,41.015625,25000000.000
8685,2132,41.015625,25000000.000
8686,2130,40.039062,25000000.000
8687,2130,40.039062,25000000.000
8688,2118,34.179688,25000000.000
8689,2110,30.273438,25000000.000
8690,2099,24.902344,25000000.000
8691,2098,24.414062,25000000.000
8692,2076,13.671875,25000000.000
8693,2064,7.812500,25000000.000
8694,2050,0.976562,25000000.000
8695,2050,0.976562,25000000.000
8696,2024,-11.718750,25000000.000
8697,2011,-18.066406,25000000.000
8698,1999,-23.925781,25000000.000
8699,1998,-24.414062,25000000.000
8700,1980,-33.203125,25000000.000
8701,1973,-36.621094,25000000.000
8702,1967,-39.550781,25000000.000
8703,1967,-39.550781,25000000.000
8704,1963,-41.503906,25000000.000
8705,1963,-41.503906,25000000.000
8706,1967,-39.550781,25000000.000
8707,1966,-40.039062,25000000.000
8708,1976,-35.156250,25000000.000
8709,1984,-31.250000,25000000.000
8710,1990,-28.320312,25000000.000
8711,1992,-27.343750,25000000.000
8712,2011,-18.066406,25000000.000
8713,2022,-12.695312,25000000.000
8714,2034,-6.835938,25000000.000
8715,2036,-5.859375,25000000.000
8716,2059,5.371094,25000000.000
8717,2072,11.718750,25000000.000
8718,2084,17.578125,25000000.000
8719,2084,17.578125,25000000.000
8720,2106,28.320312,25000000.000
8721,2114,32.226562,25000000.000
8722,2121,35.644531,25000000.000
8723,2121,35.644531,25000000.000
8724,2131,40.527344,25000000.000
8725,2133,41.503906,25000000.000
8726,2132,41.015625,25000000.000
8727,2132,41.015625,25000000.000
8728,2125,37.597656,25000000.000
8729,2117,33.691406,25000000.000
8730,2108,29.296875,25000000.000
8731,2106,28.320312,25000000.000
8732,2086,18.554688,25000000.000
8733,2073,12.207031,25000000.000
8734,2061,6.347656,25000000.000
8735,2059,5.371094,25000000.000
8736,2033,-7.324219,25000000.000
8737,2021,-13.183594,25000000.000
8738,2008,-19.531250,25000000.000
8739,2007,-20.019531,25000000.000
8740,1987,-29.785156,25000000.000
8741,1979,-33.691406,25000000.000
8742,1971,-37.597656,25000000.000
8743,1971,-37.597656,25000000.000
8744,1964,-41.015625,25000000.000
8745,1963,-41.503906,25000000.000
8746,1963,-41.503906,25000000.000
8747,1963,-41.503906,25000000.000
8748,1970,-38.085938,25000000.000
8749,1976,-35.156250,25000000.000
8750,1985,-30.761719,25000000.000
8751,1985,-30.761719,25000000.000
8752,2002,-22.460938,25000000.000
8753,2013,-17.089844,25000000.000
8754,2024,-11.718750,25000000.000
8755,2026,-10.742188,25000000.000
8756,2048,0.000000,25000000.000
8757,2061,6.347656,25000000.000
8758,2074,12.695312,25000000.000
8759,2075,13.183594,25000000.000
8760,2097,23.925781,25000000.000
8761,2107,28.808594,25000000.000
8762,2116,33.203125,25000000.000
8763,2116,33.203125,25000000.000
8764,2127,38.574219,25000000.000
8765,2130,40.039062,25000000.000
8766,2132,41.015625,25000000.000
8767,2131,40.527344,25000000.000
8768,2128,39.062500,25000000.000
8769,2123,36.621094,25000000.000
8770,2116,33.203125,25000000.000
8771,2116,33.203125,25000000.000
8772,2096,23.437500,25000000.000
8773,2084,17.578125,25000000.000
8774,2071,11.230469,25000000.000
8775,2071,11.230469,25000000.000
8776,2044,-1.953125,25000000.000
8777,2031,-8.300781,25000000.000
8778,2019,-14.160156,25000000.000
8779,2017,-15.136719,25000000.000
8780,1995,-25.878906,25000000.000
8781,1985,-30.761719,25000000.000
8782,1975,-35.644531,25000000.000
8783,1975,-35.644531,25000000.000
8784,1966,-40.039062,25000000.000
8785,1963,-41.503906,25000000.000
8786,1962,-41.992188,25000000.000
8787,1962,-41.992188,25000000.000
8788,1965,-40.527344,25000000.000
8789,1970,-38.085938,25000000.000
8790,1977,-34.667969,25000000.000
8791,1976,-35.156250,25000000.000
8792,1993,-26.855469,25000000.000
8793,2003,-21.972656,25000000.000
8794,2013,-17.089844,25000000.000
8795,2014,-16.601562,25000000.000
8796,2037,-5.371094,25000000.000
8797,2050,0.976562,25000000.000
8798,2063,7.324219,25000000.000
8799,2064,7.812500,25000000.000
8800,2086,18.554688,25000000.000
8801,2102,26.367188,25000000.000
8802,2112,31.250000,25000000.000
8803,2109,29.785156,25000000.000
8804,2122,36.132812,25000000.000
8805,2128,39.062500,25000000.000
8806,2131,40.527344,25000000.000
8807,2132,41.015625,25000000.000
8808,2130,40.039062,25000000.000
8809,2127,38.574219,25000000.000
8810,2122,36.132812,25000000.000
8811,2122,36.132812,25000000.000
8812,2106,28.320312,25000000.000
8813,2095,22.949219,25000000.000
8814,2083,17.089844,25000000.000
8815,2083,17.089844,25000000.000
8816,2057,4.394531,25000000.000
8817,2042,-2.929688,25000000.000
8818,2030,-8.789062,25000000.000
8819,2027,-10.253906,25000000.000
8820,2003,-21.972656,25000000.000
8821,1992,-27.343750,25000000.000
8822,1983,-31.738281,25000000.000
8823,1983,-31.738281,25000000.000
8824,1970,-38.085938,25000000.000
8825,1966,-40.039062,25000000.000
8826,1963,-41.503906,25000000.000
8827,1963,-41.503906,25000000.000
8828,1965,-40.527344,25000000.000
8829,1967,-39.550781,25000000.000
8830,1972,-37.109375,25000000.000
8831,1973,-36.621094,25000000.000
8832,1985,-30.761719,25000000.000
8833,1994,-26.367188,25000000.000
8834,2004,-21.484375,25000000.000
8835,2005,-20.996094,25000000.000
8836,2027,-10.253906,25000000.000
8837,2040,-3.906250,25000000.000
8838,2052,1.953125,25000000.000
8839,2053,2.441406,25000000.000
8840,2077,14.160156,25000000.000
8841,2090,20.507812,25000000.000
8842,2101,25.878906,25000000.000
8843,2101,25.878906,25000000.000
8844,2118,34.179688,25000000.000
8845,2124,37.109375,25000000.000
8846,2128,39.062500,25000000.000
8847,2128,39.062500,25000000.000
8848,2132,41.015625,25000000.000
8849,2129,39.550781,25000000.000
8850,2125,37.597656,25000000.000
8851,2126,38.085938,25000000.000
8852,2114,32.226562,25000000.000
8853,2105,27.832031,25000000.000
8854,2094,22.460938,25000000.000
8855,2094,22.460938,25000000.000
8856,2069,10.253906,25000000.000
8857,2057,4.394531,25000000.000
8858,2042,-2.929688,25000000.000
8859,2041,-3.417969,25000000.000
8860,2015,-16.113281,25000000.000
8861,2003,-21.972656,25000000.000
8862,1991,-27.832031,25000000.000
8863,1991,-27.832031,25000000.000
8864,1975,-35.644531,25000000.000
8865,1968,-39.062500,25000000.000
8866,1966,-40.039062,25000000.000
8867,1963,-41.503906,25000000.000
8868,1962,-41.992188,25000000.000
8869,1964,-41.015625,25000000.000
8870,1967,-39.550781,25000000.000
8871,1969,-38.574219,25000000.000
8872,1979,-33.691406,25000000.000
8873,1986,-30.273438,25000000.000
8874,1996,-25.390625,25000000.000
8875,1996,-25.390625,25000000.000
8876,2016,-15.625000,25000000.000
8877,2028,-9.765625,25000000.000
8878,2041,-3.417969,25000000.000
8879,2042,-2.929688,25000000.000
8880,2067,9.277344,25000000.000
8881,2080,15.625000,25000000.000
8882,2093,21.972656,25000000.000
8883,2093,21.972656,25000000.000
8884,2111,30.761719,25000000.000
8885,2119,34.667969,25000000.000
8886,2126,38.085938,25000000.000
8887,2126,38.085938,25000000.000
8888,2132,41.015625,25000000.000
8889,2133,41.503906,25000000.000
8890,2130,40.039062,25000000.000
8891,2130,40.039062,25000000.000
8892,2122,36.132812,25000000.000
8893,2113,31.738281,25000000.000
8894,2103,26.855469,25000000.000
8895,2103,26.855469,25000000.000
8896,2080,15.625000,25000000.000
8897,2068,9.765625,25000000.000
8898,2054,2.929688,25000000.000
8899,2052,1.953125,25000000.000
8900,2028,-9.765625,25000000.000
8901,2014,-16.601562,25000000.000
8902,2001,-22.949219,25000000.000
8903,2000,-23.437500,25000000.000
8904,1981,-32.714844,25000000.000
8905,1975,-35.644531,25000000.000
8906,1968,-39.062500,25000000.000
8907,1968,-39.062500,25000000.000
8908,1963,-41.503906,25000000.000
8909,1964,-41.015625,25000000.000
8910,1965,-40.527344,25000000.000
8911,1965,-40.527344,25000000.000
8912,1974,-36.132812,25000000.000
8913,1980,-33.203125,25000000.000
8914,1988,-29.296875,25000000.000
8915,1990,-28.320312,25000000.000
8916,2007,-20.019531,25000000.000
8917,2019,-14.160156,25000000.000
8918,2030,-8.789062,25000000.000
8919,2031,-8.300781,25000000.000
8920,2056,3.906250,25000000.000
8921,2068,9.765625,25000000.000
8922,2082,16.601562,25000000.000
8923,2083,17.089844,25000000.000
8924,2103,26.855469,25000000.000
8925,2113,31.738281,25000000.000
8926,2121,35.644531,25000000.000
8927,2121,35.644531,25000000.000
8928,2130,40.039062,25000000.000
8929,2131,40.527344,25000000.000
8930,2131,40.527344,25000000.000
8931,2131,40.527344,25000000.000
8932,2126,38.085938,25000000.000
8933,2120,35.156250,25000000.000
8934,2112,31.250000,25000000.000
8935,2111,30.761719,25000000.000
8936,2091,20.996094,25000000.000
8937,2079,15.136719,25000000.000
8938,2065,8.300781,25000000.000
8939,2065,8.300781,25000000.000
8940,2038,-4.882812,25000000.000
8941,2024,-11.718750,25000000.000
8942,2011,-18.066406,25000000.000
8943,2010,-18.554688,25000000.000
8944,1988,-29.296875,25000000.000
8945,1979,-33.691406,25000000.000
8946,1972,-37.109375,25000000.000
8947,1972,-37.109375,25000000.000
8948,1964,-41.015625,25000000.000
8949,1962,-41.992188,25000000.000
8950,1962,-41.992188,25000000.000
8951,1963,-41.503906,25000000.000
8952,1970,-38.085938,25000000.000
8953,1975,-35.644531,25000000.000
8954,1981,-32.714844,25000000.000
8955,1982,-32.226562,25000000.000
8956,1999,-23.925781,25000000.000
8957,2009,-19.042969,25000000.000
8958,2019,-14.160156,25000000.000
8959,2021,-13.183594,25000000.000
8960,2043,-2.441406,25000000.000
8961,2056,3.906250,25000000.000
8962,2069,10.253906,25000000.000
8963,2070,10.742188,25000000.000
8964,2092,21.484375,25000000.000
8965,2103,26.855469,25000000.000
8966,2112,31.250000,25000000.000
8967,2114,32.226562,25000000.000
8968,2126,38.085938,25000000.000
8969,2130,40.039062,25000000.000
8970,2132,41.015625,25000000.000
8971,2132,41.015625,25000000.000
8972,2128,39.062500,25000000.000
8973,2124,37.109375,25000000.000
8974,2118,34.179688,25000000.000
8975,2116,33.203125,25000000.000
8976,2099,24.902344,25000000.000
8977,2087,19.042969,25000000.000
8978,2076,13.671875,25000000.000
8979,2074,12.695312,25000000.000
8980,2048,0.000000,25000000.000
8981,2034,-6.835938,25000000.000
8982,2022,-12.695312,25000000.000
8983,2020,-13.671875,25000000.000
8984,1998,-24.414062,25000000.000
8985,1988,-29.296875,25000000.000
8986,1979,-33.691406,25000000.000
8987,1980,-33.203125,25000000.000
8988,1968,-39.062500,25000000.000
8989,1965,-40.527344,25000000.000
8990,1964,-41.015625,25000000.000
8991,1964,-41.015625,25000000.000
8992,1966,-40.039062,25000000.000
8993,1971,-37.597656,25000000.000
8994,1975,-35.644531,25000000.000
8995,1976,-35.156250,25000000.000
8996,1991,-27.832031,25000000.000
8997,1999,-23.925781,25000000.000
8998,2011,-18.066406,25000000.000
8999,2011,-18.066406,25000000.000
9000,2034,-6.835938,25000000.000
9001,2047,-0.488281,25000000.000
9002,2060,5.859375,25000000.000
9003,2060,5.859375,25000000.000
9004,2084,17.578125,25000000.000
9005,2096,23.437500,25000000.000
9006,2107,28.808594,25000000.000
9007,2107,28.808594,25000000.000
9008,2122,36.132812,25000000.000
9009,2127,38.574219,25000000.000
9010,2131,40.527344,25000000.000
9011,2132,41.015625,25000000.000
9012,2131,40.527344,25000000.000
9013,2128,39.062500,25000000.000
9014,2123,36.621094,25000000.000
9015,2122,36.132812,25000000.000
9016,2109,29.785156,25000000.000
9017,2098,24.414062,25000000.000
9018,2087,19.042969,25000000.000
9019,2085,18.066406,25000000.000
9020,2060,5.859375,25000000.000
9021,2048,0.000000,25000000.000
9022,2032,-7.812500,25000000.000
9023,2032,-7.812500,25000000.000
9024,2008,-19.531250,25000000.000
9025,1997,-24.902344,25000000.000
9026,1986,-30.273438,25000000.000
9027,1985,-30.761719,25000000.000
9028,1971,-37.597656,25000000.000
9029,1966,-40.039062,25000000.000
9030,1964,-41.015625,25000000.000
9031,1963,-41.503906,25000000.000
9032,1963,-41.503906,25000000.000
9033,1966,-40.039062,25000000.000
9034,1970,-38.085938,25000000.000
9035,1971,-37.597656,25000000.000
9036,1984,-31.250000,25000000.000
9037,1992,-27.343750,25000000.000
9038,2002,-22.460938,25000000.000
9039,2002,-22.460938,25000000.000
9040,2024,-11.718750,25000000.000
9041,2037,-5.371094,25000000.000
9042,2050,0.976562,25000000.000
9043,2052,1.953125,25000000.000
9044,2074,12.695312,25000000.000
9045,2088,19.531250,25000000.000
9046,2098,24.414062,25000000.000
9047,2100,25.390625,25000000.000
9048,2118,34.179688,25000000.000
9049,2123,36.621094,25000000.000
9050,2128,39.062500,25000000.000
9051,2129,39.550781,25000000.000
9052,2133,41.503906,25000000.000
9053,2131,40.527344,25000000.000
9054,2128,39.062500,25000000.000
9055,2127,38.574219,25000000.000
9056,2116,33.203125,25000000.000
9057,2108,29.296875,25000000.000
9058,2098,24.414062,25000000.000
9059,2097,23.925781,25000000.000
9060,2073,12.207031,25000000.000
9061,2060,5.859375,25000000.000
9062,2046,-0.976562,25000000.000
9063,2045,-1.464844,25000000.000
9064,2017,-15.136719,25000000.000
9065,2008,-19.531250,25000000.000
9066,1995,-25.878906,25000000.000
9067,1994,-26.367188,25000000.000
9068,1976,-35.156250,25000000.000
9069,1971,-37.597656,25000000.000
9070,1966,-40.039062,25000000.000
9071,1965,-40.527344,25000000.000
9072,1962,-41.992188,25000000.000
9073,1963,-41.503906,25000000.000
9074,1966,-40.039062,25000000.000
9075,1966,-40.039062,25000000.000
9076,1976,-35.156250,25000000.000
9077,1983,-31.738281,25000000.000
9078,1991,-27.832031,25000000.000
9079,1993,-26.855469,25000000.000
9080,2013,-17.089844,25000000.000
9081,2025,-11.230469,25000000.000
9082,2037,-5.371094,25000000.000
9083,2038,-4.882812,25000000.000
9084,2062,6.835938,25000000.000
9085,2076,13.671875,25000000.000
9086,2088,19.531250,25000000.000
9087,2090,20.507812,25000000.000
9088,2109,29.785156,25000000.000
9089,2118,34.179688,25000000.000
9090,2123,36.621094,25000000.000
9091,2124,37.109375,25000000.000
9092,2131,40.527344,25000000.000
9093,2131,40.527344,25000000.000
9094,2131,40.527344,25000000.000
9095,2130,40.039062,25000000.000
9096,2123,36.621094,25000000.000
9097,2116,33.203125,25000000.000
9098,2107,28.808594,25000000.000
9099,2106,28.320312,25000000.000
9100,2084,17.578125,25000000.000
9101,2071,11.230469,25000000.000
9102,2058,4.882812,25000000.000
9103,2057,4.394531,25000000.000
9104,2031,-8.300781,25000000.000
9105,2017,-15.136719,25000000.000
9106,2005,-20.996094,25000000.000
9107,2004,-21.484375,25000000.000
9108,1984,-31.250000,25000000.000
9109,1976,-35.156250,25000000.000
9110,1969,-38.574219,25000000.000
9111,1968,-39.062500,25000000.000
9112,1962,-41.992188,25000000.000
9113,1962,-41.992188,25000000.000
9114,1963,-41.503906,25000000.000
9115,1964,-41.015625,25000000.000
9116,1971,-37.597656,25000000.000
9117,1976,-35.156250,25000000.000
9118,1986,-30.273438,25000000.000
9119,1985,-30.761719,25000000.000
9120,2004,-21.484375,25000000.000
9121,2014,-16.601562,25000000.000
9122,2026,-10.742188,25000000.000
9123,2028,-9.765625,25000000.000
9124,2051,1.464844,25000000.000
9125,2065,8.300781,25000000.000
9126,2077,14.160156,25000000.000
9127,2078,14.648438,25000000.000
9128,2100,25.390625,25000000.000
9129,2110,30.273438,25000000.000
9130,2117,33.691406,25000000.000
9131,2118,34.179688,25000000.000
9132,2129,39.550781,25000000.000
9133,2131,40.527344,25000000.000
9134,2131,40.527344,25000000.000
9135,2131,40.527344,25000000.000
9136,2126,38.085938,25000000.000
9137,2120,35.156250,25000000.000
9138,2113,31.738281,25000000.000
9139,2113,31.738281,25000000.000
9140,2093,21.972656,25000000.000
9141,2081,16.113281,25000000.000
9142,2068,9.765625,25000000.000
9143,2067,9.277344,25000000.000
9144,2041,-3.417969,25000000.000
9145,2028,-9.765625,25000000.000
9146,2014,-16.601562,25000000.000
9147,2015,-16.113281,25000000.000
9148,1991,-27.832031,25000000.000
9149,1983,-31.738281,25000000.000
9150,1969,-38.574219,25000000.000
9151,1978,-34.179688,25000000.000
9152,1967,-39.550781,25000000.000
9153,1965,-40.527344,25000000.000
9154,1964,-41.015625,25000000.000
9155,1964,-41.015625,25000000.000
9156,1969,-38.574219,25000000.000
9157,1973,-36.621094,25000000.000
9158,1980,-33.203125,25000000.000
9159,1980,-33.203125,25000000.000
9160,1996,-25.390625,25000000.000
9161,2006,-20.507812,25000000.000
9162,2017,-15.136719,25000000.000
9163,2017,-15.136719,25000000.000
9164,2041,-3.417969,25000000.000
9165,2052,1.953125,25000000.000
9166,2066,8.789062,25000000.000
9167,2066,8.789062,25000000.000
9168,2089,20.019531,25000000.000
9169,2101,25.878906,25000000.000
9170,2110,30.273438,25000000.000
9171,2110,30.273438,25000000.000
9172,2124,37.109375,25000000.000
9173,2128,39.062500,25000000.000
9174,2130,40.039062,25000000.000
9175,2129,39.550781,25000000.000
9176,2131,40.527344,25000000.000
9177,2125,37.597656,25000000.000
9178,2119,34.667969,25000000.000
9179,2117,33.691406,25000000.000
9180,2102,26.367188,25000000.000
9181,2091,20.996094,25000000.000
9182,2079,15.136719,25000000.000
9183,2078,14.648438,25000000.000
9184,2053,2.441406,25000000.000
9185,2039,-4.394531,25000000.000
9186,2025,-11.230469,25000000.000
9187,2025,-11.230469,25000000.000
9188,2001,-22.949219,25000000.000
9189,1990,-28.320312,25000000.000
9190,1981,-32.714844,25000000.000
9191,1980,-33.203125,25000000.000
9192,1968,-39.062500,25000000.000
9193,1965,-40.527344,25000000.000
9194,1964,-41.015625,25000000.000
9195,1963,-41.503906,25000000.000
9196,1967,-39.550781,25000000.000
9197,1972,-37.109375,25000000.000
9198,1976,-35.156250,25000000.000
9199,1976,-35.156250,25000000.000
9200,1990,-28.320312,25000000.000
9201,1999,-23.925781,25000000.000
9202,2008,-19.531250,25000000.000
9203,2011,-18.066406,25000000.000
9204,2031,-8.300781,25000000.000
9205,2043,-2.441406,25000000.000
9206,2056,3.906250,25000000.000
9207,2057,4.394531,25000000.000
9208,2081,16.113281,25000000.000
9209,2092,21.484375,25000000.000
9210,2102,26.367188,25000000.000
9211,2104,27.343750,25000000.000
9212,2119,34.667969,25000000.000
9213,2125,37.597656,25000000.000
9214,2130,40.039062,25000000.000
9215,2130,40.039062,25000000.000
9216,2131,40.527344,25000000.000
9217,2128,39.062500,25000000.000
9218,2123,36.621094,25000000.000
9219,2123,36.621094,25000000.000
9220,2110,30.273438,25000000.000
9221,2099,24.902344,25000000.000
9222,2088,19.531250,25000000.000
9223,2087,19.042969,25000000.000
9224,2064,7.812500,25000000.000
9225,2050,0.976562,25000000.000
9226,2037,-5.371094,25000000.000
9227,2036,-5.859375,25000000.000
9228,2012,-17.578125,25000000.000
9229,2000,-23.437500,25000000.000
9230,1990,-28.320312,25000000.000
9231,1990,-28.320312,25000000.000
9232,1975,-35.644531,25000000.000
9233,1969,-38.574219,25000000.000
9234,1966,-40.039062,25000000.000
9235,1966,-40.039062,25000000.000
9236,1965,-40.527344,25000000.000
9237,1967,-39.550781,25000000.000
9238,1971,-37.597656,25000000.000
9239,1972,-37.109375,25000000.000
9240,1984,-31.250000,25000000.000
9241,1993,-26.855469,25000000.000
9242,2001,-22.949219,25000000.000
9243,2003,-21.972656,25000000.000
9244,2023,-12.207031,25000000.000
9245,2034,-6.835938,25000000.000
9246,2047,-0.488281,25000000.000
9247,2049,0.488281,25000000.000
9248,2071,11.230469,25000000.000
9249,2082,16.601562,25000000.000
9250,2094,22.460938,25000000.000
9251,2094,22.460938,25000000.000
9252,2114,32.226562,25000000.000
9253,2120,35.156250,25000000.000
9254,2127,38.574219,25000000.000
9255,2126,38.085938,25000000.000
9256,2132,41.015625,25000000.000
9257,2131,40.527344,25000000.000
9258,2129,39.550781,25000000.000
9259,2130,40.039062,25000000.000
9260,2117,33.691406,25000000.000
9261,2108,29.296875,25000000.000
9262,2099,24.902344,25000000.000
9263,2097,23.925781,25000000.000
9264,2074,12.695312,25000000.000
9265,2062,6.835938,25000000.000
9266,2048,0.000000,25000000.000
9267,2047,-0.488281,25000000.000
9268,2022,-12.695312,25000000.000
9269,2010,-18.554688,25000000.000
9270,1998,-24.414062,25000000.000
9271,1998,-24.414062,25000000.000
9272,1980,-33.203125,25000000.000
9273,1974,-36.132812,25000000.000
9274,1968,-39.062500,25000000.000
9275,1968,-39.062500,25000000.000
9276,1964,-41.015625,25000000.000
9277,1965,-40.527344,25000000.000
9278,1968,-39.062500,25000000.000
9279,1968,-39.062500,25000000.000
9280,1978,-34.179688,25000000.000
9281,1985,-30.761719,25000000.000
9282,1993,-26.855469,25000000.000
9283,1994,-26.367188,25000000.000
9284,2014,-16.601562,25000000.000
9285,2024,-11.718750,25000000.000
9286,2034,-6.835938,25000000.000
9287,2037,-5.371094,25000000.000
9288,2060,5.859375,25000000.000
9289,2073,12.207031,25000000.000
9290,2084,17.578125,25000000.000
9291,2085,18.066406,25000000.000
9292,2106,28.320312,25000000.000
9293,2114,32.226562,25000000.000
9294,2122,36.132812,25000000.000
9295,2122,36.132812,25000000.000
9296,2130,40.039062,25000000.000
9297,2132,41.015625,25000000.000
9298,2131,40.527344,25000000.000
9299,2131,40.527344,25000000.000
9300,2124,37.109375,25000000.000
9301,2117,33.691406,25000000.000
9302,2109,29.785156,25000000.000
9303,2107,28.808594,25000000.000
9304,2085,18.066406,25000000.000
9305,2073,12.207031,25000000.000
9306,2060,5.859375,25000000.000
9307,2058,4.882812,25000000.000
9308,2032,-7.812500,25000000.000
9309,2019,-14.160156,25000000.000
9310,2007,-20.019531,25000000.000
9311,2006,-20.507812,25000000.000
9312,1986,-30.273438,25000000.000
9313,1978,-34.179688,25000000.000
9314,1970,-38.085938,25000000.000
9315,1970,-38.085938,25000000.000
9316,1964,-41.015625,25000000.000
9317,1963,-41.503906,25000000.000
9318,1964,-41.015625,25000000.000
9319,1964,-41.015625,25000000.000
9320,1971,-37.597656,25000000.000
9321,1976,-35.156250,25000000.000
9322,1983,-31.738281,25000000.000
9323,1985,-30.761719,25000000.000
9324,2002,-22.460938,25000000.000
9325,2012,-17.578125,25000000.000
9326,2023,-12.207031,25000000.000
9327,2025,-11.230469,25000000.000
9328,2048,0.000000,25000000.000
9329,2061,6.347656,25000000.000
9330,2074,12.695312,25000000.000
9331,2075,13.183594,25000000.000
9332,2097,23.925781,25000000.000
9333,2106,28.320312,25000000.000
9334,2116,33.203125,25000000.000
9335,2116,33.203125,25000000.000
9336,2127,38.574219,25000000.000
9337,2131,40.527344,25000000.000
9338,2131,40.527344,25000000.000
9339,2131,40.527344,25000000.000
9340,2127,38.574219,25000000.000
9341,2122,36.132812,25000000.000
9342,2116,33.203125,25000000.000
9343,2114,32.226562,25000000.000
9344,2095,22.949219,25000000.000
9345,2083,17.089844,25000000.000
9346,2072,11.718750,25000000.000
9347,2071,11.230469,25000000.000
9348,2043,-2.441406,25000000.000
9349,2031,-8.300781,25000000.000
9350,2017,-15.136719,25000000.000
9351,2017,-15.136719,25000000.000
9352,1993,-26.855469,25000000.000
9353,1984,-31.250000,25000000.000
9354,1975,-35.644531,25000000.000
9355,1974,-36.132812,25000000.000
9356,1966,-40.039062,25000000.000
9357,1964,-41.015625,25000000.000
9358,1963,-41.503906,25000000.000
9359,1963,-41.503906,25000000.000
9360,1967,-39.550781,25000000.000
9361,1972,-37.109375,25000000.000
9362,1979,-33.691406,25000000.000
9363,1979,-33.691406,25000000.000
9364,1994,-26.367188,25000000.000
9365,2004,-21.484375,25000000.000
9366,2015,-16.113281,25000000.000
9367,2015,-16.113281,25000000.000
9368,2038,-4.882812,25000000.000
9369,2051,1.464844,25000000.000
9370,2062,6.835938,25000000.000
9371,2064,7.812500,25000000.000
9372,2087,19.042969,25000000.000
9373,2099,24.902344,25000000.000
9374,2109,29.785156,25000000.000
9375,2109,29.785156,25000000.000
9376,2124,37.109375,25000000.000
9377,2129,39.550781,25000000.000
9378,2131,40.527344,25000000.000
9379,2130,40.039062,25000000.000
9380,2130,40.039062,25000000.000
9381,2127,38.574219,25000000.000
9382,2122,36.132812,25000000.000
9383,2121,35.644531,25000000.000
9384,2104,27.343750,25000000.000
9385,2095,22.949219,25000000.000
9386,2082,16.601562,25000000.000
9387,2080,15.625000,25000000.000
9388,2056,3.906250,25000000.000
9389,2042,-2.929688,25000000.000
9390,2028,-9.765625,25000000.000
9391,2027,-10.253906,25000000.000
9392,2004,-21.484375,25000000.000
9393,1993,-26.855469,25000000.000
9394,1983,-31.738281,25000000.000
9395,1983,-31.738281,25000000.000
9396,1970,-38.085938,25000000.000
9397,1966,-40.039062,25000000.000
9398,1964,-41.015625,25000000.000
9399,1965,-40.527344,25000000.000
9400,1966,-40.039062,25000000.000
9401,1969,-38.574219,25000000.000
9402,1974,-36.132812,25000000.000
9403,1974,-36.132812,25000000.000
9404,1988,-29.296875,25000000.000
9405,1997,-24.902344,25000000.000
9406,2007,-20.019531,25000000.000
9407,2008,-19.531250,25000000.000
9408,2028,-9.765625,25000000.000
9409,2040,-3.906250,25000000.000
9410,2052,1.953125,25000000.000
9411,2054,2.929688,25000000.000
9412,2078,14.648438,25000000.000
9413,2089,20.019531,25000000.000
9414,2100,25.390625,25000000.000
9415,2101,25.878906,25000000.000
9416,2118,34.179688,25000000.000
9417,2124,37.109375,25000000.000
9418,2128,39.062500,25000000.000
9419,2128,39.062500,25000000.000
9420,2132,41.015625,25000000.000
9421,2129,39.550781,25000000.000
9422,2126,38.085938,25000000.000
9423,2126,38.085938,25000000.000
9424,2113,31.738281,25000000.000
9425,2103,26.855469,25000000.000
9426,2092,21.484375,25000000.000
9427,2091,20.996094,25000000.000
9428,2068,9.765625,25000000.000
9429,2054,2.929688,25000000.000
9430,2041,-3.417969,25000000.000
9431,2040,-3.906250,25000000.000
9432,2014,-16.601562,25000000.000
9433,2003,-21.972656,25000000.000
9434,1992,-27.343750,25000000.000
9435,1991,-27.832031,25000000.000
9436,1976,-35.156250,25000000.000
9437,1970,-38.085938,25000000.000
9438,1965,-40.527344,25000000.000
9439,1965,-40.527344,25000000.000
9440,1964,-41.015625,25000000.000
9441,1966,-40.039062,25000000.000
9442,1970,-38.085938,25000000.000
9443,1971,-37.597656,25000000.000
9444,1982,-32.226562,25000000.000
9445,1990,-28.320312,25000000.000
9446,1999,-23.925781,25000000.000
9447,1999,-23.925781,25000000.000
9448,2020,-13.671875,25000000.000
9449,2031,-8.300781,25000000.000
9450,2044,-1.953125,25000000.000
9451,2045,-1.464844,25000000.000
9452,2068,9.765625,25000000.000
9453,2080,15.625000,25000000.000
9454,2091,20.996094,25000000.000
9455,2092,21.484375,25000000.000
9456,2110,30.273438,25000000.000
9457,2119,34.667969,25000000.000
9458,2125,37.597656,25000000.000
9459,2126,38.085938,25000000.000
9460,2131,40.527344,25000000.000
9461,2132,41.015625,25000000.000
9462,2128,39.062500,25000000.000
9463,2129,39.550781,25000000.000
9464,2119,34.667969,25000000.000
9465,2111,30.761719,25000000.000
9466,2101,25.878906,25000000.000
9467,2101,25.878906,25000000.000
9468,2078,14.648438,25000000.000
9469,2064,7.812500,25000000.000
9470,2050,0.976562,25000000.000
9471,2049,0.488281,25000000.000
9472,2023,-12.207031,25000000.000
9473,2011,-18.066406,25000000.000
9474,1998,-24.414062,25000000.000
9475,1998,-24.414062,25000000.000
9476,1981,-32.714844,25000000.000
9477,1973,-36.621094,25000000.000
9478,1968,-39.062500,25000000.000
9479,1969,-38.574219,25000000.000
9480,1965,-40.527344,25000000.000
9481,1965,-40.527344,25000000.000
9482,1967,-39.550781,25000000.000
9483,1968,-39.062500,25000000.000
9484,1977,-34.667969,25000000.000
9485,1984,-31.250000,25000000.000
9486,1991,-27.832031,25000000.000
9487,1993,-26.855469,25000000.000
9488,2010,-18.554688,25000000.000
9489,2022,-12.695312,25000000.000
9490,2032,-7.812500,25000000.000
9491,2034,-6.835938,25000000.000
9492,2058,4.882812,25000000.000
9493,2070,10.742188,25000000.000
9494,2081,16.113281,25000000.000
9495,2084,17.578125,25000000.000
9496,2103,26.855469,25000000.000
9497,2113,31.738281,25000000.000
9498,2115,32.714844,25000000.000
9499,2123,36.621094,25000000.000
9500,2132,41.015625,25000000.000
9501,2133,41.503906,25000000.000
9502,2131,40.527344,25000000.000
9503,2131,40.527344,25000000.000
9504,2124,37.109375,25000000.000
9505,2117,33.691406,25000000.000
9506,2109,29.785156,25000000.000
9507,2108,29.296875,25000000.000
9508,2088,19.531250,25000000.000
9509,2076,13.671875,25000000.000
9510,2063,7.324219,25000000.000
9511,2061,6.347656,25000000.000
9512,2036,-5.859375,25000000.000
9513,2022,-12.695312,25000000.000
9514,2010,-18.554688,25000000.000
9515,2009,-19.042969,25000000.000
9516,1988,-29.296875,25000000.000
9517,1979,-33.691406,25000000.000
9518,1972,-37.109375,25000000.000
9519,1972,-37.109375,25000000.000
9520,1964,-41.015625,25000000.000
9521,1962,-41.992188,25000000.000
9522,1963,-41.503906,25000000.000
9523,1963,-41.503906,25000000.000
9524,1969,-38.574219,25000000.000
9525,1975,-35.644531,25000000.000
9526,1982,-32.226562,25000000.000
9527,1983,-31.738281,25000000.000
9528,2000,-23.437500,25000000.000
9529,2010,-18.554688,25000000.000
9530,2020,-13.671875,25000000.000
9531,2023,-12.207031,25000000.000
9532,2046,-0.976562,25000000.000
9533,2058,4.882812,25000000.000
9534,2071,11.230469,25000000.000
9535,2071,11.230469,25000000.000
9536,2094,22.460938,25000000.000
9537,2104,27.343750,25000000.000
9538,2113,31.738281,25000000.000
9539,2114,32.226562,25000000.000
9540,2127,38.574219,25000000.000
9541,2129,39.550781,25000000.000
9542,2132,41.015625,25000000.000
9543,2132,41.015625,25000000.000
9544,2129,39.550781,25000000.000
9545,2125,37.597656,25000000.000
9546,2117,33.691406,25000000.000
9547,2115,32.714844,25000000.000
9548,2098,24.414062,25000000.000
9549,2088,19.531250,25000000.000
9550,2075,13.183594,25000000.000
9551,2073,12.207031,25000000.000
9552,2047,-0.488281,25000000.000
9553,2033,-7.324219,25000000.000
9554,2021,-13.183594,25000000.000
9555,2020,-13.671875,25000000.000
9556,1998,-24.414062,25000000.000
9557,1988,-29.296875,25000000.000
9558,1978,-34.179688,25000000.000
9559,1977,-34.667969,25000000.000
9560,1967,-39.550781,25000000.000
9561,1962,-41.992188,25000000.000
9562,1963,-41.503906,25000000.000
9563,1964,-41.015625,25000000.000
9564,1967,-39.550781,25000000.000
9565,1971,-37.597656,25000000.000
9566,1978,-34.179688,25000000.000
9567,1978,-34.179688,25000000.000
9568,1993,-26.855469,25000000.000
9569,2002,-22.460938,25000000.000
9570,2012,-17.578125,25000000.000
9571,2014,-16.601562,25000000.000
9572,2035,-6.347656,25000000.000
9573,2047,-0.488281,25000000.000
9574,2060,5.859375,25000000.000
9575,2061,6.347656,25000000.000
9576,2084,17.578125,25000000.000
9577,2095,22.949219,25000000.000
9578,2106,28.320312,25000000.000
9579,2106,28.320312,25000000.000
9580,2122,36.132812,25000000.000
9581,2127,38.574219,25000000.000
9582,2130,40.039062,25000000.000
9583,2130,40.039062,25000000.000
9584,2131,40.527344,25000000.000
9585,2127,38.574219,25000000.000
9586,2122,36.132812,25000000.000
9587,2121,35.644531,25000000.000
9588,2106,28.320312,25000000.000
9589,2096,23.437500,25000000.000
9590,2085,18.066406,25000000.000
9591,2084,17.578125,25000000.000
9592,2063,7.324219,25000000.000
9593,2044,-1.953125,25000000.000
9594,2033,-7.324219,25000000.000
9595,2031,-8.300781,25000000.000
9596,2007,-20.019531,25000000.000
9597,1996,-25.390625,25000000.000
9598,1986,-30.273438,25000000.000
9599,1984,-31.250000,25000000.000
9600,1970,-38.085938,25000000.000
9601,1966,-40.039062,25000000.000
9602,1964,-41.015625,25000000.000
9603,1964,-41.015625,25000000.000
9604,1964,-41.015625,25000000.000
9605,1967,-39.550781,25000000.000
9606,1972,-37.109375,25000000.000
9607,1973,-36.621094,25000000.000
9608,1987,-29.785156,25000000.000
9609,1994,-26.367188,25000000.000
9610,2005,-20.996094,25000000.000
9611,2005,-20.996094,25000000.000
9612,2027,-10.253906,25000000.000
9613,2038,-4.882812,25000000.000
9614,2050,0.976562,25000000.000
9615,2051,1.464844,25000000.000
9616,2075,13.183594,25000000.000
9617,2088,19.531250,25000000.000
9618,2097,23.925781,25000000.000
9619,2099,24.902344,25000000.000
9620,2117,33.691406,25000000.000
9621,2122,36.132812,25000000.000
9622,2128,39.062500,25000000.000
9623,2128,39.062500,25000000.000
9624,2132,41.015625,25000000.000
9625,2130,40.039062,25000000.000
9626,2127,38.574219,25000000.000
9627,2126,38.085938,25000000.000
9628,2115,32.714844,25000000.000
9629,2106,28.320312,25000000.000
9630,2094,22.460938,25000000.000
9631,2093,21.972656,25000000.000
9632,2071,11.230469,25000000.000
9633,2057,4.394531,25000000.000
9634,2043,-2.441406,25000000.000
9635,2041,-3.417969,25000000.000
9636,2016,-15.625000,25000000.000
9637,2004,-21.484375,25000000.000
9638,1993,-26.855469,25000000.000
9639,1992,-27.343750,25000000.000
9640,1977,-34.667969,25000000.000
9641,1971,-37.597656,25000000.000
9642,1967,-39.550781,25000000.000
9643,1966,-40.039062,25000000.000
9644,1965,-40.527344,25000000.000
9645,1967,-39.550781,25000000.000
9646,1969,-38.574219,25000000.000
9647,1970,-38.085938,25000000.000
9648,1981,-32.714844,25000000.000
9649,1989,-28.808594,25000000.000
9650,1997,-24.902344,25000000.000
9651,1998,-24.414062,25000000.000
9652,2016,-15.625000,25000000.000
9653,2028,-9.765625,25000000.000
9654,2040,-3.906250,25000000.000
9655,2040,-3.906250,25000000.000
9656,2064,7.812500,25000000.000
9657,2076,13.671875,25000000.000
9658,2089,20.019531,25000000.000
9659,2089,20.019531,25000000.000
9660,2109,29.785156,25000000.000
9661,2117,33.691406,25000000.000
9662,2124,37.109375,25000000.000
9663,2123,36.621094,25000000.000
9664,2131,40.527344,25000000.000
9665,2132,41.015625,25000000.000
9666,2131,40.527344,25000000.000
9667,2130,40.039062,25000000.000
9668,2121,35.644531,25000000.000
9669,2113,31.738281,25000000.000
9670,2104,27.343750,25000000.000
9671,2104,27.343750,25000000.000
9672,2081,16.113281,25000000.000
9673,2068,9.765625,25000000.000
9674,2056,3.906250,25000000.000
9675,2054,2.929688,25000000.000
9676,2028,-9.765625,25000000.000
9677,2015,-16.113281,25000000.000
9678,2003,-21.972656,25000000.000
9679,2002,-22.460938,25000000.000
9680,1983,-31.738281,25000000.000
9681,1974,-36.132812,25000000.000
9682,1969,-38.574219,25000000.000
9683,1969,-38.574219,25000000.000
9684,1963,-41.503906,25000000.000
9685,1963,-41.503906,25000000.000
9686,1964,-41.015625,25000000.000
9687,1966,-40.039062,25000000.000
9688,1973,-36.621094,25000000.000
9689,1980,-33.203125,25000000.000
9690,1988,-29.296875,25000000.000
9691,1990,-28.320312,25000000.000
9692,2008,-19.531250,25000000.000
9693,2019,-14.160156,25000000.000
9694,2031,-8.300781,25000000.000
9695,2032,-7.812500,25000000.000
9696,2054,2.929688,25000000.000
9697,2066,8.789062,25000000.000
9698,2078,14.648438,25000000.000
9699,2079,15.136719,25000000.000
9700,2100,25.390625,25000000.000
9701,2110,30.273438,25000000.000
9702,2116,33.203125,25000000.000
9703,2119,34.667969,25000000.000
9704,2128,39.062500,25000000.000
9705,2131,40.527344,25000000.000
9706,2130,40.039062,25000000.000
9707,2131,40.527344,25000000.000
9708,2125,37.597656,25000000.000
9709,2119,34.667969,25000000.000
9710,2111,30.761719,25000000.000
9711,2110,30.273438,25000000.000
9712,2089,20.019531,25000000.000
9713,2077,14.160156,25000000.000
9714,2064,7.812500,25000000.000
9715,2064,7.812500,25000000.000
9716,2038,-4.882812,25000000.000
9717,2025,-11.230469,25000000.000
9718,2012,-17.578125,25000000.000
9719,2010,-18.554688,25000000.000
9720,1990,-28.320312,25000000.000
9721,1981,-32.714844,25000000.000
9722,1974,-36.132812,25000000.000
9723,1973,-36.621094,25000000.000
9724,1966,-40.039062,25000000.000
9725,1963,-41.503906,25000000.000
9726,1963,-41.503906,25000000.000
9727,1963,-41.503906,25000000.000
9728,1970,-38.085938,25000000.000
9729,1975,-35.644531,25000000.000
9730,1982,-32.226562,25000000.000
9731,1982,-32.226562,25000000.000
9732,2000,-23.437500,25000000.000
9733,2010,-18.554688,25000000.000
9734,2021,-13.183594,25000000.000
9735,2022,-12.695312,25000000.000
9736,2044,-1.953125,25000000.000
9737,2056,3.906250,25000000.000
9738,2069,10.253906,25000000.000
9739,2069,10.253906,25000000.000
9740,2091,20.996094,25000000.000
9741,2101,25.878906,25000000.000
9742,2111,30.761719,25000000.000
9743,2112,31.250000,25000000.000
9744,2125,37.597656,25000000.000
9745,2129,39.550781,25000000.000
9746,2130,40.039062,25000000.000
9747,2131,40.527344,25000000.000
9748,2129,39.550781,25000000.000
9749,2125,37.597656,25000000.000
9750,2118,34.179688,25000000.000
9751,2117,33.691406,25000000.000
9752,2100,25.390625,25000000.000
9753,2089,20.019531,25000000.000
9754,2076,13.671875,25000000.000
9755,2074,12.695312,25000000.000
9756,2050,0.976562,25000000.000
9757,2036,-5.859375,25000000.000
9758,2024,-11.718750,25000000.000
9759,2021,-13.183594,25000000.000
9760,1998,-24.414062,25000000.000
9761,1989,-28.808594,25000000.000
9762,1980,-33.203125,25000000.000
9763,1979,-33.691406,25000000.000
9764,1967,-39.550781,25000000.000
9765,1963,-41.503906,25000000.000
9766,1962,-41.992188,25000000.000
9767,1962,-41.992188,25000000.000
9768,1965,-40.527344,25000000.000
9769,1970,-38.085938,25000000.000
9770,1974,-36.132812,25000000.000
9771,1976,-35.156250,25000000.000
9772,1990,-28.320312,25000000.000
9773,2001,-22.949219,25000000.000
9774,2011,-18.066406,25000000.000
9775,2011,-18.066406,25000000.000
9776,2033,-7.324219,25000000.000
9777,2046,-0.976562,25000000.000
9778,2058,4.882812,25000000.000
9779,2059,5.371094,25000000.000
9780,2083,17.089844,25000000.000
9781,2094,22.460938,25000000.000
9782,2104,27.343750,25000000.000
9783,2105,27.832031,25000000.000
9784,2123,36.621094,25000000.000
9785,2127,38.574219,25000000.000
9786,2130,40.039062,25000000.000
9787,2132,41.015625,25000000.000
9788,2133,41.503906,25000000.000
9789,2132,41.015625,25000000.000
9790,2126,38.085938,25000000.000
9791,2126,38.085938,25000000.000
9792,2112,31.250000,25000000.000
9793,2102,26.367188,25000000.000
9794,2090,20.507812,25000000.000
9795,2088,19.531250,25000000.000
9796,2063,7.324219,25000000.000
9797,2049,0.488281,25000000.000
9798,2035,-6.347656,25000000.000
9799,2033,-7.324219,25000000.000
9800,2008,-19.531250,25000000.000
9801,1997,-24.902344,25000000.000
9802,1987,-29.785156,25000000.000
9803,1985,-30.761719,25000000.000
9804,1971,-37.597656,25000000.000
9805,1966,-40.039062,25000000.000
9806,1963,-41.503906,25000000.000
9807,1964,-41.015625,25000000.000
9808,1964,-41.015625,25000000.000
9809,1967,-39.550781,25000000.000
9810,1971,-37.597656,25000000.000
9811,1971,-37.597656,25000000.000
9812,1983,-31.738281,25000000.000
9813,1991,-27.832031,25000000.000
9814,2000,-23.437500,25000000.000
9815,2002,-22.460938,25000000.000
9816,2021,-13.183594,25000000.000
9817,2035,-6.347656,25000000.000
9818,2047,-0.488281,25000000.000
9819,2047,-0.488281,25000000.000
9820,2072,11.718750,25000000.000
9821,2085,18.066406,25000000.000
9822,2096,23.437500,25000000.000
9823,2096,23.437500,25000000.000
9824,2115,32.714844,25000000.000
9825,2122,36.132812,25000000.000
9826,2127,38.574219,25000000.000
9827,2129,39.550781,25000000.000
9828,2133,41.503906,25000000.000
9829,2133,41.503906,25000000.000
9830,2130,40.039062,25000000.000
9831,2130,40.039062,25000000.000
9832,2118,34.179688,25000000.000
9833,2110,30.273438,25000000.000
9834,2100,25.390625,25000000.000
9835,2099,24.902344,25000000.000
9836,2076,13.671875,25000000.000
9837,2062,6.835938,25000000.000
9838,2048,0.000000,25000000.000
9839,2047,-0.488281,25000000.000
9840,2020,-13.671875,25000000.000
9841,2007,-20.019531,25000000.000
9842,1994,-26.367188,25000000.000
9843,1995,-25.878906,25000000.000
9844,1976,-35.156250,25000000.000
9845,1969,-38.574219,25000000.000
9846,1968,-39.062500,25000000.000
9847,1965,-40.527344,25000000.000
9848,1961,-42.480469,25000000.000
9849,1963,-41.503906,25000000.000
9850,1966,-40.039062,25000000.000
9851,1966,-40.039062,25000000.000
9852,1977,-34.667969,25000000.000
9853,1984,-31.250000,25000000.000
9854,1993,-26.855469,25000000.000
9855,1994,-26.367188,25000000.000
9856,2013,-17.089844,25000000.000
9857,2024,-11.718750,25000000.000
9858,2036,-5.859375,25000000.000
9859,2037,-5.371094,25000000.000
9860,2061,6.347656,25000000.000
9861,2074,12.695312,25000000.000
9862,2085,18.066406,25000000.000
9863,2085,18.066406,25000000.000
9864,2106,28.320312,25000000.000
9865,2114,32.226562,25000000.000
9866,2122,36.132812,25000000.000
9867,2123,36.621094,25000000.000
9868,2132,41.015625,25000000.000
9869,2133,41.503906,25000000.000
9870,2132,41.015625,25000000.000
9871,2132,41.015625,25000000.000
9872,2124,37.109375,25000000.000
9873,2117,33.691406,25000000.000
9874,2108,29.296875,25000000.000
9875,2107,28.808594,25000000.000
9876,2086,18.554688,25000000.000
9877,2072,11.718750,25000000.000
9878,2059,5.371094,25000000.000
9879,2057,4.394531,25000000.000
9880,2031,-8.300781,25000000.000
9881,2018,-14.648438,25000000.000
9882,2005,-20.996094,25000000.000
9883,2004,-21.484375,25000000.000
9884,1985,-30.761719,25000000.000
9885,1977,-34.667969,25000000.000
9886,1970,-38.085938,25000000.000
9887,1970,-38.085938,25000000.000
9888,1964,-41.015625,25000000.000
9889,1963,-41.503906,25000000.000
9890,1964,-41.015625,25000000.000
9891,1965,-40.527344,25000000.000
9892,1972,-37.109375,25000000.000
9893,1978,-34.179688,25000000.000
9894,1985,-30.761719,25000000.000
9895,1987,-29.785156,25000000.000
9896,2004,-21.484375,25000000.000
9897,2015,-16.113281,25000000.000
9898,2025,-11.230469,25000000.000
9899,2027,-10.253906,25000000.000
9900,2051,1.464844,25000000.000
9901,2062,6.835938,25000000.000
9902,2073,12.207031,25000000.000
9903,2075,13.183594,25000000.000
9904,2096,23.437500,25000000.000
9905,2106,28.320312,25000000.000
9906,2114,32.226562,25000000.000
9907,2116,33.203125,25000000.000
9908,2127,38.574219,25000000.000
9909,2131,40.527344,25000000.000
9910,2131,40.527344,25000000.000
9911,2132,41.015625,25000000.000
9912,2126,38.085938,25000000.000
9913,2122,36.132812,25000000.000
9914,2114,32.226562,25000000.000
9915,2113,31.738281,25000000.000
9916,2094,22.460938,25000000.000
9917,2082,16.601562,25000000.000
9918,2069,10.253906,25000000.000
9919,2069,10.253906,25000000.000
9920,2043,-2.441406,25000000.000
9921,2029,-9.277344,25000000.000
9922,2016,-15.625000,25000000.000
9923,2015,-16.113281,25000000.000
9924,1994,-26.367188,25000000.000
9925,1982,-32.226562,25000000.000
9926,1975,-35.644531,25000000.000
9927,1974,-36.132812,25000000.000
9928,1966,-40.039062,25000000.000
9929,1963,-41.503906,25000000.000
9930,1962,-41.992188,25000000.000
9931,1963,-41.503906,25000000.000
9932,1968,-39.062500,25000000.000
9933,1971,-37.597656,25000000.000
9934,1978,-34.179688,25000000.000
9935,1979,-33.691406,25000000.000
9936,1995,-25.878906,25000000.000
9937,2006,-20.507812,25000000.000
9938,2016,-15.625000,25000000.000
9939,2017,-15.136719,25000000.000
9940,2039,-4.394531,25000000.000
9941,2052,1.953125,25000000.000
9942,2064,7.812500,25000000.000
9943,2065,8.300781,25000000.000
9944,2088,19.531250,25000000.000
9945,2098,24.414062,25000000.000
9946,2108,29.296875,25000000.000
9947,2109,29.785156,25000000.000
9948,2122,36.132812,25000000.000
9949,2128,39.062500,25000000.000
9950,2131,40.527344,25000000.000
9951,2131,40.527344,25000000.000
9952,2131,40.527344,25000000.000
9953,2128,39.062500,25000000.000
9954,2122,36.132812,25000000.000
9955,2121,35.644531,25000000.000
9956,2104,27.343750,25000000.000
9957,2094,22.460938,25000000.000
9958,2080,15.625000,25000000.000
9959,2080,15.625000,25000000.000
9960,2053,2.441406,25000000.000
9961,2040,-3.906250,25000000.000
9962,2028,-9.765625,25000000.000
9963,2026,-10.742188,25000000.000
9964,2002,-22.460938,25000000.000
9965,1991,-27.832031,25000000.000
9966,1982,-32.226562,25000000.000
9967,1981,-32.714844,25000000.000
9968,1969,-38.574219,25000000.000
9969,1966,-40.039062,25000000.000
9970,1963,-41.503906,25000000.000
9971,1963,-41.503906,25000000.000
9972,1965,-40.527344,25000000.000
9973,1968,-39.062500,25000000.000
9974,1974,-36.132812,25000000.000
9975,1974,-36.132812,25000000.000
9976,1989,-28.808594,25000000.000
9977,1997,-24.902344,25000000.000
9978,2008,-19.531250,25000000.000
9979,2008,-19.531250,25000000.000
9980,2030,-8.789062,25000000.000
9981,2041,-3.417969,25000000.000
9982,2054,2.929688,25000000.000
9983,2054,2.929688,25000000.000
9984,2078,14.648438,25000000.000
9985,2089,20.019531,25000000.000
9986,2099,24.902344,25000000.000
9987,2102,26.367188,25000000.000
9988,2117,33.691406,25000000.000
9989,2124,37.109375,25000000.000
9990,2128,39.062500,25000000.000
9991,2129,39.550781,25000000.000
9992,2131,40.527344,25000000.000
9993,2129,39.550781,25000000.000
9994,2124,37.109375,25000000.000
9995,2125,37.597656,25000000.000
9996,2111,30.761719,25000000.000
9997,2101,25.878906,25000000.000
9998,2091,20.996094,25000000.000
9999,2089,20.019531,25000000.000
10000,2066,8.789062,25000000.000
10001,2053,2.441406,25000000.000
10002,2039,-4.394531,25000000.000
10003,2038,-4.882812,25000000.000
10004,2015,-16.113281,25000000.000
10005,2003,-21.972656,25000000.000
10006,1992,-27.343750,25000000.000
10007,1992,-27.343750,25000000.000
10008,1976,-35.156250,25000000.000
10009,1970,-38.085938,25000000.000
10010,1967,-39.550781,25000000.000
10011,1967,-39.550781,25000000.000
10012,1966,-40.039062,25000000.000
10013,1966,-40.039062,25000000.000
10014,1971,-37.597656,25000000.000
10015,1971,-37.597656,25000000.000
10016,1983,-31.738281,25000000.000
10017,1991,-27.832031,25000000.000
10018,2001,-22.949219,25000000.000
10019,2001,-22.949219,25000000.000
10020,2021,-13.183594,25000000.000
10021,2033,-7.324219,25000000.000
10022,2045,-1.464844,25000000.000
10023,2046,-0.976562,25000000.000
10024,2070,10.742188,25000000.000
10025,2080,15.625000,25000000.000
10026,2092,21.484375,25000000.000
10027,2092,21.484375,25000000.000
10028,2111,30.761719,25000000.000
10029,2117,33.691406,25000000.000
10030,2125,37.597656,25000000.000
10031,2125,37.597656,25000000.000
10032,2131,40.527344,25000000.000
10033,2131,40.527344,25000000.000
10034,2130,40.039062,25000000.000
10035,2129,39.550781,25000000.000
10036,2120,35.156250,25000000.000
10037,2112,31.250000,25000000.000
10038,2102,26.367188,25000000.000
10039,2100,25.390625,25000000.000
10040,2078,14.648438,25000000.000
10041,2064,7.812500,25000000.000
10042,2051,1.464844,25000000.000
10043,2050,0.976562,25000000.000
10044,2023,-12.207031,25000000.000
10045,2011,-18.066406,25000000.000
10046,2001,-22.949219,25000000.000
10047,1999,-23.925781,25000000.000
10048,1981,-32.714844,25000000.000
10049,1974,-36.132812,25000000.000
10050,1969,-38.574219,25000000.000
10051,1969,-38.574219,25000000.000
10052,1965,-40.527344,25000000.000
10053,1965,-40.527344,25000000.000
10054,1967,-39.550781,25000000.000
10055,1967,-39.550781,25000000.000
10056,1975,-35.644531,25000000.000
10057,1984,-31.250000,25000000.000
10058,1992,-27.343750,25000000.000
10059,1993,-26.855469,25000000.000
10060,2011,-18.066406,25000000.000
10061,2023,-12.207031,25000000.000
10062,2035,-6.347656,25000000.000
10063,2037,-5.371094,25000000.000
10064,2059,5.371094,25000000.000
10065,2071,11.230469,25000000.000
10066,2083,17.089844,25000000.000
10067,2084,17.578125,25000000.000
10068,2103,26.855469,25000000.000
10069,2112,31.250000,25000000.000
10070,2118,34.179688,25000000.000
10071,2119,34.667969,25000000.000
10072,2127,38.574219,25000000.000
10073,2131,40.527344,25000000.000
10074,2130,40.039062,25000000.000
10075,2129,39.550781,25000000.000
10076,2123,36.621094,25000000.000
10077,2117,33.691406,25000000.000
10078,2108,29.296875,25000000.000
10079,2106,28.320312,25000000.000
10080,2087,19.042969,25000000.000
10081,2074,12.695312,25000000.000
10082,2061,6.347656,25000000.000
10083,2060,5.859375,25000000.000
10084,2032,-7.812500,25000000.000
10085,2020,-13.671875,25000000.000
10086,2009,-19.042969,25000000.000
10087,2007,-20.019531,25000000.000
10088,1987,-29.785156,25000000.000
10089,1977,-34.667969,25000000.000
10090,1973,-36.621094,25000000.000
10091,1971,-37.597656,25000000.000
10092,1965,-40.527344,25000000.000
10093,1963,-41.503906,25000000.000
10094,1965,-40.527344,25000000.000
10095,1965,-40.527344,25000000.000
10096,1971,-37.597656,25000000.000
10097,1978,-34.179688,25000000.000
10098,1985,-30.761719,25000000.000
10099,1985,-30.761719,25000000.000
10100,2003,-21.972656,25000000.000
10101,2013,-17.089844,25000000.000
10102,2024,-11.718750,25000000.000
10103,2025,-11.230469,25000000.000
10104,2048,0.000000,25000000.000
10105,2060,5.859375,25000000.000
10106,2072,11.718750,25000000.000
10107,2073,12.207031,25000000.000
10108,2094,22.460938,25000000.000
10109,2103,26.855469,25000000.000
10110,2111,30.761719,25000000.000
10111,2111,30.761719,25000000.000
10112,2124,37.109375,25000000.000
10113,2128,39.062500,25000000.000
10114,2129,39.550781,25000000.000
10115,2129,39.550781,25000000.000
10116,2127,38.574219,25000000.000
10117,2122,36.132812,25000000.000
10118,2116,33.203125,25000000.000
10119,2115,32.714844,25000000.000
10120,2098,24.414062,25000000.000
10121,2086,18.554688,25000000.000
10122,2072,11.718750,25000000.000
10123,2073,12.207031,25000000.000
10124,2046,-0.976562,25000000.000
10125,2033,-7.324219,25000000.000
10126,2020,-13.671875,25000000.000
10127,2018,-14.648438,25000000.000
10128,1996,-25.390625,25000000.000
10129,1986,-30.273438,25000000.000
10130,1977,-34.667969,25000000.000
10131,1976,-35.156250,25000000.000
10132,1967,-39.550781,25000000.000
10133,1965,-40.527344,25000000.000
10134,1964,-41.015625,25000000.000
10135,1964,-41.015625,25000000.000
10136,1968,-39.062500,25000000.000
10137,1972,-37.109375,25000000.000
10138,1979,-33.691406,25000000.000
10139,1979,-33.691406,25000000.000
10140,1994,-26.367188,25000000.000
10141,2006,-20.507812,25000000.000
10142,2015,-16.113281,25000000.000
10143,2016,-15.625000,25000000.000
10144,2039,-4.394531,25000000.000
10145,2051,1.464844,25000000.000
10146,2063,7.324219,25000000.000
10147,2064,7.812500,25000000.000
10148,2085,18.066406,25000000.000
10149,2095,22.949219,25000000.000
10150,2105,27.832031,25000000.000
10151,2105,27.832031,25000000.000
10152,2120,35.156250,25000000.000
10153,2125,37.597656,25000000.000
10154,2127,38.574219,25000000.000
10155,2127,38.574219,25000000.000
10156,2129,39.550781,25000000.000
10157,2125,37.597656,25000000.000
10158,2121,35.644531,25000000.000
10159,2120,35.156250,25000000.000
10160,2105,27.832031,25000000.000
10161,2095,22.949219,25000000.000
10162,2083,17.089844,25000000.000
10163,2082,16.601562,25000000.000
10164,2058,4.882812,25000000.000
10165,2044,-1.953125,25000000.000
10166,2031,-8.300781,25000000.000
10167,2029,-9.277344,25000000.000
10168,2006,-20.507812,25000000.000
10169,1994,-26.367188,25000000.000
10170,1984,-31.250000,25000000.000
10171,1983,-31.738281,25000000.000
10172,1969,-38.574219,25000000.000
10173,1966,-40.039062,25000000.000
10174,1964,-41.015625,25000000.000
10175,1963,-41.503906,25000000.000
10176,1965,-40.527344,25000000.000
10177,1969,-38.574219,25000000.000
10178,1973,-36.621094,25000000.000
10179,1974,-36.132812,25000000.000
10180,1988,-29.296875,25000000.000
10181,1997,-24.902344,25000000.000
10182,2006,-20.507812,25000000.000
10183,2008,-19.531250,25000000.000
10184,2029,-9.277344,25000000.000
10185,2042,-2.929688,25000000.000
10186,2055,3.417969,25000000.000
10187,2056,3.906250,25000000.000
10188,2078,14.648438,25000000.000
10189,2089,20.019531,25000000.000
10190,2100,25.390625,25000000.000
10191,2100,25.390625,25000000.000
10192,2116,33.203125,25000000.000
10193,2122,36.132812,25000000.000
10194,2124,37.109375,25000000.000
10195,2126,38.085938,25000000.000
10196,2130,40.039062,25000000.000
10197,2128,39.062500,25000000.000
10198,2124,37.109375,25000000.000
10199,2124,37.109375,25000000.000
10200,2112,31.250000,25000000.000
10201,2103,26.855469,25000000.000
10202,2094,22.460938,25000000.000
10203,2093,21.972656,25000000.000
10204,2070,10.742188,25000000.000
10205,2057,4.394531,25000000.000
10206,2043,-2.441406,25000000.000
10207,2041,-3.417969,25000000.000
10208,2017,-15.136719,25000000.000
10209,2004,-21.484375,25000000.000
10210,1991,-27.832031,25000000.000
10211,1991,-27.832031,25000000.000
10212,1975,-35.644531,25000000.000
10213,1969,-38.574219,25000000.000
10214,1965,-40.527344,25000000.000
10215,1965,-40.527344,25000000.000
10216,1963,-41.503906,25000000.000
10217,1965,-40.527344,25000000.000
10218,1969,-38.574219,25000000.000
10219,1970,-38.085938,25000000.000
10220,1982,-32.226562,25000000.000
10221,1989,-28.808594,25000000.000
10222,1999,-23.925781,25000000.000
10223,2000,-23.437500,25000000.000
10224,2020,-13.671875,25000000.000
10225,2031,-8.300781,25000000.000
10226,2043,-2.441406,25000000.000
10227,2045,-1.464844,25000000.000
10228,2068,9.765625,25000000.000
10229,2081,16.113281,25000000.000
10230,2092,21.484375,25000000.000
10231,2093,21.972656,25000000.000
10232,2111,30.761719,25000000.000
10233,2119,34.667969,25000000.000
10234,2123,36.621094,25000000.000
10235,2124,37.109375,25000000.000
10236,2128,39.062500,25000000.000
10237,2128,39.062500,25000000.000
10238,2126,38.085938,25000000.000
10239,2125,37.597656,25000000.000
10240,2117,33.691406,25000000.000
10241,2109,29.785156,25000000.000
10242,2100,25.390625,25000000.000
10243,2100,25.390625,25000000.000
10244,2080,15.625000,25000000.000
10245,2068,9.765625,25000000.000
10246,2055,3.417969,25000000.000
10247,2054,2.929688,25000000.000
10248,2028,-9.765625,25000000.000
10249,2014,-16.601562,25000000.000
10250,2002,-22.460938,25000000.000
10251,2001,-22.949219,25000000.000
10252,1981,-32.714844,25000000.000
10253,1973,-36.621094,25000000.000
10254,1967,-39.550781,25000000.000
10255,1967,-39.550781,25000000.000
10256,1961,-42.480469,25000000.000
10257,1962,-41.992188,25000000.000
10258,1966,-40.039062,25000000.000
10259,1966,-40.039062,25000000.000
10260,1975,-35.644531,25000000.000
10261,1980,-33.203125,25000000.000
10262,1990,-28.320312,25000000.000
10263,1991,-27.832031,25000000.000
10264,2010,-18.554688,25000000.000
10265,2022,-12.695312,25000000.000
10266,2033,-7.324219,25000000.000
10267,2033,-7.324219,25000000.000
10268,2057,4.394531,25000000.000
10269,2070,10.742188,25000000.000
10270,2083,17.089844,25000000.000
10271,2083,17.089844,25000000.000
10272,2104,27.343750,25000000.000
10273,2113,31.738281,25000000.000
10274,2120,35.156250,25000000.000
10275,2121,35.644531,25000000.000
10276,2128,39.062500,25000000.000
10277,2128,39.062500,25000000.000
10278,2129,39.550781,25000000.000
10279,2128,39.062500,25000000.000
10280,2122,36.132812,25000000.000
10281,2115,32.714844,25000000.000
10282,2108,29.296875,25000000.000
10283,2107,28.808594,25000000.000
10284,2090,20.507812,25000000.000
10285,2077,14.160156,25000000.000
10286,2065,8.300781,25000000.000
10287,2063,7.324219,25000000.000
10288,2038,-4.882812,25000000.000
10289,2025,-11.230469,25000000.000
10290,2013,-17.089844,25000000.000
10291,2010,-18.554688,25000000.000
10292,1989,-28.808594,25000000.000
10293,1980,-33.203125,25000000.000
10294,1973,-36.621094,25000000.000
10295,1972,-37.109375,25000000.000
10296,1964,-41.015625,25000000.000
10297,1961,-42.480469,25000000.000
10298,1962,-41.992188,25000000.000
10299,1962,-41.992188,25000000.000
10300,1968,-39.062500,25000000.000
10301,1975,-35.644531,25000000.000
10302,1983,-31.738281,25000000.000
10303,1983,-31.738281,25000000.000
10304,2002,-22.460938,25000000.000
10305,2012,-17.578125,25000000.000
10306,2024,-11.718750,25000000.000
10307,2025,-11.230469,25000000.000
10308,2048,0.000000,25000000.000
10309,2060,5.859375,25000000.000
10310,2072,11.718750,25000000.000
10311,2073,12.207031,25000000.000
10312,2093,21.972656,25000000.000
10313,2104,27.343750,25000000.000
10314,2113,31.738281,25000000.000
10315,2113,31.738281,25000000.000
10316,2124,37.109375,25000000.000
10317,2128,39.062500,25000000.000
10318,2129,39.550781,25000000.000
10319,2129,39.550781,25000000.000
10320,2125,37.597656,25000000.000
10321,2120,35.156250,25000000.000
10322,2114,32.226562,25000000.000
10323,2113,31.738281,25000000.000
10324,2096,23.437500,25000000.000
10325,2086,18.554688,25000000.000
10326,2075,13.183594,25000000.000
10327,2073,12.207031,25000000.000
10328,2048,0.000000,25000000.000
10329,2035,-6.347656,25000000.000
10330,2022,-12.695312,25000000.000
10331,2021,-13.183594,25000000.000
10332,1998,-24.414062,25000000.000
10333,1988,-29.296875,25000000.000
10334,1980,-33.203125,25000000.000
10335,1977,-34.667969,25000000.000
10336,1966,-40.039062,25000000.000
10337,1962,-41.992188,25000000.000
10338,1963,-41.503906,25000000.000
10339,1962,-41.992188,25000000.000
10340,1965,-40.527344,25000000.000
10341,1970,-38.085938,25000000.000
10342,1976,-35.156250,25000000.000
10343,1977,-34.667969,25000000.000
10344,1992,-27.343750,25000000.000
10345,2003,-21.972656,25000000.000
10346,2014,-16.601562,25000000.000
10347,2015,-16.113281,25000000.000
10348,2036,-5.859375,25000000.000
10349,2050,0.976562,25000000.000
10350,2062,6.835938,25000000.000
10351,2063,7.324219,25000000.000
10352,2086,18.554688,25000000.000
10353,2097,23.925781,25000000.000
10354,2107,28.808594,25000000.000
10355,2108,29.296875,25000000.000
10356,2121,35.644531,25000000.000
10357,2126,38.085938,25000000.000
10358,2130,40.039062,25000000.000
10359,2130,40.039062,25000000.000
10360,2130,40.039062,25000000.000
10361,2127,38.574219,25000000.000
10362,2121,35.644531,25000000.000
10363,2120,35.156250,25000000.000
10364,2106,28.320312,25000000.000
10365,2096,23.437500,25000000.000
10366,2084,17.578125,25000000.000
10367,2085,18.066406,25000000.000
10368,2060,5.859375,25000000.000
10369,2047,-0.488281,25000000.000
10370,2034,-6.835938,25000000.000
10371,2033,-7.324219,25000000.000
10372,2008,-19.531250,25000000.000
10373,1996,-25.390625,25000000.000
10374,1987,-29.785156,25000000.000
10375,1986,-30.273438,25000000.000
10376,1971,-37.597656,25000000.000
10377,1966,-40.039062,25000000.000
10378,1963,-41.503906,25000000.000
10379,1962,-41.992188,25000000.000
10380,1965,-40.527344,25000000.000
10381,1966,-40.039062,25000000.000
10382,1970,-38.085938,25000000.000
10383,1972,-37.109375,25000000.000
10384,1985,-30.761719,25000000.000
10385,1994,-26.367188,25000000.000
10386,2003,-21.972656,25000000.000
10387,2005,-20.996094,25000000.000
10388,2026,-10.742188,25000000.000
10389,2038,-4.882812,25000000.000
10390,2051,1.464844,25000000.000
10391,2052,1.953125,25000000.000
10392,2076,13.671875,25000000.000
10393,2087,19.042969,25000000.000
10394,2097,23.925781,25000000.000
10395,2098,24.414062,25000000.000
10396,2116,33.203125,25000000.000
10397,2123,36.621094,25000000.000
10398,2128,39.062500,25000000.000
10399,2128,39.062500,25000000.000
10400,2130,40.039062,25000000.000
10401,2129,39.550781,25000000.000
10402,2126,38.085938,25000000.000
10403,2126,38.085938,25000000.000
10404,2114,32.226562,25000000.000
10405,2104,27.343750,25000000.000
10406,2093,21.972656,25000000.000
10407,2093,21.972656,25000000.000
10408,2072,11.718750,25000000.000
10409,2058,4.882812,25000000.000
10410,2046,-0.976562,25000000.000
10411,2044,-1.953125,25000000.000
10412,2019,-14.160156,25000000.000
10413,2007,-20.019531,25000000.000
10414,1996,-25.390625,25000000.000
10415,1994,-26.367188,25000000.000
10416,1977,-34.667969,25000000.000
10417,1969,-38.574219,25000000.000
10418,1965,-40.527344,25000000.000
10419,1964,-41.015625,25000000.000
10420,1962,-41.992188,25000000.000
10421,1963,-41.503906,25000000.000
10422,1966,-40.039062,25000000.000
10423,1966,-40.039062,25000000.000
10424,1978,-34.179688,25000000.000
10425,1985,-30.761719,25000000.000
10426,1995,-25.878906,25000000.000
10427,1998,-24.414062,25000000.000
10428,2018,-14.648438,25000000.000
10429,2030,-8.789062,25000000.000
10430,2042,-2.929688,25000000.000
10431,2043,-2.441406,25000000.000
10432,2066,8.789062,25000000.000
10433,2078,14.648438,25000000.000
10434,2090,20.507812,25000000.000
10435,2091,20.996094,25000000.000
10436,2110,30.273438,25000000.000
10437,2118,34.179688,25000000.000
10438,2124,37.109375,25000000.000
10439,2124,37.109375,25000000.000
10440,2132,41.015625,25000000.000
10441,2130,40.039062,25000000.000
10442,2129,39.550781,25000000.000
10443,2130,40.039062,25000000.000
10444,2120,35.156250,25000000.000
10445,2114,32.226562,25000000.000
10446,2103,26.855469,25000000.000
10447,2102,26.367188,25000000.000
10448,2081,16.113281,25000000.000
10449,2068,9.765625,25000000.000
10450,2055,3.417969,25000000.000
10451,2052,1.953125,25000000.000
10452,2029,-9.277344,25000000.000
10453,2017,-15.136719,25000000.000
10454,2004,-21.484375,25000000.000
10455,2004,-21.484375,25000000.000
10456,1983,-31.738281,25000000.000
10457,1975,-35.644531,25000000.000
10458,1969,-38.574219,25000000.000
10459,1969,-38.574219,25000000.000
10460,1963,-41.503906,25000000.000
10461,1962,-41.992188,25000000.000
10462,1963,-41.503906,25000000.000
10463,1964,-41.015625,25000000.000
10464,1973,-36.621094,25000000.000
10465,1980,-33.203125,25000000.000
10466,1987,-29.785156,25000000.000
10467,1988,-29.296875,25000000.000
10468,2008,-19.531250,25000000.000
10469,2019,-14.160156,25000000.000
10470,2031,-8.300781,25000000.000
10471,2032,-7.812500,25000000.000
10472,2054,2.929688,25000000.000
10473,2068,9.765625,25000000.000
10474,2080,15.625000,25000000.000
10475,2081,16.113281,25000000.000
10476,2100,25.390625,25000000.000
10477,2110,30.273438,25000000.000
10478,2118,34.179688,25000000.000
10479,2118,34.179688,25000000.000
10480,2127,38.574219,25000000.000
10481,2131,40.527344,25000000.000
10482,2131,40.527344,25000000.000
10483,2130,40.039062,25000000.000
10484,2125,37.597656,25000000.000
10485,2119,34.667969,25000000.000
10486,2111,30.761719,25000000.000
10487,2110,30.273438,25000000.000
10488,2092,21.484375,25000000.000
10489,2080,15.625000,25000000.000
10490,2068,9.765625,25000000.000
10491,2066,8.789062,25000000.000
10492,2041,-3.417969,25000000.000
10493,2028,-9.765625,25000000.000
10494,2015,-16.113281,25000000.000
10495,2014,-16.601562,25000000.000
10496,1992,-27.343750,25000000.000
10497,1981,-32.714844,25000000.000
10498,1974,-36.132812,25000000.000
10499,1972,-37.109375,25000000.000
10500,1964,-41.015625,25000000.000
10501,1960,-42.968750,25000000.000
10502,1961,-42.480469,25000000.000
10503,1960,-42.968750,25000000.000
10504,1967,-39.550781,25000000.000
10505,1972,-37.109375,25000000.000
10506,1978,-34.179688,25000000.000
10507,1979,-33.691406,25000000.000
10508,1997,-24.902344,25000000.000
10509,2007,-20.019531,25000000.000
10510,2018,-14.648438,25000000.000
10511,2020,-13.671875,25000000.000
10512,2044,-1.953125,25000000.000
10513,2056,3.906250,25000000.000
10514,2069,10.253906,25000000.000
10515,2069,10.253906,25000000.000
10516,2092,21.484375,25000000.000
10517,2102,26.367188,25000000.000
10518,2112,31.250000,25000000.000
10519,2112,31.250000,25000000.000
10520,2124,37.109375,25000000.000
10521,2129,39.550781,25000000.000
10522,2131,40.527344,25000000.000
10523,2131,40.527344,25000000.000
10524,2129,39.550781,25000000.000
10525,2124,37.109375,25000000.000
10526,2119,34.667969,25000000.000
10527,2117,33.691406,25000000.000
10528,2102,26.367188,25000000.000
10529,2091,20.996094,25000000.000
10530,2078,14.648438,25000000.000
10531,2078,14.648438,25000000.000
10532,2052,1.953125,25000000.000
10533,2039,-4.394531,25000000.000
10534,2026,-10.742188,25000000.000
10535,2023,-12.207031,25000000.000
10536,2000,-23.437500,25000000.000
10537,1989,-28.808594,25000000.000
10538,1981,-32.714844,25000000.000
10539,1980,-33.203125,25000000.000
10540,1966,-40.039062,25000000.000
10541,1963,-41.503906,25000000.000
10542,1961,-42.480469,25000000.000
10543,1960,-42.968750,25000000.000
10544,1960,-42.968750,25000000.000
10545,1966,-40.039062,25000000.000
10546,1975,-35.644531,25000000.000
10547,1972,-37.109375,25000000.000
10548,1989,-28.808594,25000000.000
10549,1999,-23.925781,25000000.000
10550,2010,-18.554688,25000000.000
10551,2010,-18.554688,25000000.000
10552,2034,-6.835938,25000000.000
10553,2046,-0.976562,25000000.000
10554,2059,5.371094,25000000.000
10555,2060,5.859375,25000000.000
10556,2083,17.089844,25000000.000
10557,2096,23.437500,25000000.000
10558,2106,28.320312,25000000.000
10559,2106,28.320312,25000000.000
10560,2120,35.156250,25000000.000
10561,2126,38.085938,25000000.000
10562,2130,40.039062,25000000.000
10563,2130,40.039062,25000000.000
10564,2131,40.527344,25000000.000
10565,2128,39.062500,25000000.000
10566,2124,37.109375,25000000.000
10567,2124,37.109375,25000000.000
10568,2110,30.273438,25000000.000
10569,2100,25.390625,25000000.000
10570,2089,20.019531,25000000.000
10571,2087,19.042969,25000000.000
10572,2063,7.324219,25000000.000
10573,2050,0.976562,25000000.000
10574,2036,-5.859375,25000000.000
10575,2035,-6.347656,25000000.000
10576,2009,-19.042969,25000000.000
10577,1998,-24.414062,25000000.000
10578,1988,-29.296875,25000000.000
10579,1986,-30.273438,25000000.000
10580,1971,-37.597656,25000000.000
10581,1966,-40.039062,25000000.000
10582,1963,-41.503906,25000000.000
10583,1962,-41.992188,25000000.000
10584,1962,-41.992188,25000000.000
10585,1964,-41.015625,25000000.000
10586,1968,-39.062500,25000000.000
10587,1968,-39.062500,25000000.000
10588,1980,-33.203125,25000000.000
10589,1989,-28.808594,25000000.000
10590,2000,-23.437500,25000000.000
10591,2002,-22.460938,25000000.000
10592,2022,-12.695312,25000000.000
10593,2035,-6.347656,25000000.000
10594,2049,0.488281,25000000.000
10595,2050,0.976562,25000000.000
10596,2075,13.183594,25000000.000
10597,2087,19.042969,25000000.000
10598,2099,24.902344,25000000.000
10599,2099,24.902344,25000000.000
10600,2116,33.203125,25000000.000
10601,2123,36.621094,25000000.000
10602,2129,39.550781,25000000.000
10603,2130,40.039062,25000000.000
10604,2133,41.503906,25000000.000
10605,2132,41.015625,25000000.000
10606,2129,39.550781,25000000.000
10607,2129,39.550781,25000000.000
10608,2118,34.179688,25000000.000
10609,2110,30.273438,25000000.000
10610,2099,24.902344,25000000.000
10611,2099,24.902344,25000000.000
10612,2076,13.671875,25000000.000
10613,2063,7.324219,25000000.000
10614,2048,0.000000,25000000.000
10615,2047,-0.488281,25000000.000
10616,2021,-13.183594,25000000.000
10617,2007,-20.019531,25000000.000
10618,1996,-25.390625,25000000.000
10619,1995,-25.878906,25000000.000
10620,1977,-34.667969,25000000.000
10621,1970,-38.085938,25000000.000
10622,1966,-40.039062,25000000.000
10623,1964,-41.015625,25000000.000
10624,1962,-41.992188,25000000.000
10625,1961,-42.480469,25000000.000
10626,1965,-40.527344,25000000.000
10627,1965,-40.527344,25000000.000
10628,1976,-35.156250,25000000.000
10629,1983,-31.738281,25000000.000
10630,1992,-27.343750,25000000.000
10631,1992,-27.343750,25000000.000
10632,2013,-17.089844,25000000.000
10633,2025,-11.230469,25000000.000
10634,2037,-5.371094,25000000.000
10635,2039,-4.394531,25000000.000
10636,2062,6.835938,25000000.000
10637,2077,14.160156,25000000.000
10638,2088,19.531250,25000000.000
10639,2089,20.019531,25000000.000
10640,2110,30.273438,25000000.000
10641,2118,34.179688,25000000.000
10642,2124,37.109375,25000000.000
10643,2125,37.597656,25000000.000
10644,2131,40.527344,25000000.000
10645,2131,40.527344,25000000.000
10646,2130,40.039062,25000000.000
10647,2131,40.527344,25000000.000
10648,2123,36.621094,25000000.000
10649,2116,33.203125,25000000.000
10650,2107,28.808594,25000000.000
10651,2106,28.320312,25000000.000
10652,2087,19.042969,25000000.000
10653,2074,12.695312,25000000.000
10654,2061,6.347656,25000000.000
10655,2059,5.371094,25000000.000
10656,2031,-8.300781,25000000.000
10657,2019,-14.160156,25000000.000
10658,2007,-20.019531,25000000.000
10659,2005,-20.996094,25000000.000
10660,1984,-31.250000,25000000.000
10661,1975,-35.644531,25000000.000
10662,1969,-38.574219,25000000.000
10663,1969,-38.574219,25000000.000
10664,1961,-42.480469,25000000.000
10665,1961,-42.480469,25000000.000
10666,1961,-42.480469,25000000.000
10667,1962,-41.992188,25000000.000
10668,1968,-39.062500,25000000.000
10669,1975,-35.644531,25000000.000
10670,1983,-31.738281,25000000.000
10671,1985,-30.761719,25000000.000
10672,2001,-22.949219,25000000.000
10673,2014,-16.601562,25000000.000
10674,2025,-11.230469,25000000.000
10675,2027,-10.253906,25000000.000
10676,2051,1.464844,25000000.000
10677,2064,7.812500,25000000.000
10678,2078,14.648438,25000000.000
10679,2078,14.648438,25000000.000
10680,2100,25.390625,25000000.000
10681,2110,30.273438,25000000.000
10682,2118,34.179688,25000000.000
10683,2119,34.667969,25000000.000
10684,2129,39.550781,25000000.000
10685,2131,40.527344,25000000.000
10686,2132,41.015625,25000000.000
10687,2131,40.527344,25000000.000
10688,2127,38.574219,25000000.000
10689,2122,36.132812,25000000.000
10690,2115,32.714844,25000000.000
10691,2114,32.226562,25000000.000
10692,2095,22.949219,25000000.000
10693,2085,18.066406,25000000.000
10694,2071,11.230469,25000000.000
10695,2069,10.253906,25000000.000
10696,2043,-2.441406,25000000.000
10697,2029,-9.277344,25000000.000
10698,2015,-16.113281,25000000.000
10699,2014,-16.601562,25000000.000
10700,1991,-27.832031,25000000.000
10701,1980,-33.203125,25000000.000
10702,1973,-36.621094,25000000.000
10703,1971,-37.597656,25000000.000
10704,1963,-41.503906,25000000.000
10705,1961,-42.480469,25000000.000
10706,1959,-43.457031,25000000.000
10707,1960,-42.968750,25000000.000
10708,1965,-40.527344,25000000.000
10709,1969,-38.574219,25000000.000
10710,1976,-35.156250,25000000.000
10711,1977,-34.667969,25000000.000
10712,1993,-26.855469,25000000.000
10713,2004,-21.484375,25000000.000
10714,2016,-15.625000,25000000.000
10715,2015,-16.113281,25000000.000
10716,2041,-3.417969,25000000.000
10717,2054,2.929688,25000000.000
10718,2066,8.789062,25000000.000
10719,2068,9.765625,25000000.000
10720,2092,21.484375,25000000.000
10721,2102,26.367188,25000000.000
10722,2112,31.250000,25000000.000
10723,2112,31.250000,25000000.000
10724,2124,37.109375,25000000.000
10725,2129,39.550781,25000000.000
10726,2132,41.015625,25000000.000
10727,2131,40.527344,25000000.000
10728,2130,40.039062,25000000.000
10729,2126,38.085938,25000000.000
10730,2120,35.156250,25000000.000
10731,2121,35.644531,25000000.000
10732,2104,27.343750,25000000.000
10733,2094,22.460938,25000000.000
10734,2081,16.113281,25000000.000
10735,2080,15.625000,25000000.000
10736,2055,3.417969,25000000.000
10737,2041,-3.417969,25000000.000
10738,2027,-10.253906,25000000.000
10739,2025,-11.230469,25000000.000
10740,2002,-22.460938,25000000.000
10741,1990,-28.320312,25000000.000
10742,1980,-33.203125,25000000.000
10743,1980,-33.203125,25000000.000
10744,1966,-40.039062,25000000.000
10745,1962,-41.992188,25000000.000
10746,1960,-42.968750,25000000.000
10747,1960,-42.968750,25000000.000
10748,1962,-41.992188,25000000.000
10749,1965,-40.527344,25000000.000
10750,1970,-38.085938,25000000.000
10751,1971,-37.597656,25000000.000
10752,1985,-30.761719,25000000.000
10753,1994,-26.367188,25000000.000
10754,2004,-21.484375,25000000.000
10755,2005,-20.996094,25000000.000
10756,2029,-9.277344,25000000.000
10757,2041,-3.417969,25000000.000
10758,2056,3.906250,25000000.000
10759,2057,4.394531,25000000.000
10760,2081,16.113281,25000000.000
10761,2093,21.972656,25000000.000
10762,2104,27.343750,25000000.000
10763,2106,28.320312,25000000.000
10764,2121,35.644531,25000000.000
10765,2127,38.574219,25000000.000
10766,2131,40.527344,25000000.000
10767,2131,40.527344,25000000.000
10768,2133,41.503906,25000000.000
10769,2130,40.039062,25000000.000
10770,2127,38.574219,25000000.000
10771,2128,39.062500,25000000.000
10772,2112,31.250000,25000000.000
10773,2104,27.343750,25000000.000
10774,2093,21.972656,25000000.000
10775,2093,21.972656,25000000.000
10776,2066,8.789062,25000000.000
10777,2054,2.929688,25000000.000
10778,2039,-4.394531,25000000.000
10779,2039,-4.394531,25000000.000
10780,2011,-18.066406,25000000.000
10781,2001,-22.949219,25000000.000
10782,1988,-29.296875,25000000.000
10783,1988,-29.296875,25000000.000
10784,1971,-37.597656,25000000.000
10785,1965,-40.527344,25000000.000
10786,1963,-41.503906,25000000.000
10787,1962,-41.992188,25000000.000
10788,1961,-42.480469,25000000.000
10789,1963,-41.503906,25000000.000
10790,1967,-39.550781,25000000.000
10791,1968,-39.062500,25000000.000
10792,1980,-33.203125,25000000.000
10793,1988,-29.296875,25000000.000
10794,1996,-25.390625,25000000.000
10795,1998,-24.414062,25000000.000
10796,2019,-14.160156,25000000.000
10797,2032,-7.812500,25000000.000
10798,2045,-1.464844,25000000.000
10799,2047,-0.488281,25000000.000
10800,2071,11.230469,25000000.000
10801,2085,18.066406,25000000.000
10802,2098,24.414062,25000000.000
10803,2098,24.414062,25000000.000
10804,2116,33.203125,25000000.000
10805,2122,36.132812,25000000.000
10806,2129,39.550781,25000000.000
10807,2129,39.550781,25000000.000
10808,2136,42.968750,25000000.000
10809,2132,41.015625,25000000.000
10810,2131,40.527344,25000000.000
10811,2130,40.039062,25000000.000
10812,2120,35.156250,25000000.000
10813,2113,31.738281,25000000.000
10814,2102,26.367188,25000000.000
10815,2101,25.878906,25000000.000
10816,2079,15.136719,25000000.000
10817,2066,8.789062,25000000.000
10818,2052,1.953125,25000000.000
10819,2050,0.976562,25000000.000
10820,2023,-12.207031,25000000.000
10821,2010,-18.554688,25000000.000
10822,1999,-23.925781,25000000.000
10823,1998,-24.414062,25000000.000
10824,1978,-34.179688,25000000.000
10825,1970,-38.085938,25000000.000
10826,1966,-40.039062,25000000.000
10827,1964,-41.015625,25000000.000
10828,1960,-42.968750,25000000.000
10829,1960,-42.968750,25000000.000
10830,1963,-41.503906,25000000.000
10831,1964,-41.015625,25000000.000
10832,1973,-36.621094,25000000.000
10833,1980,-33.203125,25000000.000
10834,1988,-29.296875,25000000.000
10835,1989,-28.808594,25000000.000
10836,2010,-18.554688,25000000.000
10837,2021,-13.183594,25000000.000
10838,2034,-6.835938,25000000.000
10839,2035,-6.347656,25000000.000
10840,2060,5.859375,25000000.000
10841,2073,12.207031,25000000.000
10842,2086,18.554688,25000000.000
10843,2087,19.042969,25000000.000
10844,2107,28.808594,25000000.000
10845,2117,33.691406,25000000.000
10846,2123,36.621094,25000000.000
10847,2124,37.109375,25000000.000
10848,2132,41.015625,25000000.000
10849,2132,41.015625,25000000.000
10850,2132,41.015625,25000000.000
10851,2133,41.503906,25000000.000
10852,2124,37.109375,25000000.000
10853,2119,34.667969,25000000.000
10854,2111,30.761719,25000000.000
10855,2110,30.273438,25000000.000
10856,2089,20.019531,25000000.000
10857,2077,14.160156,25000000.000
10858,2063,7.324219,25000000.000
10859,2062,6.835938,25000000.000
10860,2035,-6.347656,25000000.000
10861,2021,-13.183594,25000000.000
10862,2008,-19.531250,25000000.000
10863,2006,-20.507812,25000000.000
10864,1985,-30.761719,25000000.000
10865,1976,-35.156250,25000000.000
10866,1968,-39.062500,25000000.000
10867,1968,-39.062500,25000000.000
10868,1961,-42.480469,25000000.000
10869,1959,-43.457031,25000000.000
10870,1960,-42.968750,25000000.000
10871,1960,-42.968750,25000000.000
10872,1968,-39.062500,25000000.000
10873,1973,-36.621094,25000000.000
10874,1980,-33.203125,25000000.000
10875,1981,-32.714844,25000000.000
10876,1999,-23.925781,25000000.000
10877,2010,-18.554688,25000000.000
10878,2022,-12.695312,25000000.000
10879,2022,-12.695312,25000000.000
10880,2047,-0.488281,25000000.000
10881,2062,6.835938,25000000.000
10882,2074,12.695312,25000000.000
10883,2075,13.183594,25000000.000
10884,2099,24.902344,25000000.000
10885,2108,29.296875,25000000.000
10886,2117,33.691406,25000000.000
10887,2118,34.179688,25000000.000
10888,2130,40.039062,25000000.000
10889,2132,41.015625,25000000.000
10890,2133,41.503906,25000000.000
10891,2132,41.015625,25000000.000
10892,2124,37.109375,25000000.000
10893,2126,38.085938,25000000.000
10894,2119,34.667969,25000000.000
10895,2115,32.714844,25000000.000
10896,2098,24.414062,25000000.000
10897,2088,19.531250,25000000.000
10898,2075,13.183594,25000000.000
10899,2072,11.718750,25000000.000
10900,2047,-0.488281,25000000.000
10901,2032,-7.812500,25000000.000
10902,2018,-14.648438,25000000.000
10903,2016,-15.625000,25000000.000
10904,1994,-26.367188,25000000.000
10905,1983,-31.738281,25000000.000
10906,1974,-36.132812,25000000.000
10907,1973,-36.621094,25000000.000
10908,1963,-41.503906,25000000.000
10909,1960,-42.968750,25000000.000
10910,1959,-43.457031,25000000.000
10911,1959,-43.457031,25000000.000
10912,1963,-41.503906,25000000.000
10913,1969,-38.574219,25000000.000
10914,1974,-36.132812,25000000.000
10915,1975,-35.644531,25000000.000
10916,1991,-27.832031,25000000.000
10917,2000,-23.437500,25000000.000
10918,2013,-17.089844,25000000.000
10919,2013,-17.089844,25000000.000
10920,2037,-5.371094,25000000.000
10921,2049,0.488281,25000000.000
10922,2061,6.347656,25000000.000
10923,2064,7.812500,25000000.000
10924,2088,19.531250,25000000.000
10925,2100,25.390625,25000000.000
10926,2109,29.785156,25000000.000
10927,2112,31.250000,25000000.000
10928,2125,37.597656,25000000.000
10929,2129,39.550781,25000000.000
10930,2133,41.503906,25000000.000
10931,2133,41.503906,25000000.000
10932,2132,41.015625,25000000.000
10933,2129,39.550781,25000000.000
10934,2124,37.109375,25000000.000
10935,2122,36.132812,25000000.000
10936,2107,28.808594,25000000.000
10937,2097,23.925781,25000000.000
10938,2085,18.066406,25000000.000
10939,2085,18.066406,25000000.000
10940,2059,5.371094,25000000.000
10941,2044,-1.953125,25000000.000
10942,2030,-8.789062,25000000.000
10943,2029,-9.277344,25000000.000
10944,2004,-21.484375,25000000.000
10945,1993,-26.855469,25000000.000
10946,1983,-31.738281,25000000.000
10947,1982,-32.226562,25000000.000
10948,1968,-39.062500,25000000.000
10949,1963,-41.503906,25000000.000
10950,1960,-42.968750,25000000.000
10951,1961,-42.480469,25000000.000
10952,1962,-41.992188,25000000.000
10953,1965,-40.527344,25000000.000
10954,1970,-38.085938,25000000.000
10955,1970,-38.085938,25000000.000
10956,1984,-31.250000,25000000.000
10957,1992,-27.343750,25000000.000
10958,2003,-21.972656,25000000.000
10959,2003,-21.972656,25000000.000
10960,2026,-10.742188,25000000.000
10961,2040,-3.906250,25000000.000
10962,2052,1.953125,25000000.000
10963,2053,2.441406,25000000.000
10964,2079,15.136719,25000000.000
10965,2091,20.996094,25000000.000
10966,2102,26.367188,25000000.000
10967,2103,26.855469,25000000.000
10968,2119,34.667969,25000000.000
10969,2127,38.574219,25000000.000
10970,2131,40.527344,25000000.000
10971,2131,40.527344,25000000.000
10972,2135,42.480469,25000000.000
10973,2132,41.015625,25000000.000
10974,2129,39.550781,25000000.000
10975,2128,39.062500,25000000.000
10976,2116,33.203125,25000000.000
10977,2108,29.296875,25000000.000
10978,2097,23.925781,25000000.000
10979,2095,22.949219,25000000.000
10980,2071,11.230469,25000000.000
10981,2057,4.394531,25000000.000
10982,2043,-2.441406,25000000.000
10983,2042,-2.929688,25000000.000
10984,2015,-16.113281,25000000.000
10985,2003,-21.972656,25000000.000
10986,1991,-27.832031,25000000.000
10987,1990,-28.320312,25000000.000
10988,1973,-36.621094,25000000.000
10989,1967,-39.550781,25000000.000
10990,1963,-41.503906,25000000.000
10991,1962,-41.992188,25000000.000
10992,1960,-42.968750,25000000.000
10993,1961,-42.480469,25000000.000
10994,1964,-41.015625,25000000.000
10995,1966,-40.039062,25000000.000
10996,1976,-35.156250,25000000.000
10997,1984,-31.250000,25000000.000
10998,1993,-26.855469,25000000.000
10999,1994,-26.367188,25000000.000
11000,2016,-15.625000,25000000.000
11001,2027,-10.253906,25000000.000
11002,2041,-3.417969,25000000.000
11003,2044,-1.953125,25000000.000
11004,2069,10.253906,25000000.000
11005,2082,16.601562,25000000.000
11006,2094,22.460938,25000000.000
11007,2093,21.972656,25000000.000
11008,2113,31.738281,25000000.000
11009,2120,35.156250,25000000.000
11010,2127,38.574219,25000000.000
11011,2128,39.062500,25000000.000
11012,2134,41.992188,25000000.000
11013,2134,41.992188,25000000.000
11014,2132,41.015625,25000000.000
11015,2131,40.527344,25000000.000
11016,2123,36.621094,25000000.000
11017,2115,32.714844,25000000.000
11018,2106,28.320312,25000000.000
11019,2105,27.832031,25000000.000
11020,2082,16.601562,25000000.000
11021,2071,11.230469,25000000.000
11022,2055,3.417969,25000000.000
11023,2054,2.929688,25000000.000
11024,2027,-10.253906,25000000.000
11025,2013,-17.089844,25000000.000
11026,2000,-23.437500,25000000.000
11027,1999,-23.925781,25000000.000
11028,1980,-33.203125,25000000.000
11029,1972,-37.109375,25000000.000
11030,1966,-40.039062,25000000.000
11031,1966,-40.039062,25000000.000
11032,1960,-42.968750,25000000.000
11033,1960,-42.968750,25000000.000
11034,1962,-41.992188,25000000.000
11035,1963,-41.503906,25000000.000
11036,1971,-37.597656,25000000.000
11037,1978,-34.179688,25000000.000
11038,1985,-30.761719,25000000.000
11039,1987,-29.785156,25000000.000
11040,2006,-20.507812,25000000.000
11041,2017,-15.136719,25000000.000
11042,2030,-8.789062,25000000.000
11043,2031,-8.300781,25000000.000
11044,2057,4.394531,25000000.000
11045,2069,10.253906,25000000.000
11046,2083,17.089844,25000000.000
11047,2082,16.601562,25000000.000
11048,2104,27.343750,25000000.000
11049,2114,32.226562,25000000.000
11050,2122,36.132812,25000000.000
11051,2122,36.132812,25000000.000
11052,2131,40.527344,25000000.000
11053,2134,41.992188,25000000.000
11054,2133,41.503906,25000000.000
11055,2133,41.503906,25000000.000
11056,2127,38.574219,25000000.000
11057,2121,35.644531,25000000.000
11058,2114,32.226562,25000000.000
11059,2112,31.250000,25000000.000
11060,2093,21.972656,25000000.000
11061,2081,16.113281,25000000.000
11062,2068,9.765625,25000000.000
11063,2065,8.300781,25000000.000
11064,2039,-4.394531,25000000.000
11065,2026,-10.742188,25000000.000
11066,2012,-17.578125,25000000.000
11067,2010,-18.554688,25000000.000
11068,1987,-29.785156,25000000.000
11069,1977,-34.667969,25000000.000
11070,1970,-38.085938,25000000.000
11071,1969,-38.574219,25000000.000
11072,1961,-42.480469,25000000.000
11073,1959,-43.457031,25000000.000
11074,1959,-43.457031,25000000.000
11075,1959,-43.457031,25000000.000
11076,1965,-40.527344,25000000.000
11077,1971,-37.597656,25000000.000
11078,1977,-34.667969,25000000.000
11079,1979,-33.691406,25000000.000
11080,1996,-25.390625,25000000.000
11081,2005,-20.996094,25000000.000
11082,2018,-14.648438,25000000.000
11083,2020,-13.671875,25000000.000
11084,2044,-1.953125,25000000.000
11085,2058,4.882812,25000000.000
11086,2072,11.718750,25000000.000
11087,2073,12.207031,25000000.000
11088,2095,22.949219,25000000.000
11089,2106,28.320312,25000000.000
11090,2115,32.714844,25000000.000
11091,2116,33.203125,25000000.000
11092,2128,39.062500,25000000.000
11093,2132,41.015625,25000000.000
11094,2133,41.503906,25000000.000
11095,2134,41.992188,25000000.000
11096,2131,40.527344,25000000.000
11097,2127,38.574219,25000000.000
11098,2121,35.644531,25000000.000
11099,2120,35.156250,25000000.000
11100,2103,26.855469,25000000.000
11101,2092,21.484375,25000000.000
11102,2079,15.136719,25000000.000
11103,2078,14.648438,25000000.000
11104,2051,1.464844,25000000.000
11105,2036,-5.859375,25000000.000
11106,2021,-13.183594,25000000.000
11107,2020,-13.671875,25000000.000
11108,1996,-25.390625,25000000.000
11109,1985,-30.761719,25000000.000
11110,1976,-35.156250,25000000.000
11111,1975,-35.644531,25000000.000
11112,1965,-40.527344,25000000.000
11113,1960,-42.968750,25000000.000
11114,1960,-42.968750,25000000.000
11115,1958,-43.945312,25000000.000
11116,1962,-41.992188,25000000.000
11117,1967,-39.550781,25000000.000
11118,1973,-36.621094,25000000.000
11119,1974,-36.132812,25000000.000
11120,1987,-29.785156,25000000.000
11121,1998,-24.414062,25000000.000
11122,2009,-19.042969,25000000.000
11123,2010,-18.554688,25000000.000
11124,2033,-7.324219,25000000.000
11125,2046,-0.976562,25000000.000
11126,2059,5.371094,25000000.000
11127,2061,6.347656,25000000.000
11128,2086,18.554688,25000000.000
11129,2098,24.414062,25000000.000
11130,2108,29.296875,25000000.000
11131,2109,29.785156,25000000.000
11132,2123,36.621094,25000000.000
11133,2130,40.039062,25000000.000
11134,2133,41.503906,25000000.000
11135,2132,41.015625,25000000.000
11136,2131,40.527344,25000000.000
11137,2130,40.039062,25000000.000
11138,2126,38.085938,25000000.000
11139,2124,37.109375,25000000.000
11140,2110,30.273438,25000000.000
11141,2101,25.878906,25000000.000
11142,2089,20.019531,25000000.000
11143,2088,19.531250,25000000.000
11144,2063,7.324219,25000000.000
11145,2049,0.488281,25000000.000
11146,2035,-6.347656,25000000.000
11147,2034,-6.835938,25000000.000
11148,2009,-19.042969,25000000.000
11149,1996,-25.390625,25000000.000
11150,1984,-31.250000,25000000.000
11151,1984,-31.250000,25000000.000
11152,1970,-38.085938,25000000.000
11153,1965,-40.527344,25000000.000
11154,1961,-42.480469,25000000.000
11155,1962,-41.992188,25000000.000
11156,1961,-42.480469,25000000.000
11157,1964,-41.015625,25000000.000
11158,1969,-38.574219,25000000.000
11159,1968,-39.062500,25000000.000
11160,1981,-32.714844,25000000.000
11161,1989,-28.808594,25000000.000
11162,1999,-23.925781,25000000.000
11163,2001,-22.949219,25000000.000
11164,2023,-12.207031,25000000.000
11165,2036,-5.859375,25000000.000
11166,2048,0.000000,25000000.000
11167,2050,0.976562,25000000.000
11168,2075,13.183594,25000000.000
11169,2088,19.531250,25000000.000
11170,2100,25.390625,25000000.000
11171,2101,25.878906,25000000.000
11172,2118,34.179688,25000000.000
11173,2125,37.597656,25000000.000
11174,2130,40.039062,25000000.000
11175,2130,40.039062,25000000.000
11176,2133,41.503906,25000000.000
11177,2134,41.992188,25000000.000
11178,2131,40.527344,25000000.000
11179,2129,39.550781,25000000.000
11180,2119,34.667969,25000000.000
11181,2111,30.761719,25000000.000
11182,2102,26.367188,25000000.000
11183,2100,25.390625,25000000.000
11184,2075,13.183594,25000000.000
11185,2061,6.347656,25000000.000
11186,2047,-0.488281,25000000.000
11187,2045,-1.464844,25000000.000
11188,2018,-14.648438,25000000.000
11189,2005,-20.996094,25000000.000
11190,1994,-26.367188,25000000.000
11191,1992,-27.343750,25000000.000
11192,1974,-36.132812,25000000.000
11193,1968,-39.062500,25000000.000
11194,1963,-41.503906,25000000.000
11195,1963,-41.503906,25000000.000
11196,1960,-42.968750,25000000.000
11197,1962,-41.992188,25000000.000
11198,1964,-41.015625,25000000.000
11199,1964,-41.015625,25000000.000
11200,1976,-35.156250,25000000.000
11201,1983,-31.738281,25000000.000
11202,1992,-27.343750,25000000.000
11203,1992,-27.343750,25000000.000
11204,2012,-17.578125,25000000.000
11205,2025,-11.230469,25000000.000
11206,2038,-4.882812,25000000.000
11207,2039,-4.394531,25000000.000
11208,2063,7.324219,25000000.000
11209,2077,14.160156,25000000.000
11210,2090,20.507812,25000000.000
11211,2091,20.996094,25000000.000
11212,2111,30.761719,25000000.000
11213,2120,35.156250,25000000.000
11214,2126,38.085938,25000000.000
11215,2127,38.574219,25000000.000
11216,2134,41.992188,25000000.000
11217,2134,41.992188,25000000.000
11218,2133,41.503906,25000000.000
11219,2132,41.015625,25000000.000
11220,2123,36.621094,25000000.000
11221,2116,33.203125,25000000.000
11222,2108,29.296875,25000000.000
11223,2106,28.320312,25000000.000
11224,2086,18.554688,25000000.000
11225,2074,12.695312,25000000.000
11226,2059,5.371094,25000000.000
11227,2058,4.882812,25000000.000
11228,2030,-8.789062,25000000.000
11229,2017,-15.136719,25000000.000
11230,2004,-21.484375,25000000.000
11231,2004,-21.484375,25000000.000
11232,1982,-32.226562,25000000.000
11233,1975,-35.644531,25000000.000
11234,1968,-39.062500,25000000.000
11235,1966,-40.039062,25000000.000
11236,1960,-42.968750,25000000.000
11237,1960,-42.968750,25000000.000
11238,1962,-41.992188,25000000.000
11239,1961,-42.480469,25000000.000
11240,1967,-39.550781,25000000.000
11241,1972,-37.109375,25000000.000
11242,1985,-30.761719,25000000.000
11243,1982,-32.226562,25000000.000
11244,2003,-21.972656,25000000.000
11245,2014,-16.601562,25000000.000
11246,2027,-10.253906,25000000.000
11247,2027,-10.253906,25000000.000
11248,2053,2.441406,25000000.000
11249,2067,9.277344,25000000.000
11250,2079,15.136719,25000000.000
11251,2080,15.625000,25000000.000
11252,2102,26.367188,25000000.000
11253,2111,30.761719,25000000.000
11254,2120,35.156250,25000000.000
11255,2121,35.644531,25000000.000
11256,2130,40.039062,25000000.000
11257,2132,41.015625,25000000.000
11258,2133,41.503906,25000000.000
11259,2132,41.015625,25000000.000
11260,2128,39.062500,25000000.000
11261,2122,36.132812,25000000.000
11262,2115,32.714844,25000000.000
11263,2115,32.714844,25000000.000
11264,2097,23.925781,25000000.000
11265,2084,17.578125,25000000.000
11266,2072,11.718750,25000000.000
11267,2069,10.253906,25000000.000
11268,2041,-3.417969,25000000.000
11269,2027,-10.253906,25000000.000
11270,2014,-16.601562,25000000.000
11271,2012,-17.578125,25000000.000
11272,1989,-28.808594,25000000.000
11273,1979,-33.691406,25000000.000
11274,1971,-37.597656,25000000.000
11275,1970,-38.085938,25000000.000
11276,1962,-41.992188,25000000.000
11277,1960,-42.968750,25000000.000
11278,1960,-42.968750,25000000.000
11279,1960,-42.968750,25000000.000
11280,1966,-40.039062,25000000.000
11281,1970,-38.085938,25000000.000
11282,1977,-34.667969,25000000.000
11283,1978,-34.179688,25000000.000
11284,1994,-26.367188,25000000.000
11285,2006,-20.507812,25000000.000
11286,2016,-15.625000,25000000.000
11287,2017,-15.136719,25000000.000
11288,2039,-4.394531,25000000.000
11289,2054,2.929688,25000000.000
11290,2067,9.277344,25000000.000
11291,2069,10.253906,25000000.000
11292,2091,20.996094,25000000.000
11293,2103,26.855469,25000000.000
11294,2112,31.250000,25000000.000
11295,2113,31.738281,25000000.000
11296,2127,38.574219,25000000.000
11297,2131,40.527344,25000000.000
11298,2133,41.503906,25000000.000
11299,2132,41.015625,25000000.000
11300,2131,40.527344,25000000.000
11301,2126,38.085938,25000000.000
11302,2121,35.644531,25000000.000
11303,2121,35.644531,25000000.000
11304,2104,27.343750,25000000.000
11305,2094,22.460938,25000000.000
11306,2081,16.113281,25000000.000
11307,2080,15.625000,25000000.000
11308,2055,3.417969,25000000.000
11309,2041,-3.417969,25000000.000
11310,2026,-10.742188,25000000.000
11311,2025,-11.230469,25000000.000
11312,2001,-22.949219,25000000.000
11313,1988,-29.296875,25000000.000
11314,1978,-34.179688,25000000.000
11315,1977,-34.667969,25000000.000
11316,1963,-41.503906,25000000.000
11317,1962,-41.992188,25000000.000
11318,1960,-42.968750,25000000.000
11319,1959,-43.457031,25000000.000
11320,1963,-41.503906,25000000.000
11321,1965,-40.527344,25000000.000
11322,1971,-37.597656,25000000.000
11323,1971,-37.597656,25000000.000
11324,1986,-30.273438,25000000.000
11325,1995,-25.878906,25000000.000
11326,2006,-20.507812,25000000.000
11327,2008,-19.531250,25000000.000
11328,2029,-9.277344,25000000.000
11329,2043,-2.441406,25000000.000
11330,2056,3.906250,25000000.000
11331,2058,4.882812,25000000.000
11332,2082,16.601562,25000000.000
11333,2094,22.460938,25000000.000
11334,2105,27.832031,25000000.000
11335,2105,27.832031,25000000.000
11336,2121,35.644531,25000000.000
11337,2127,38.574219,25000000.000
11338,2131,40.527344,25000000.000
11339,2131,40.527344,25000000.000
11340,2132,41.015625,25000000.000
11341,2130,40.039062,25000000.000
11342,2127,38.574219,25000000.000
11343,2126,38.085938,25000000.000
11344,2114,32.226562,25000000.000
11345,2105,27.832031,25000000.000
11346,2093,21.972656,25000000.000
11347,2092,21.484375,25000000.000
11348,2068,9.765625,25000000.000
11349,2054,2.929688,25000000.000
11350,2039,-4.394531,25000000.000
11351,2036,-5.859375,25000000.000
11352,2011,-18.066406,25000000.000
11353,1999,-23.925781,25000000.000
11354,1988,-29.296875,25000000.000
11355,1986,-30.273438,25000000.000
11356,1971,-37.597656,25000000.000
11357,1966,-40.039062,25000000.000
11358,1963,-41.503906,25000000.000
11359,1962,-41.992188,25000000.000
11360,1962,-41.992188,25000000.000
11361,1964,-41.015625,25000000.000
11362,1968,-39.062500,25000000.000
11363,1969,-38.574219,25000000.000
11364,1980,-33.203125,25000000.000
11365,1988,-29.296875,25000000.000
11366,1998,-24.414062,25000000.000
11367,1999,-23.925781,25000000.000
11368,2019,-14.160156,25000000.000
11369,2033,-7.324219,25000000.000
11370,2045,-1.464844,25000000.000
11371,2045,-1.464844,25000000.000
11372,2071,11.230469,25000000.000
11373,2084,17.578125,25000000.000
11374,2095,22.949219,25000000.000
11375,2097,23.925781,25000000.000
11376,2116,33.203125,25000000.000
11377,2122,36.132812,25000000.000
11378,2126,38.085938,25000000.000
11379,2127,38.574219,25000000.000
11380,2132,41.015625,25000000.000
11381,2132,41.015625,25000000.000
11382,2129,39.550781,25000000.000
11383,2130,40.039062,25000000.000
11384,2120,35.156250,25000000.000
11385,2112,31.250000,25000000.000
11386,2102,26.367188,25000000.000
11387,2101,25.878906,25000000.000
11388,2079,15.136719,25000000.000
11389,2066,8.789062,25000000.000
11390,2052,1.953125,25000000.000
11391,2050,0.976562,25000000.000
11392,2023,-12.207031,25000000.000
11393,2009,-19.042969,25000000.000
11394,1997,-24.902344,25000000.000
11395,1996,-25.390625,25000000.000
11396,1977,-34.667969,25000000.000
11397,1971,-37.597656,25000000.000
11398,1966,-40.039062,25000000.000
11399,1965,-40.527344,25000000.000
11400,1961,-42.480469,25000000.000
11401,1962,-41.992188,25000000.000
11402,1964,-41.015625,25000000.000
11403,1966,-40.039062,25000000.000
11404,1975,-35.644531,25000000.000
11405,1982,-32.226562,25000000.000
11406,1989,-28.808594,25000000.000
11407,1991,-27.832031,25000000.000
11408,2010,-18.554688,25000000.000
11409,2021,-13.183594,25000000.000
11410,2033,-7.324219,25000000.000
11411,2035,-6.347656,25000000.000
11412,2059,5.371094,25000000.000
11413,2072,11.718750,25000000.000
11414,2084,17.578125,25000000.000
11415,2086,18.554688,25000000.000
11416,2105,27.832031,25000000.000
11417,2114,32.226562,25000000.000
11418,2123,36.621094,25000000.000
11419,2122,36.132812,25000000.000
11420,2131,40.527344,25000000.000
11421,2133,41.503906,25000000.000
11422,2133,41.503906,25000000.000
11423,2131,40.527344,25000000.000
11424,2126,38.085938,25000000.000
11425,2121,35.644531,25000000.000
11426,2112,31.250000,25000000.000
11427,2112,31.250000,25000000.000
11428,2092,21.484375,25000000.000
11429,2079,15.136719,25000000.000
11430,2065,8.300781,25000000.000
11431,2063,7.324219,25000000.000
11432,2036,-5.859375,25000000.000
11433,2022,-12.695312,25000000.000
11434,2008,-19.531250,25000000.000
11435,2007,-20.019531,25000000.000
11436,1985,-30.761719,25000000.000
11437,1976,-35.156250,25000000.000
11438,1970,-38.085938,25000000.000
11439,1969,-38.574219,25000000.000
11440,1963,-41.503906,25000000.000
11441,1961,-42.480469,25000000.000
11442,1962,-41.992188,25000000.000
11443,1962,-41.992188,25000000.000
11444,1968,-39.062500,25000000.000
11445,1975,-35.644531,25000000.000
11446,1982,-32.226562,25000000.000
11447,1983,-31.738281,25000000.000
11448,2000,-23.437500,25000000.000
11449,2009,-19.042969,25000000.000
11450,2022,-12.695312,25000000.000
11451,2022,-12.695312,25000000.000
11452,2047,-0.488281,25000000.000
11453,2059,5.371094,25000000.000
11454,2073,12.207031,25000000.000
11455,2074,12.695312,25000000.000
11456,2098,24.414062,25000000.000
11457,2107,28.808594,25000000.000
11458,2117,33.691406,25000000.000
11459,2117,33.691406,25000000.000
11460,2128,39.062500,25000000.000
11461,2131,40.527344,25000000.000
11462,2132,41.015625,25000000.000
11463,2132,41.015625,25000000.000
11464,2128,39.062500,25000000.000
11465,2125,37.597656,25000000.000
11466,2118,34.179688,25000000.000
11467,2117,33.691406,25000000.000
11468,2100,25.390625,25000000.000
11469,2088,19.531250,25000000.000
11470,2075,13.183594,25000000.000
11471,2074,12.695312,25000000.000
11472,2046,-0.976562,25000000.000
11473,2032,-7.812500,25000000.000
11474,2020,-13.671875,25000000.000
11475,2017,-15.136719,25000000.000
11476,1993,-26.855469,25000000.000
11477,1981,-32.714844,25000000.000
11478,1974,-36.132812,25000000.000
11479,1973,-36.621094,25000000.000
11480,1964,-41.015625,25000000.000
11481,1961,-42.480469,25000000.000
11482,1960,-42.968750,25000000.000
11483,1960,-42.968750,25000000.000
11484,1964,-41.015625,25000000.000
11485,1968,-39.062500,25000000.000
11486,1975,-35.644531,25000000.000
11487,1975,-35.644531,25000000.000
11488,1991,-27.832031,25000000.000
11489,2000,-23.437500,25000000.000
11490,2011,-18.066406,25000000.000
11491,2013,-17.089844,25000000.000
11492,2035,-6.347656,25000000.000
11493,2049,0.488281,25000000.000
11494,2063,7.324219,25000000.000
11495,2065,8.300781,25000000.000
11496,2088,19.531250,25000000.000
11497,2100,25.390625,25000000.000
11498,2110,30.273438,25000000.000
11499,2110,30.273438,25000000.000
11500,2125,37.597656,25000000.000
11501,2129,39.550781,25000000.000
11502,2131,40.527344,25000000.000
11503,2132,41.015625,25000000.000
11504,2131,40.527344,25000000.000
11505,2128,39.062500,25000000.000
11506,2124,37.109375,25000000.000
11507,2124,37.109375,25000000.000
11508,2109,29.785156,25000000.000
11509,2099,24.902344,25000000.000
11510,2086,18.554688,25000000.000
11511,2086,18.554688,25000000.000
11512,2059,5.371094,25000000.000
11513,2045,-1.464844,25000000.000
11514,2029,-9.277344,25000000.000
11515,2029,-9.277344,25000000.000
11516,2002,-22.460938,25000000.000
11517,1992,-27.343750,25000000.000
11518,1981,-32.714844,25000000.000
11519,1981,-32.714844,25000000.000
11520,1966,-40.039062,25000000.000
11521,1964,-41.015625,25000000.000
11522,1960,-42.968750,25000000.000
11523,1963,-41.503906,25000000.000
11524,1963,-41.503906,25000000.000
11525,1966,-40.039062,25000000.000
11526,1971,-37.597656,25000000.000
11527,1971,-37.597656,25000000.000
11528,1985,-30.761719,25000000.000
11529,1993,-26.855469,25000000.000
11530,2003,-21.972656,25000000.000
11531,2004,-21.484375,25000000.000
11532,2026,-10.742188,25000000.000
11533,2039,-4.394531,25000000.000
11534,2051,1.464844,25000000.000
11535,2053,2.441406,25000000.000
11536,2078,14.648438,25000000.000
11537,2090,20.507812,25000000.000
11538,2101,25.878906,25000000.000
11539,2102,26.367188,25000000.000
11540,2118,34.179688,25000000.000
11541,2126,38.085938,25000000.000
11542,2129,39.550781,25000000.000
11543,2129,39.550781,25000000.000
11544,2132,41.015625,25000000.000
11545,2131,40.527344,25000000.000
11546,2128,39.062500,25000000.000
11547,2128,39.062500,25000000.000
11548,2116,33.203125,25000000.000
11549,2107,28.808594,25000000.000
11550,2097,23.925781,25000000.000
11551,2095,22.949219,25000000.000
11552,2071,11.230469,25000000.000
11553,2057,4.394531,25000000.000
11554,2043,-2.441406,25000000.000
11555,2042,-2.929688,25000000.000
11556,2014,-16.601562,25000000.000
11557,2003,-21.972656,25000000.000
11558,1990,-28.320312,25000000.000
11559,1990,-28.320312,25000000.000
11560,1973,-36.621094,25000000.000
11561,1967,-39.550781,25000000.000
11562,1963,-41.503906,25000000.000
11563,1963,-41.503906,25000000.000
11564,1961,-42.480469,25000000.000
11565,1963,-41.503906,25000000.000
11566,1967,-39.550781,25000000.000
11567,1968,-39.062500,25000000.000
11568,1978,-34.179688,25000000.000
11569,1985,-30.761719,25000000.000
11570,1996,-25.390625,25000000.000
11571,1996,-25.390625,25000000.000
11572,2017,-15.136719,25000000.000
11573,2029,-9.277344,25000000.000
11574,2041,-3.417969,25000000.000
11575,2042,-2.929688,25000000.000
11576,2067,9.277344,25000000.000
11577,2080,15.625000,25000000.000
11578,2092,21.484375,25000000.000
11579,2093,21.972656,25000000.000
11580,2112,31.250000,25000000.000
11581,2120,35.156250,25000000.000
11582,2126,38.085938,25000000.000
11583,2126,38.085938,25000000.000
11584,2132,41.015625,25000000.000
11585,2131,40.527344,25000000.000
11586,2130,40.039062,25000000.000
11587,2131,40.527344,25000000.000
11588,2120,35.156250,25000000.000
11589,2118,34.179688,25000000.000
11590,2109,29.785156,25000000.000
11591,2102,26.367188,25000000.000
11592,2082,16.601562,25000000.000
11593,2070,10.742188,25000000.000
11594,2054,2.929688,25000000.000
11595,2054,2.929688,25000000.000
11596,2026,-10.742188,25000000.000
11597,2014,-16.601562,25000000.000
11598,2001,-22.949219,25000000.000
11599,1998,-24.414062,25000000.000
11600,1979,-33.691406,25000000.000
11601,1973,-36.621094,25000000.000
11602,1966,-40.039062,25000000.000
11603,1966,-40.039062,25000000.000
11604,1962,-41.992188,25000000.000
11605,1962,-41.992188,25000000.000
11606,1964,-41.015625,25000000.000
11607,1965,-40.527344,25000000.000
11608,1973,-36.621094,25000000.000
11609,1979,-33.691406,25000000.000
11610,1987,-29.785156,25000000.000
11611,1988,-29.296875,25000000.000
11612,2007,-20.019531,25000000.000
11613,2018,-14.648438,25000000.000
11614,2030,-8.789062,25000000.000
11615,2032,-7.812500,25000000.000
11616,2056,3.906250,25000000.000
11617,2069,10.253906,25000000.000
11618,2081,16.113281,25000000.000
11619,2083,17.089844,25000000.000
11620,2105,27.832031,25000000.000
11621,2112,31.250000,25000000.000
11622,2121,35.644531,25000000.000
11623,2121,35.644531,25000000.000
11624,2130,40.039062,25000000.000
11625,2133,41.503906,25000000.000
11626,2132,41.015625,25000000.000
11627,2132,41.015625,25000000.000
11628,2127,38.574219,25000000.000
11629,2121,35.644531,25000000.000
11630,2112,31.250000,25000000.000
11631,2113,31.738281,25000000.000
11632,2093,21.972656,25000000.000
11633,2081,16.113281,25000000.000
11634,2067,9.277344,25000000.000
11635,2065,8.300781,25000000.000
11636,2038,-4.882812,25000000.000
11637,2025,-11.230469,25000000.000
11638,2011,-18.066406,25000000.000
11639,2010,-18.554688,25000000.000
11640,1987,-29.785156,25000000.000
11641,1978,-34.179688,25000000.000
11642,1969,-38.574219,25000000.000
11643,1970,-38.085938,25000000.000
11644,1962,-41.992188,25000000.000
11645,1959,-43.457031,25000000.000
11646,1961,-42.480469,25000000.000
11647,1961,-42.480469,25000000.000
11648,1968,-39.062500,25000000.000
11649,1973,-36.621094,25000000.000
11650,1978,-34.179688,25000000.000
11651,1979,-33.691406,25000000.000
11652,1997,-24.902344,25000000.000
11653,2008,-19.531250,25000000.000
11654,2019,-14.160156,25000000.000
11655,2020,-13.671875,25000000.000
11656,2045,-1.464844,25000000.000
11657,2057,4.394531,25000000.000
11658,2070,10.742188,25000000.000
11659,2072,11.718750,25000000.000
11660,2095,22.949219,25000000.000
11661,2104,27.343750,25000000.000
11662,2114,32.226562,25000000.000
11663,2115,32.714844,25000000.000
11664,2127,38.574219,25000000.000
11665,2130,40.039062,25000000.000
11666,2131,40.527344,25000000.000
11667,2131,40.527344,25000000.000
11668,2129,39.550781,25000000.000
11669,2125,37.597656,25000000.000
11670,2120,35.156250,25000000.000
11671,2119,34.667969,25000000.000
11672,2102,26.367188,25000000.000
11673,2090,20.507812,25000000.000
11674,2078,14.648438,25000000.000
11675,2077,14.160156,25000000.000
11676,2051,1.464844,25000000.000
11677,2035,-6.347656,25000000.000
11678,2021,-13.183594,25000000.000
11679,2020,-13.671875,25000000.000
11680,1996,-25.390625,25000000.000
11681,1985,-30.761719,25000000.000
11682,1977,-34.667969,25000000.000
11683,1975,-35.644531,25000000.000
11684,1964,-41.015625,25000000.000
11685,1962,-41.992188,25000000.000
11686,1961,-42.480469,25000000.000
11687,1961,-42.480469,25000000.000
11688,1965,-40.527344,25000000.000
11689,1969,-38.574219,25000000.000
11690,1975,-35.644531,25000000.000
11691,1975,-35.644531,25000000.000
11692,1989,-28.808594,25000000.000
11693,1999,-23.925781,25000000.000
11694,2010,-18.554688,25000000.000
11695,2010,-18.554688,25000000.000
11696,2033,-7.324219,25000000.000
11697,2047,-0.488281,25000000.000
11698,2059,5.371094,25000000.000
11699,2060,5.859375,25000000.000
11700,2086,18.554688,25000000.000
11701,2096,23.437500,25000000.000
11702,2106,28.320312,25000000.000
11703,2108,29.296875,25000000.000
11704,2122,36.132812,25000000.000
11705,2127,38.574219,25000000.000
11706,2130,40.039062,25000000.000
11707,2130,40.039062,25000000.000
11708,2131,40.527344,25000000.000
11709,2129,39.550781,25000000.000
11710,2125,37.597656,25000000.000
11711,2125,37.597656,25000000.000
11712,2110,30.273438,25000000.000
11713,2100,25.390625,25000000.000
11714,2089,20.019531,25000000.000
11715,2087,19.042969,25000000.000
11716,2063,7.324219,25000000.000
11717,2048,0.000000,25000000.000
11718,2034,-6.835938,25000000.000
11719,2033,-7.324219,25000000.000
11720,2008,-19.531250,25000000.000
11721,1995,-25.878906,25000000.000
11722,1985,-30.761719,25000000.000
11723,1984,-31.250000,25000000.000
11724,1970,-38.085938,25000000.000
11725,1964,-41.015625,25000000.000
11726,1962,-41.992188,25000000.000
11727,1962,-41.992188,25000000.000
11728,1961,-42.480469,25000000.000
11729,1965,-40.527344,25000000.000
11730,1969,-38.574219,25000000.000
11731,1968,-39.062500,25000000.000
11732,1982,-32.226562,25000000.000
11733,1991,-27.832031,25000000.000
11734,2001,-22.949219,25000000.000
11735,2001,-22.949219,25000000.000
11736,2023,-12.207031,25000000.000
11737,2035,-6.347656,25000000.000
11738,2049,0.488281,25000000.000
11739,2050,0.976562,25000000.000
11740,2075,13.183594,25000000.000
11741,2088,19.531250,25000000.000
11742,2099,24.902344,25000000.000
11743,2100,25.390625,25000000.000
11744,2117,33.691406,25000000.000
11745,2124,37.109375,25000000.000
11746,2128,39.062500,25000000.000
11747,2129,39.550781,25000000.000
11748,2133,41.503906,25000000.000
11749,2132,41.015625,25000000.000
11750,2129,39.550781,25000000.000
11751,2130,40.039062,25000000.000
11752,2117,33.691406,25000000.000
11753,2109,29.785156,25000000.000
11754,2099,24.902344,25000000.000
11755,2097,23.925781,25000000.000
11756,2073,12.207031,25000000.000
11757,2059,5.371094,25000000.000
11758,2047,-0.488281,25000000.000
11759,2045,-1.464844,25000000.000
11760,2018,-14.648438,25000000.000
11761,2004,-21.484375,25000000.000
11762,1993,-26.855469,25000000.000
11763,1992,-27.343750,25000000.000
11764,1975,-35.644531,25000000.000
11765,1969,-38.574219,25000000.000
11766,1964,-41.015625,25000000.000
11767,1964,-41.015625,25000000.000
11768,1962,-41.992188,25000000.000
11769,1963,-41.503906,25000000.000
11770,1965,-40.527344,25000000.000
11771,1967,-39.550781,25000000.000
11772,1977,-34.667969,25000000.000
11773,1985,-30.761719,25000000.000
11774,1993,-26.855469,25000000.000
11775,1993,-26.855469,25000000.000
11776,2014,-16.601562,25000000.000
11777,2026,-10.742188,25000000.000
11778,2039,-4.394531,25000000.000
11779,2041,-3.417969,25000000.000
11780,2064,7.812500,25000000.000
11781,2078,14.648438,25000000.000
11782,2090,20.507812,25000000.000
11783,2090,20.507812,25000000.000
11784,2110,30.273438,25000000.000
11785,2119,34.667969,25000000.000
11786,2124,37.109375,25000000.000
11787,2125,37.597656,25000000.000
11788,2131,40.527344,25000000.000
11789,2130,40.039062,25000000.000
11790,2130,40.039062,25000000.000
11791,2130,40.039062,25000000.000
11792,2122,36.132812,25000000.000
11793,2116,33.203125,25000000.000
11794,2107,28.808594,25000000.000
11795,2106,28.320312,25000000.000
11796,2085,18.066406,25000000.000
11797,2072,11.718750,25000000.000
11798,2058,4.882812,25000000.000
11799,2056,3.906250,25000000.000
11800,2030,-8.789062,25000000.000
11801,2017,-15.136719,25000000.000
11802,2003,-21.972656,25000000.000
11803,2001,-22.949219,25000000.000
11804,1982,-32.226562,25000000.000
11805,1974,-36.132812,25000000.000
11806,1967,-39.550781,25000000.000
11807,1967,-39.550781,25000000.000
11808,1961,-42.480469,25000000.000
11809,1961,-42.480469,25000000.000
11810,1963,-41.503906,25000000.000
11811,1963,-41.503906,25000000.000
11812,1972,-37.109375,25000000.000
11813,1978,-34.179688,25000000.000
11814,1985,-30.761719,25000000.000
11815,1987,-29.785156,25000000.000
11816,2005,-20.996094,25000000.000
11817,2015,-16.113281,25000000.000
11818,2027,-10.253906,25000000.000
11819,2029,-9.277344,25000000.000
11820,2053,2.441406,25000000.000
11821,2066,8.789062,25000000.000
11822,2079,15.136719,25000000.000
11823,2080,15.625000,25000000.000
11824,2101,25.878906,25000000.000
11825,2111,30.761719,25000000.000
11826,2118,34.179688,25000000.000
11827,2118,34.179688,25000000.000
11828,2129,39.550781,25000000.000
11829,2130,40.039062,25000000.000
11830,2132,41.015625,25000000.000
11831,2130,40.039062,25000000.000
11832,2127,38.574219,25000000.000
11833,2121,35.644531,25000000.000
11834,2114,32.226562,25000000.000
11835,2112,31.250000,25000000.000
11836,2094,22.460938,25000000.000
11837,2083,17.089844,25000000.000
11838,2070,10.742188,25000000.000
11839,2067,9.277344,25000000.000
11840,2042,-2.929688,25000000.000
11841,2027,-10.253906,25000000.000
11842,2014,-16.601562,25000000.000
11843,2012,-17.578125,25000000.000
11844,1989,-28.808594,25000000.000
11845,1981,-32.714844,25000000.000
11846,1972,-37.109375,25000000.000
11847,1972,-37.109375,25000000.000
11848,1963,-41.503906,25000000.000
11849,1962,-41.992188,25000000.000
11850,1962,-41.992188,25000000.000
11851,1962,-41.992188,25000000.000
11852,1967,-39.550781,25000000.000
11853,1972,-37.109375,25000000.000
11854,1979,-33.691406,25000000.000
11855,1979,-33.691406,25000000.000
11856,1995,-25.878906,25000000.000
11857,2006,-20.507812,25000000.000
11858,2016,-15.625000,25000000.000
11859,2017,-15.136719,25000000.000
11860,2042,-2.929688,25000000.000
11861,2054,2.929688,25000000.000
11862,2067,9.277344,25000000.000
11863,2068,9.765625,25000000.000
11864,2092,21.484375,25000000.000
11865,2103,26.855469,25000000.000
11866,2112,31.250000,25000000.000
11867,2113,31.738281,25000000.000
11868,2125,37.597656,25000000.000
11869,2129,39.550781,25000000.000
11870,2131,40.527344,25000000.000
11871,2132,41.015625,25000000.000
11872,2129,39.550781,25000000.000
11873,2126,38.085938,25000000.000
11874,2121,35.644531,25000000.000
11875,2120,35.156250,25000000.000
11876,2105,27.832031,25000000.000
11877,2092,21.484375,25000000.000
11878,2080,15.625000,25000000.000
11879,2079,15.136719,25000000.000
11880,2053,2.441406,25000000.000
11881,2039,-4.394531,25000000.000
11882,2024,-11.718750,25000000.000
11883,2024,-11.718750,25000000.000
11884,1998,-24.414062,25000000.000
11885,1987,-29.785156,25000000.000
11886,1978,-34.179688,25000000.000
11887,1978,-34.179688,25000000.000
11888,1966,-40.039062,25000000.000
11889,1962,-41.992188,25000000.000
11890,1960,-42.968750,25000000.000
11891,1960,-42.968750,25000000.000
11892,1964,-41.015625,25000000.000
11893,1967,-39.550781,25000000.000
11894,1973,-36.621094,25000000.000
11895,1973,-36.621094,25000000.000
11896,1988,-29.296875,25000000.000
11897,1996,-25.390625,25000000.000
11898,2008,-19.531250,25000000.000
11899,2009,-19.042969,25000000.000
11900,2031,-8.300781,25000000.000
11901,2043,-2.441406,25000000.000
11902,2056,3.906250,25000000.000
11903,2057,4.394531,25000000.000
11904,2082,16.601562,25000000.000
11905,2094,22.460938,25000000.000
11906,2104,27.343750,25000000.000
11907,2105,27.832031,25000000.000
11908,2121,35.644531,25000000.000
11909,2125,37.597656,25000000.000
11910,2130,40.039062,25000000.000
11911,2131,40.527344,25000000.000
11912,2132,41.015625,25000000.000
11913,2129,39.550781,25000000.000
11914,2127,38.574219,25000000.000
11915,2126,38.085938,25000000.000
11916,2113,31.738281,25000000.000
11917,2104,27.343750,25000000.000
11918,2094,22.460938,25000000.000
11919,2092,21.484375,25000000.000
11920,2066,8.789062,25000000.000
11921,2051,1.464844,25000000.000
11922,2038,-4.882812,25000000.000
11923,2035,-6.347656,25000000.000
11924,2009,-19.042969,25000000.000
11925,1996,-25.390625,25000000.000
11926,1985,-30.761719,25000000.000
11927,1985,-30.761719,25000000.000
11928,1969,-38.574219,25000000.000
11929,1966,-40.039062,25000000.000
11930,1962,-41.992188,25000000.000
11931,1962,-41.992188,25000000.000
11932,1961,-42.480469,25000000.000
11933,1964,-41.015625,25000000.000
11934,1968,-39.062500,25000000.000
11935,1969,-38.574219,25000000.000
11936,1981,-32.714844,25000000.000
11937,1991,-27.832031,25000000.000
11938,2002,-22.460938,25000000.000
11939,1998,-24.414062,25000000.000
11940,2019,-14.160156,25000000.000
11941,2034,-6.835938,25000000.000
11942,2045,-1.464844,25000000.000
11943,2047,-0.488281,25000000.000
11944,2071,11.230469,25000000.000
11945,2083,17.089844,25000000.000
11946,2095,22.949219,25000000.000
11947,2096,23.437500,25000000.000
11948,2114,32.226562,25000000.000
11949,2121,35.644531,25000000.000
11950,2128,39.062500,25000000.000
11951,2128,39.062500,25000000.000
11952,2132,41.015625,25000000.000
11953,2133,41.503906,25000000.000
11954,2130,40.039062,25000000.000
11955,2129,39.550781,25000000.000
11956,2120,35.156250,25000000.000
11957,2113,31.738281,25000000.000
11958,2103,26.855469,25000000.000
11959,2101,25.878906,25000000.000
11960,2079,15.136719,25000000.000
11961,2065,8.300781,25000000.000
11962,2051,1.464844,25000000.000
11963,2050,0.976562,25000000.000
11964,2022,-12.695312,25000000.000
11965,2009,-19.042969,25000000.000
11966,1997,-24.902344,25000000.000
11967,1995,-25.878906,25000000.000
11968,1977,-34.667969,25000000.000
11969,1970,-38.085938,25000000.000
11970,1965,-40.527344,25000000.000
11971,1964,-41.015625,25000000.000
11972,1961,-42.480469,25000000.000
11973,1962,-41.992188,25000000.000
11974,1965,-40.527344,25000000.000
11975,1966,-40.039062,25000000.000
11976,1975,-35.644531,25000000.000
11977,1981,-32.714844,25000000.000
11978,1990,-28.320312,25000000.000
11979,1991,-27.832031,25000000.000
11980,2010,-18.554688,25000000.000
11981,2021,-13.183594,25000000.000
11982,2035,-6.347656,25000000.000
11983,2035,-6.347656,25000000.000
11984,2061,6.347656,25000000.000
11985,2074,12.695312,25000000.000
11986,2087,19.042969,25000000.000
11987,2088,19.531250,25000000.000
11988,2109,29.785156,25000000.000
11989,2115,32.714844,25000000.000
11990,2124,37.109375,25000000.000
11991,2124,37.109375,25000000.000
11992,2132,41.015625,25000000.000
11993,2132,41.015625,25000000.000
11994,2132,41.015625,25000000.000
11995,2133,41.503906,25000000.000
11996,2126,38.085938,25000000.000
11997,2119,34.667969,25000000.000
11998,2111,30.761719,25000000.000
11999,2110,30.273438,25000000.000
12000,2089,20.019531,25000000.000
12001,2076,13.671875,25000000.000
12002,2063,7.324219,25000000.000
12003,2062,6.835938,25000000.000
12004,2033,-7.324219,25000000.000
12005,2020,-13.671875,25000000.000
12006,2006,-20.507812,25000000.000
12007,2004,-21.484375,25000000.000
12008,1983,-31.738281,25000000.000
12009,1974,-36.132812,25000000.000
12010,1968,-39.062500,25000000.000
12011,1968,-39.062500,25000000.000
12012,1961,-42.480469,25000000.000
12013,1961,-42.480469,25000000.000
12014,1962,-41.992188,25000000.000
12015,1962,-41.992188,25000000.000
12016,1970,-38.085938,25000000.000
12017,1976,-35.156250,25000000.000
12018,1983,-31.738281,25000000.000
12019,1984,-31.250000,25000000.000
12020,2002,-22.460938,25000000.000
12021,2012,-17.578125,25000000.000
12022,2024,-11.718750,25000000.000
12023,2025,-11.230469,25000000.000
12024,2054,2.929688,25000000.000
12025,2060,5.859375,25000000.000
12026,2076,13.671875,25000000.000
12027,2078,14.648438,25000000.000
12028,2100,25.390625,25000000.000
12029,2110,30.273438,25000000.000
12030,2118,34.179688,25000000.000
12031,2119,34.667969,25000000.000
12032,2128,39.062500,25000000.000
12033,2132,41.015625,25000000.000
12034,2132,41.015625,25000000.000
12035,2131,40.527344,25000000.000
12036,2127,38.574219,25000000.000
12037,2122,36.132812,25000000.000
12038,2116,33.203125,25000000.000
12039,2115,32.714844,25000000.000
12040,2097,23.925781,25000000.000
12041,2086,18.554688,25000000.000
12042,2073,12.207031,25000000.000
12043,2071,11.230469,25000000.000
12044,2044,-1.953125,25000000.000
12045,2031,-8.300781,25000000.000
12046,2017,-15.136719,25000000.000
12047,2016,-15.625000,25000000.000
12048,1992,-27.343750,25000000.000
12049,1982,-32.226562,25000000.000
12050,1973,-36.621094,25000000.000
12051,1973,-36.621094,25000000.000
12052,1963,-41.503906,25000000.000
12053,1961,-42.480469,25000000.000
12054,1960,-42.968750,25000000.000
12055,1960,-42.968750,25000000.000
12056,1966,-40.039062,25000000.000
12057,1971,-37.597656,25000000.000
12058,1977,-34.667969,25000000.000
12059,1977,-34.667969,25000000.000
12060,1993,-26.855469,25000000.000
12061,2002,-22.460938,25000000.000
12062,2013,-17.089844,25000000.000
12063,2014,-16.601562,25000000.000
12064,2038,-4.882812,25000000.000
12065,2051,1.464844,25000000.000
12066,2063,7.324219,25000000.000
12067,2066,8.789062,25000000.000
12068,2088,19.531250,25000000.000
12069,2098,24.414062,25000000.000
12070,2109,29.785156,25000000.000
12071,2110,30.273438,25000000.000
12072,2124,37.109375,25000000.000
12073,2128,39.062500,25000000.000
12074,2130,40.039062,25000000.000
12075,2130,40.039062,25000000.000
12076,2130,40.039062,25000000.000
12077,2127,38.574219,25000000.000
12078,2122,36.132812,25000000.000
12079,2121,35.644531,25000000.000
12080,2106,28.320312,25000000.000
12081,2096,23.437500,25000000.000
12082,2085,18.066406,25000000.000
12083,2083,17.089844,25000000.000
12084,2057,4.394531,25000000.000
12085,2042,-2.929688,25000000.000
12086,2029,-9.277344,25000000.000
12087,2028,-9.765625,25000000.000
12088,2003,-21.972656,25000000.000
12089,1990,-28.320312,25000000.000
12090,1980,-33.203125,25000000.000
12091,1980,-33.203125,25000000.000
12092,1968,-39.062500,25000000.000
12093,1963,-41.503906,25000000.000
12094,1962,-41.992188,25000000.000
12095,1962,-41.992188,25000000.000
12096,1963,-41.503906,25000000.000
12097,1966,-40.039062,25000000.000
12098,1971,-37.597656,25000000.000
12099,1972,-37.109375,25000000.000
12100,1984,-31.250000,25000000.000
12101,1994,-26.367188,25000000.000
12102,2004,-21.484375,25000000.000
12103,2006,-20.507812,25000000.000
12104,2028,-9.765625,25000000.000
12105,2040,-3.906250,25000000.000
12106,2053,2.441406,25000000.000
12107,2054,2.929688,25000000.000
12108,2078,14.648438,25000000.000
12109,2091,20.996094,25000000.000
12110,2102,26.367188,25000000.000
12111,2103,26.855469,25000000.000
12112,2119,34.667969,25000000.000
12113,2125,37.597656,25000000.000
12114,2129,39.550781,25000000.000
12115,2130,40.039062,25000000.000
12116,2132,41.015625,25000000.000
12117,2131,40.527344,25000000.000
12118,2127,38.574219,25000000.000
12119,2127,38.574219,25000000.000
12120,2114,32.226562,25000000.000
12121,2106,28.320312,25000000.000
12122,2095,22.949219,25000000.000
12123,2094,22.460938,25000000.000
12124,2070,10.742188,25000000.000
12125,2057,4.394531,25000000.000
12126,2041,-3.417969,25000000.000
12127,2040,-3.906250,25000000.000
12128,2013,-17.089844,25000000.000
12129,2001,-22.949219,25000000.000
12130,1988,-29.296875,25000000.000
12131,1988,-29.296875,25000000.000
12132,1971,-37.597656,25000000.000
12133,1966,-40.039062,25000000.000
12134,1962,-41.992188,25000000.000
12135,1961,-42.480469,25000000.000
12136,1962,-41.992188,25000000.000
12137,1963,-41.503906,25000000.000
12138,1968,-39.062500,25000000.000
12139,1967,-39.550781,25000000.000
12140,1980,-33.203125,25000000.000
12141,1987,-29.785156,25000000.000
12142,1997,-24.902344,25000000.000
12143,1997,-24.902344,25000000.000
12144,2018,-14.648438,25000000.000
12145,2030,-8.789062,25000000.000
12146,2043,-2.441406,25000000.000
12147,2045,-1.464844,25000000.000
12148,2070,10.742188,25000000.000
12149,2082,16.601562,25000000.000
12150,2095,22.949219,25000000.000
12151,2096,23.437500,25000000.000
12152,2114,32.226562,25000000.000
12153,2122,36.132812,25000000.000
12154,2127,38.574219,25000000.000
12155,2128,39.062500,25000000.000
12156,2134,41.992188,25000000.000
12157,2133,41.503906,25000000.000
12158,2131,40.527344,25000000.000
12159,2131,40.527344,25000000.000
12160,2121,35.644531,25000000.000
12161,2114,32.226562,25000000.000
12162,2104,27.343750,25000000.000
12163,2104,27.343750,25000000.000
12164,2081,16.113281,25000000.000
12165,2068,9.765625,25000000.000
12166,2053,2.441406,25000000.000
12167,2052,1.953125,25000000.000
12168,2024,-11.718750,25000000.000
12169,2010,-18.554688,25000000.000
12170,1998,-24.414062,25000000.000
12171,1996,-25.390625,25000000.000
12172,1978,-34.179688,25000000.000
12173,1971,-37.597656,25000000.000
12174,1966,-40.039062,25000000.000
12175,1964,-41.015625,25000000.000
12176,1961,-42.480469,25000000.000
12177,1962,-41.992188,25000000.000
12178,1964,-41.015625,25000000.000
12179,1963,-41.503906,25000000.000
12180,1974,-36.132812,25000000.000
12181,1979,-33.691406,25000000.000
12182,1989,-28.808594,25000000.000
12183,1990,-28.320312,25000000.000
12184,2008,-19.531250,25000000.000
12185,2020,-13.671875,25000000.000
12186,2032,-7.812500,25000000.000
12187,2033,-7.324219,25000000.000
12188,2058,4.882812,25000000.000
12189,2071,11.230469,25000000.000
12190,2083,17.089844,25000000.000
12191,2085,18.066406,25000000.000
12192,2105,27.832031,25000000.000
12193,2114,32.226562,25000000.000
12194,2122,36.132812,25000000.000
12195,2123,36.621094,25000000.000
12196,2131,40.527344,25000000.000
12197,2133,41.503906,25000000.000
12198,2132,41.015625,25000000.000
12199,2133,41.503906,25000000.000
12200,2126,38.085938,25000000.000
12201,2120,35.156250,25000000.000
12202,2113,31.738281,25000000.000
12203,2111,30.761719,25000000.000
12204,2091,20.996094,25000000.000
12205,2078,14.648438,25000000.000
12206,2066,8.789062,25000000.000
12207,2064,7.812500,25000000.000
12208,2036,-5.859375,25000000.000
12209,2022,-12.695312,25000000.000
12210,2008,-19.531250,25000000.000
12211,2007,-20.019531,25000000.000
12212,1985,-30.761719,25000000.000
12213,1976,-35.156250,25000000.000
12214,1969,-38.574219,25000000.000
12215,1968,-39.062500,25000000.000
12216,1961,-42.480469,25000000.000
12217,1959,-43.457031,25000000.000
12218,1962,-41.992188,25000000.000
12219,1960,-42.968750,25000000.000
12220,1968,-39.062500,25000000.000
12221,1973,-36.621094,25000000.000
12222,1980,-33.203125,25000000.000
12223,1982,-32.226562,25000000.000
12224,1998,-24.414062,25000000.000
12225,2009,-19.042969,25000000.000
12226,2019,-14.160156,25000000.000
12227,2021,-13.183594,25000000.000
12228,2046,-0.976562,25000000.000
12229,2059,5.371094,25000000.000
12230,2072,11.718750,25000000.000
12231,2074,12.695312,25000000.000
12232,2097,23.925781,25000000.000
12233,2107,28.808594,25000000.000
12234,2117,33.691406,25000000.000
12235,2117,33.691406,25000000.000
12236,2127,38.574219,25000000.000
12237,2132,41.015625,25000000.000
12238,2133,41.503906,25000000.000
12239,2133,41.503906,25000000.000
12240,2130,40.039062,25000000.000
12241,2124,37.109375,25000000.000
12242,2120,35.156250,25000000.000
12243,2119,34.667969,25000000.000
12244,2102,26.367188,25000000.000
12245,2090,20.507812,25000000.000
12246,2077,14.160156,25000000.000
12247,2075,13.183594,25000000.000
12248,2049,0.488281,25000000.000
12249,2034,-6.835938,25000000.000
12250,2020,-13.671875,25000000.000
12251,2019,-14.160156,25000000.000
12252,1994,-26.367188,25000000.000
12253,1983,-31.738281,25000000.000
12254,1974,-36.132812,25000000.000
12255,1973,-36.621094,25000000.000
12256,1963,-41.503906,25000000.000
12257,1960,-42.968750,25000000.000
12258,1960,-42.968750,25000000.000
12259,1960,-42.968750,25000000.000
12260,1963,-41.503906,25000000.000
12261,1967,-39.550781,25000000.000
12262,1974,-36.132812,25000000.000
12263,1974,-36.132812,25000000.000
12264,1989,-28.808594,25000000.000
12265,1999,-23.925781,25000000.000
12266,2010,-18.554688,25000000.000
12267,2010,-18.554688,25000000.000
12268,2034,-6.835938,25000000.000
12269,2046,-0.976562,25000000.000
12270,2060,5.859375,25000000.000
12271,2062,6.835938,25000000.000
12272,2086,18.554688,25000000.000
12273,2098,24.414062,25000000.000
12274,2108,29.296875,25000000.000
12275,2107,28.808594,25000000.000
12276,2123,36.621094,25000000.000
12277,2129,39.550781,25000000.000
12278,2131,40.527344,25000000.000
12279,2133,41.503906,25000000.000
12280,2134,41.992188,25000000.000
12281,2130,40.039062,25000000.000
12282,2125,37.597656,25000000.000
12283,2125,37.597656,25000000.000
12284,2111,30.761719,25000000.000
12285,2105,27.832031,25000000.000
12286,2088,19.531250,25000000.000
12287,2091,20.996094,25000000.000
12288,2062,6.835938,25000000.000
12289,2049,0.488281,25000000.000
12290,2033,-7.324219,25000000.000
12291,2033,-7.324219,25000000.000
12292,2006,-20.507812,25000000.000
12293,1993,-26.855469,25000000.000
12294,1982,-32.226562,25000000.000
12295,1982,-32.226562,25000000.000
12296,1968,-39.062500,25000000.000
12297,1963,-41.503906,25000000.000
12298,1960,-42.968750,25000000.000
12299,1959,-43.457031,25000000.000
12300,1960,-42.968750,25000000.000
12301,1963,-41.503906,25000000.000
12302,1968,-39.062500,25000000.000
12303,1969,-38.574219,25000000.000
12304,1981,-32.714844,25000000.000
12305,1990,-28.320312,25000000.000
12306,2000,-23.437500,25000000.000
12307,2000,-23.437500,25000000.000
12308,2022,-12.695312,25000000.000
12309,2034,-6.835938,25000000.000
12310,2048,0.000000,25000000.000
12311,2050,0.976562,25000000.000
12312,2075,13.183594,25000000.000
12313,2088,19.531250,25000000.000
12314,2099,24.902344,25000000.000
12315,2100,25.390625,25000000.000
12316,2117,33.691406,25000000.000
12317,2124,37.109375,25000000.000
12318,2130,40.039062,25000000.000
12319,2129,39.550781,25000000.000
12320,2134,41.992188,25000000.000
12321,2133,41.503906,25000000.000
12322,2130,40.039062,25000000.000
12323,2129,39.550781,25000000.000
12324,2119,34.667969,25000000.000
12325,2110,30.273438,25000000.000
12326,2101,25.878906,25000000.000
12327,2099,24.902344,25000000.000
12328,2076,13.671875,25000000.000
12329,2061,6.347656,25000000.000
12330,2047,-0.488281,25000000.000
12331,2046,-0.976562,25000000.000
12332,2019,-14.160156,25000000.000
12333,2004,-21.484375,25000000.000
12334,1992,-27.343750,25000000.000
12335,1992,-27.343750,25000000.000
12336,1974,-36.132812,25000000.000
12337,1968,-39.062500,25000000.000
12338,1964,-41.015625,25000000.000
12339,1964,-41.015625,25000000.000
12340,1962,-41.992188,25000000.000
12341,1963,-41.503906,25000000.000
12342,1966,-40.039062,25000000.000
12343,1967,-39.550781,25000000.000
12344,1977,-34.667969,25000000.000
12345,1984,-31.250000,25000000.000
12346,1993,-26.855469,25000000.000
12347,1994,-26.367188,25000000.000
12348,2013,-17.089844,25000000.000
12349,2024,-11.718750,25000000.000
12350,2035,-6.347656,25000000.000
12351,2038,-4.882812,25000000.000
12352,2064,7.812500,25000000.000
12353,2076,13.671875,25000000.000
12354,2088,19.531250,25000000.000
12355,2090,20.507812,25000000.000
12356,2110,30.273438,25000000.000
12357,2118,34.179688,25000000.000
12358,2123,36.621094,25000000.000
12359,2124,37.109375,25000000.000
12360,2130,40.039062,25000000.000
12361,2131,40.527344,25000000.000
12362,2131,40.527344,25000000.000
12363,2130,40.039062,25000000.000
12364,2124,37.109375,25000000.000
12365,2118,34.179688,25000000.000
12366,2109,29.785156,25000000.000
12367,2108,29.296875,25000000.000
12368,2086,18.554688,25000000.000
12369,2075,13.183594,25000000.000
12370,2060,5.859375,25000000.000
12371,2059,5.371094,25000000.000
12372,2031,-8.300781,25000000.000
12373,2017,-15.136719,25000000.000
12374,2004,-21.484375,25000000.000
12375,2003,-21.972656,25000000.000
12376,1983,-31.738281,25000000.000
12377,1973,-36.621094,25000000.000
12378,1968,-39.062500,25000000.000
12379,1968,-39.062500,25000000.000
12380,1962,-41.992188,25000000.000
12381,1961,-42.480469,25000000.000
12382,1963,-41.503906,25000000.000
12383,1963,-41.503906,25000000.000
12384,1971,-37.597656,25000000.000
12385,1978,-34.179688,25000000.000
12386,1984,-31.250000,25000000.000
12387,1986,-30.273438,25000000.000
12388,2004,-21.484375,25000000.000
12389,2014,-16.601562,25000000.000
12390,2027,-10.253906,25000000.000
12391,2029,-9.277344,25000000.000
12392,2053,2.441406,25000000.000
12393,2067,9.277344,25000000.000
12394,2078,14.648438,25000000.000
12395,2080,15.625000,25000000.000
12396,2101,25.878906,25000000.000
12397,2111,30.761719,25000000.000
12398,2120,35.156250,25000000.000
12399,2119,34.667969,25000000.000
12400,2129,39.550781,25000000.000
12401,2132,41.015625,25000000.000
12402,2133,41.503906,25000000.000
12403,2133,41.503906,25000000.000
12404,2129,39.550781,25000000.000
12405,2123,36.621094,25000000.000
12406,2117,33.691406,25000000.000
12407,2117,33.691406,25000000.000
12408,2098,24.414062,25000000.000
12409,2085,18.066406,25000000.000
12410,2072,11.718750,25000000.000
12411,2069,10.253906,25000000.000
12412,2043,-2.441406,25000000.000
12413,2028,-9.765625,25000000.000
12414,2015,-16.113281,25000000.000
12415,2012,-17.578125,25000000.000
12416,1990,-28.320312,25000000.000
12417,1981,-32.714844,25000000.000
12418,1972,-37.109375,25000000.000
12419,1971,-37.597656,25000000.000
12420,1963,-41.503906,25000000.000
12421,1962,-41.992188,25000000.000
12422,1961,-42.480469,25000000.000
12423,1962,-41.992188,25000000.000
12424,1968,-39.062500,25000000.000
12425,1972,-37.109375,25000000.000
12426,1979,-33.691406,25000000.000
12427,1979,-33.691406,25000000.000
12428,1994,-26.367188,25000000.000
12429,2005,-20.996094,25000000.000
12430,2016,-15.625000,25000000.000
12431,2017,-15.136719,25000000.000
12432,2042,-2.929688,25000000.000
12433,2054,2.929688,25000000.000
12434,2066,8.789062,25000000.000
12435,2068,9.765625,25000000.000
12436,2092,21.484375,25000000.000
12437,2102,26.367188,25000000.000
12438,2111,30.761719,25000000.000
12439,2112,31.250000,25000000.000
12440,2125,37.597656,25000000.000
12441,2129,39.550781,25000000.000
12442,2131,40.527344,25000000.000
12443,2131,40.527344,25000000.000
12444,2129,39.550781,25000000.000
12445,2126,38.085938,25000000.000
12446,2120,35.156250,25000000.000
12447,2120,35.156250,25000000.000
12448,2104,27.343750,25000000.000
12449,2094,22.460938,25000000.000
12450,2080,15.625000,25000000.000
12451,2080,15.625000,25000000.000
12452,2052,1.953125,25000000.000
12453,2040,-3.906250,25000000.000
12454,2025,-11.230469,25000000.000
12455,2023,-12.207031,25000000.000
12456,1999,-23.925781,25000000.000
12457,1988,-29.296875,25000000.000
12458,1979,-33.691406,25000000.000
12459,1978,-34.179688,25000000.000
12460,1965,-40.527344,25000000.000
12461,1963,-41.503906,25000000.000
12462,1961,-42.480469,25000000.000
12463,1961,-42.480469,25000000.000
12464,1964,-41.015625,25000000.000
12465,1967,-39.550781,25000000.000
12466,1973,-36.621094,25000000.000
12467,1974,-36.132812,25000000.000
12468,1988,-29.296875,25000000.000
12469,1997,-24.902344,25000000.000
12470,2006,-20.507812,25000000.000
12471,2008,-19.531250,25000000.000
12472,2030,-8.789062,25000000.000
12473,2043,-2.441406,25000000.000
12474,2055,3.417969,25000000.000
12475,2057,4.394531,25000000.000
12476,2082,16.601562,25000000.000
12477,2094,22.460938,25000000.000
12478,2105,27.832031,25000000.000
12479,2104,27.343750,25000000.000
12480,2120,35.156250,25000000.000
12481,2125,37.597656,25000000.000
12482,2130,40.039062,25000000.000
12483,2130,40.039062,25000000.000
12484,2131,40.527344,25000000.000
12485,2128,39.062500,25000000.000
12486,2126,38.085938,25000000.000
12487,2125,37.597656,25000000.000
12488,2112,31.250000,25000000.000
12489,2104,27.343750,25000000.000
12490,2092,21.484375,25000000.000
12491,2090,20.507812,25000000.000
12492,2066,8.789062,25000000.000
12493,2052,1.953125,25000000.000
12494,2036,-5.859375,25000000.000
12495,2036,-5.859375,25000000.000
12496,2009,-19.042969,25000000.000
12497,1997,-24.902344,25000000.000
12498,1987,-29.785156,25000000.000
12499,1985,-30.761719,25000000.000
12500,1971,-37.597656,25000000.000
12501,1966,-40.039062,25000000.000
12502,1963,-41.503906,25000000.000
12503,1961,-42.480469,25000000.000
12504,1961,-42.480469,25000000.000
12505,1964,-41.015625,25000000.000
12506,1969,-38.574219,25000000.000
12507,1971,-37.597656,25000000.000
12508,1981,-32.714844,25000000.000
12509,1989,-28.808594,25000000.000
12510,1999,-23.925781,25000000.000
12511,2000,-23.437500,25000000.000
12512,2021,-13.183594,25000000.000
12513,2033,-7.324219,25000000.000
12514,2046,-0.976562,25000000.000
12515,2046,-0.976562,25000000.000
12516,2071,11.230469,25000000.000
12517,2084,17.578125,25000000.000
12518,2096,23.437500,25000000.000
12519,2097,23.925781,25000000.000
12520,2114,32.226562,25000000.000
12521,2122,36.132812,25000000.000
12522,2127,38.574219,25000000.000
12523,2128,39.062500,25000000.000
12524,2133,41.503906,25000000.000
12525,2132,41.015625,25000000.000
12526,2129,39.550781,25000000.000
12527,2129,39.550781,25000000.000
12528,2118,34.179688,25000000.000
12529,2111,30.761719,25000000.000
12530,2102,26.367188,25000000.000
12531,2101,25.878906,25000000.000
12532,2079,15.136719,25000000.000
12533,2065,8.300781,25000000.000
12534,2050,0.976562,25000000.000
12535,2048,0.000000,25000000.000
12536,2023,-12.207031,25000000.000
12537,2010,-18.554688,25000000.000
12538,1997,-24.902344,25000000.000
12539,1997,-24.902344,25000000.000
12540,1978,-34.179688,25000000.000
12541,1970,-38.085938,25000000.000
12542,1965,-40.527344,25000000.000
12543,1965,-40.527344,25000000.000
12544,1962,-41.992188,25000000.000
12545,1961,-42.480469,25000000.000
12546,1965,-40.527344,25000000.000
12547,1965,-40.527344,25000000.000
12548,1975,-35.644531,25000000.000
12549,1983,-31.738281,25000000.000
12550,1990,-28.320312,25000000.000
12551,1991,-27.832031,25000000.000
12552,2010,-18.554688,25000000.000
12553,2022,-12.695312,25000000.000
12554,2034,-6.835938,25000000.000
12555,2035,-6.347656,25000000.000
12556,2061,6.347656,25000000.000
12557,2073,12.207031,25000000.000
12558,2085,18.066406,25000000.000
12559,2086,18.554688,25000000.000
12560,2107,28.808594,25000000.000
12561,2116,33.203125,25000000.000
12562,2122,36.132812,25000000.000
12563,2122,36.132812,25000000.000
12564,2130,40.039062,25000000.000
12565,2132,41.015625,25000000.000
12566,2130,40.039062,25000000.000
12567,2130,40.039062,25000000.000
12568,2124,37.109375,25000000.000
12569,2118,34.179688,25000000.000
12570,2110,30.273438,25000000.000
12571,2109,29.785156,25000000.000
12572,2089,20.019531,25000000.000
12573,2076,13.671875,25000000.000
12574,2063,7.324219,25000000.000
12575,2060,5.859375,25000000.000
12576,2033,-7.324219,25000000.000
12577,2020,-13.671875,25000000.000
12578,2006,-20.507812,25000000.000
12579,2006,-20.507812,25000000.000
12580,1984,-31.250000,25000000.000
12581,1977,-34.667969,25000000.000
12582,1970,-38.085938,25000000.000
12583,1969,-38.574219,25000000.000
12584,1962,-41.992188,25000000.000
12585,1962,-41.992188,25000000.000
12586,1964,-41.015625,25000000.000
12587,1964,-41.015625,25000000.000
12588,1971,-37.597656,25000000.000
12589,1977,-34.667969,25000000.000
12590,1984,-31.250000,25000000.000
12591,1984,-31.250000,25000000.000
12592,2002,-22.460938,25000000.000
12593,2014,-16.601562,25000000.000
12594,2025,-11.230469,25000000.000
12595,2025,-11.230469,25000000.000
12596,2049,0.488281,25000000.000
12597,2062,6.835938,25000000.000
12598,2074,12.695312,25000000.000
12599,2076,13.671875,25000000.000
12600,2098,24.414062,25000000.000
12601,2108,29.296875,25000000.000
12602,2115,32.714844,25000000.000
12603,2116,33.203125,25000000.000
12604,2126,38.085938,25000000.000
12605,2130,40.039062,25000000.000
12606,2131,40.527344,25000000.000
12607,2131,40.527344,25000000.000
12608,2128,39.062500,25000000.000
12609,2124,37.109375,25000000.000
12610,2117,33.691406,25000000.000
12611,2115,32.714844,25000000.000
12612,2097,23.925781,25000000.000
12613,2085,18.066406,25000000.000
12614,2074,12.695312,25000000.000
12615,2072,11.718750,25000000.000
12616,2045,-1.464844,25000000.000
12617,2032,-7.812500,25000000.000
12618,2017,-15.136719,25000000.000
12619,2014,-16.601562,25000000.000
12620,1994,-26.367188,25000000.000
12621,1983,-31.738281,25000000.000
12622,1974,-36.132812,25000000.000
12623,1974,-36.132812,25000000.000
12624,1964,-41.015625,25000000.000
12625,1962,-41.992188,25000000.000
12626,1961,-42.480469,25000000.000
12627,1962,-41.992188,25000000.000
12628,1967,-39.550781,25000000.000
12629,1972,-37.109375,25000000.000
12630,1977,-34.667969,25000000.000
12631,1978,-34.179688,25000000.000
12632,1993,-26.855469,25000000.000
12633,2000,-23.437500,25000000.000
12634,2009,-19.042969,25000000.000
12635,2017,-15.136719,25000000.000
12636,2039,-4.394531,25000000.000
12637,2051,1.464844,25000000.000
12638,2064,7.812500,25000000.000
12639,2064,7.812500,25000000.000
12640,2088,19.531250,25000000.000
12641,2100,25.390625,25000000.000
12642,2109,29.785156,25000000.000
12643,2111,30.761719,25000000.000
12644,2123,36.621094,25000000.000
12645,2128,39.062500,25000000.000
12646,2130,40.039062,25000000.000
12647,2131,40.527344,25000000.000
12648,2131,40.527344,25000000.000
12649,2127,38.574219,25000000.000
12650,2122,36.132812,25000000.000
12651,2122,36.132812,25000000.000
12652,2106,28.320312,25000000.000
12653,2096,23.437500,25000000.000
12654,2084,17.578125,25000000.000
12655,2082,16.601562,25000000.000
12656,2058,4.882812,25000000.000
12657,2042,-2.929688,25000000.000
12658,2028,-9.765625,25000000.000
12659,2026,-10.742188,25000000.000
12660,2002,-22.460938,25000000.000
12661,1991,-27.832031,25000000.000
12662,1982,-32.226562,25000000.000
12663,1980,-33.203125,25000000.000
12664,1967,-39.550781,25000000.000
12665,1962,-41.992188,25000000.000
12666,1961,-42.480469,25000000.000
12667,1961,-42.480469,25000000.000
12668,1963,-41.503906,25000000.000
12669,1967,-39.550781,25000000.000
12670,1972,-37.109375,25000000.000
12671,1972,-37.109375,25000000.000
12672,1985,-30.761719,25000000.000
12673,1994,-26.367188,25000000.000
12674,2006,-20.507812,25000000.000
12675,2005,-20.996094,25000000.000
12676,2027,-10.253906,25000000.000
12677,2040,-3.906250,25000000.000
12678,2054,2.929688,25000000.000
12679,2053,2.441406,25000000.000
12680,2080,15.625000,25000000.000
12681,2090,20.507812,25000000.000
12682,2101,25.878906,25000000.000
12683,2102,26.367188,25000000.000
12684,2118,34.179688,25000000.000
12685,2124,37.109375,25000000.000
12686,2128,39.062500,25000000.000
12687,2128,39.062500,25000000.000
12688,2131,40.527344,25000000.000
12689,2128,39.062500,25000000.000
12690,2126,38.085938,25000000.000
12691,2125,37.597656,25000000.000
12692,2114,32.226562,25000000.000
12693,2104,27.343750,25000000.000
12694,2093,21.972656,25000000.000
12695,2091,20.996094,25000000.000
12696,2069,10.253906,25000000.000
12697,2055,3.417969,25000000.000
12698,2041,-3.417969,25000000.000
12699,2040,-3.906250,25000000.000
12700,2014,-16.601562,25000000.000
12701,2001,-22.949219,25000000.000
12702,1990,-28.320312,25000000.000
12703,1989,-28.808594,25000000.000
12704,1973,-36.621094,25000000.000
12705,1967,-39.550781,25000000.000
12706,1963,-41.503906,25000000.000
12707,1963,-41.503906,25000000.000
12708,1962,-41.992188,25000000.000
12709,1963,-41.503906,25000000.000
12710,1967,-39.550781,25000000.000
12711,1968,-39.062500,25000000.000
12712,1980,-33.203125,25000000.000
12713,1986,-30.273438,25000000.000
12714,1996,-25.390625,25000000.000
12715,1997,-24.902344,25000000.000
12716,2017,-15.136719,25000000.000
12717,2031,-8.300781,25000000.000
12718,2043,-2.441406,25000000.000
12719,2044,-1.953125,25000000.000
12720,2070,10.742188,25000000.000
12721,2082,16.601562,25000000.000
12722,2093,21.972656,25000000.000
12723,2094,22.460938,25000000.000
12724,2112,31.250000,25000000.000
12725,2120,35.156250,25000000.000
12726,2125,37.597656,25000000.000
12727,2125,37.597656,25000000.000
12728,2132,41.015625,25000000.000
12729,2132,41.015625,25000000.000
12730,2129,39.550781,25000000.000
12731,2129,39.550781,25000000.000
12732,2121,35.644531,25000000.000
12733,2114,32.226562,25000000.000
12734,2105,27.832031,25000000.000
12735,2103,26.855469,25000000.000
12736,2082,16.601562,25000000.000
12737,2068,9.765625,25000000.000
12738,2054,2.929688,25000000.000
12739,2052,1.953125,25000000.000
12740,2025,-11.230469,25000000.000
12741,2012,-17.578125,25000000.000
12742,1999,-23.925781,25000000.000
12743,1997,-24.902344,25000000.000
12744,1979,-33.691406,25000000.000
12745,1972,-37.109375,25000000.000
12746,1967,-39.550781,25000000.000
12747,1967,-39.550781,25000000.000
12748,1963,-41.503906,25000000.000
12749,1963,-41.503906,25000000.000
12750,1966,-40.039062,25000000.000
12751,1966,-40.039062,25000000.000
12752,1975,-35.644531,25000000.000
12753,1981,-32.714844,25000000.000
12754,1989,-28.808594,25000000.000
12755,1989,-28.808594,25000000.000
12756,2008,-19.531250,25000000.000
12757,2019,-14.160156,25000000.000
12758,2032,-7.812500,25000000.000
12759,2033,-7.324219,25000000.000
12760,2058,4.882812,25000000.000
12761,2070,10.742188,25000000.000
12762,2083,17.089844,25000000.000
12763,2084,17.578125,25000000.000
12764,2105,27.832031,25000000.000
12765,2113,31.738281,25000000.000
12766,2120,35.156250,25000000.000
12767,2121,35.644531,25000000.000
12768,2130,40.039062,25000000.000
12769,2131,40.527344,25000000.000
12770,2132,41.015625,25000000.000
12771,2131,40.527344,25000000.000
12772,2125,37.597656,25000000.000
12773,2120,35.156250,25000000.000
12774,2112,31.250000,25000000.000
12775,2110,30.273438,25000000.000
12776,2091,20.996094,25000000.000
12777,2079,15.136719,25000000.000
12778,2065,8.300781,25000000.000
12779,2064,7.812500,25000000.000
12780,2037,-5.371094,25000000.000
12781,2022,-12.695312,25000000.000
12782,2009,-19.042969,25000000.000
12783,2007,-20.019531,25000000.000
12784,1986,-30.273438,25000000.000
12785,1978,-34.179688,25000000.000
12786,1971,-37.597656,25000000.000
12787,1970,-38.085938,25000000.000
12788,1963,-41.503906,25000000.000
12789,1962,-41.992188,25000000.000
12790,1963,-41.503906,25000000.000
12791,1962,-41.992188,25000000.000
12792,1969,-38.574219,25000000.000
12793,1975,-35.644531,25000000.000
12794,1981,-32.714844,25000000.000
12795,1982,-32.226562,25000000.000
12796,1999,-23.925781,25000000.000
12797,2010,-18.554688,25000000.000
12798,2021,-13.183594,25000000.000
12799,2022,-12.695312,25000000.000
12800,2046,-0.976562,25000000.000
12801,2060,5.859375,25000000.000
12802,2073,12.207031,25000000.000
12803,2075,13.183594,25000000.000
12804,2097,23.925781,25000000.000
12805,2107,28.808594,25000000.000
12806,2115,32.714844,25000000.000
12807,2116,33.203125,25000000.000
12808,2127,38.574219,25000000.000
12809,2129,39.550781,25000000.000
12810,2130,40.039062,25000000.000
12811,2130,40.039062,25000000.000
12812,2127,38.574219,25000000.000
12813,2124,37.109375,25000000.000
12814,2118,34.179688,25000000.000
12815,2117,33.691406,25000000.000
12816,2100,25.390625,25000000.000
12817,2088,19.531250,25000000.000
12818,2078,14.648438,25000000.000
12819,2076,13.671875,25000000.000
12820,2048,0.000000,25000000.000
12821,2032,-7.812500,25000000.000
12822,2020,-13.671875,25000000.000
12823,2019,-14.160156,25000000.000
12824,1995,-25.878906,25000000.000
12825,1984,-31.250000,25000000.000
12826,1976,-35.156250,25000000.000
12827,1975,-35.644531,25000000.000
12828,1965,-40.527344,25000000.000
12829,1962,-41.992188,25000000.000
12830,1961,-42.480469,25000000.000
12831,1961,-42.480469,25000000.000
12832,1966,-40.039062,25000000.000
12833,1970,-38.085938,25000000.000
12834,1976,-35.156250,25000000.000
12835,1977,-34.667969,25000000.000
12836,1992,-27.343750,25000000.000
12837,2001,-22.949219,25000000.000
12838,2013,-17.089844,25000000.000
12839,2013,-17.089844,25000000.000
12840,2035,-6.347656,25000000.000
12841,2049,0.488281,25000000.000
12842,2062,6.835938,25000000.000
12843,2063,7.324219,25000000.000
12844,2086,18.554688,25000000.000
12845,2097,23.925781,25000000.000
12846,2107,28.808594,25000000.000
12847,2108,29.296875,25000000.000
12848,2122,36.132812,25000000.000
12849,2127,38.574219,25000000.000
12850,2128,39.062500,25000000.000
12851,2130,40.039062,25000000.000
12852,2129,39.550781,25000000.000
12853,2126,38.085938,25000000.000
12854,2121,35.644531,25000000.000
12855,2120,35.156250,25000000.000
12856,2107,28.808594,25000000.000
12857,2097,23.925781,25000000.000
12858,2086,18.554688,25000000.000
12859,2085,18.066406,25000000.000
12860,2060,5.859375,25000000.000
12861,2046,-0.976562,25000000.000
12862,2032,-7.812500,25000000.000
12863,2030,-8.789062,25000000.000
12864,2006,-20.507812,25000000.000
12865,1994,-26.367188,25000000.000
12866,1984,-31.250000,25000000.000
12867,1982,-32.226562,25000000.000
12868,1969,-38.574219,25000000.000
12869,1964,-41.015625,25000000.000
12870,1963,-41.503906,25000000.000
12871,1963,-41.503906,25000000.000
12872,1963,-41.503906,25000000.000
12873,1966,-40.039062,25000000.000
12874,1971,-37.597656,25000000.000
12875,1971,-37.597656,25000000.000
12876,1985,-30.761719,25000000.000
12877,1992,-27.343750,25000000.000
12878,2002,-22.460938,25000000.000
12879,2004,-21.484375,25000000.000
12880,2025,-11.230469,25000000.000
12881,2039,-4.394531,25000000.000
12882,2051,1.464844,25000000.000
12883,2052,1.953125,25000000.000
12884,2076,13.671875,25000000.000
12885,2087,19.042969,25000000.000
12886,2099,24.902344,25000000.000
12887,2101,25.878906,25000000.000
12888,2118,34.179688,25000000.000
12889,2123,36.621094,25000000.000
12890,2128,39.062500,25000000.000
12891,2128,39.062500,25000000.000
12892,2130,40.039062,25000000.000
12893,2130,40.039062,25000000.000
12894,2126,38.085938,25000000.000
12895,2127,38.574219,25000000.000
12896,2116,33.203125,25000000.000
12897,2108,29.296875,25000000.000
12898,2098,24.414062,25000000.000
12899,2097,23.925781,25000000.000
12900,2072,11.718750,25000000.000
12901,2058,4.882812,25000000.000
12902,2045,-1.464844,25000000.000
12903,2043,-2.441406,25000000.000
12904,2017,-15.136719,25000000.000
12905,2003,-21.972656,25000000.000
12906,1992,-27.343750,25000000.000
12907,1991,-27.832031,25000000.000
12908,1974,-36.132812,25000000.000
12909,1967,-39.550781,25000000.000
12910,1964,-41.015625,25000000.000
12911,1964,-41.015625,25000000.000
12912,1963,-41.503906,25000000.000
12913,1964,-41.015625,25000000.000
12914,1968,-39.062500,25000000.000
12915,1968,-39.062500,25000000.000
12916,1979,-33.691406,25000000.000
12917,1986,-30.273438,25000000.000
12918,1995,-25.878906,25000000.000
12919,1996,-25.390625,25000000.000
12920,2016,-15.625000,25000000.000
12921,2028,-9.765625,25000000.000
12922,2040,-3.906250,25000000.000
12923,2042,-2.929688,25000000.000
12924,2066,8.789062,25000000.000
12925,2081,16.113281,25000000.000
12926,2090,20.507812,25000000.000
12927,2094,22.460938,25000000.000
12928,2111,30.761719,25000000.000
12929,2118,34.179688,25000000.000
12930,2125,37.597656,25000000.000
12931,2125,37.597656,25000000.000
12932,2131,40.527344,25000000.000
12933,2131,40.527344,25000000.000
12934,2129,39.550781,25000000.000
12935,2129,39.550781,25000000.000
12936,2121,35.644531,25000000.000
12937,2114,32.226562,25000000.000
12938,2106,28.320312,25000000.000
12939,2104,27.343750,25000000.000
12940,2083,17.089844,25000000.000
12941,2070,10.742188,25000000.000
12942,2056,3.906250,25000000.000
12943,2055,3.417969,25000000.000
12944,2028,-9.765625,25000000.000
12945,2014,-16.601562,25000000.000
12946,2002,-22.460938,25000000.000
12947,2000,-23.437500,25000000.000
12948,1980,-33.203125,25000000.000
12949,1973,-36.621094,25000000.000
12950,1967,-39.550781,25000000.000
12951,1967,-39.550781,25000000.000
12952,1962,-41.992188,25000000.000
12953,1963,-41.503906,25000000.000
12954,1965,-40.527344,25000000.000
12955,1965,-40.527344,25000000.000
12956,1973,-36.621094,25000000.000
12957,1981,-32.714844,25000000.000
12958,1988,-29.296875,25000000.000
12959,1989,-28.808594,25000000.000
12960,2005,-20.996094,25000000.000
12961,2017,-15.136719,25000000.000
12962,2030,-8.789062,25000000.000
12963,2031,-8.300781,25000000.000
12964,2055,3.417969,25000000.000
12965,2067,9.277344,25000000.000
12966,2080,15.625000,25000000.000
12967,2081,16.113281,25000000.000
12968,2102,26.367188,25000000.000
12969,2112,31.250000,25000000.000
12970,2119,34.667969,25000000.000
12971,2120,35.156250,25000000.000
12972,2128,39.062500,25000000.000
12973,2131,40.527344,25000000.000
12974,2130,40.039062,25000000.000
12975,2130,40.039062,25000000.000
12976,2125,37.597656,25000000.000
12977,2120,35.156250,25000000.000
12978,2113,31.738281,25000000.000
12979,2112,31.250000,25000000.000
12980,2094,22.460938,25000000.000
12981,2081,16.113281,25000000.000
12982,2073,12.207031,25000000.000
12983,2065,8.300781,25000000.000
12984,2037,-5.371094,25000000.000
12985,2025,-11.230469,25000000.000
12986,2013,-17.089844,25000000.000
12987,2012,-17.578125,25000000.000
12988,1990,-28.320312,25000000.000
12989,1981,-32.714844,25000000.000
12990,1973,-36.621094,25000000.000
12991,1972,-37.109375,25000000.000
12992,1964,-41.015625,25000000.000
12993,1963,-41.503906,25000000.000
12994,1963,-41.503906,25000000.000
12995,1963,-41.503906,25000000.000
12996,1971,-37.597656,25000000.000
12997,1976,-35.156250,25000000.000
12998,1982,-32.226562,25000000.000
12999,1981,-32.714844,25000000.000
13000,1998,-24.414062,25000000.000
13001,2008,-19.531250,25000000.000
13002,2019,-14.160156,25000000.000
13003,2020,-13.671875,25000000.000
13004,2044,-1.953125,25000000.000
13005,2056,3.906250,25000000.000
13006,2070,10.742188,25000000.000
13007,2071,11.230469,25000000.000
13008,2093,21.972656,25000000.000
13009,2105,27.832031,25000000.000
13010,2113,31.738281,25000000.000
13011,2114,32.226562,25000000.000
13012,2125,37.597656,25000000.000
13013,2129,39.550781,25000000.000
13014,2130,40.039062,25000000.000
13015,2130,40.039062,25000000.000
13016,2129,39.550781,25000000.000
13017,2124,37.109375,25000000.000
13018,2119,34.667969,25000000.000
13019,2117,33.691406,25000000.000
13020,2102,26.367188,25000000.000
13021,2091,20.996094,25000000.000
13022,2079,15.136719,25000000.000
13023,2077,14.160156,25000000.000
13024,2051,1.464844,25000000.000
13025,2038,-4.882812,25000000.000
13026,2023,-12.207031,25000000.000
13027,2021,-13.183594,25000000.000
13028,1998,-24.414062,25000000.000
13029,1987,-29.785156,25000000.000
13030,1978,-34.179688,25000000.000
13031,1976,-35.156250,25000000.000
13032,1965,-40.527344,25000000.000
13033,1962,-41.992188,25000000.000
13034,1960,-42.968750,25000000.000
13035,1961,-42.480469,25000000.000
13036,1964,-41.015625,25000000.000
13037,1968,-39.062500,25000000.000
13038,1975,-35.644531,25000000.000
13039,1975,-35.644531,25000000.000
13040,1989,-28.808594,25000000.000
13041,1999,-23.925781,25000000.000
13042,2009,-19.042969,25000000.000
13043,2010,-18.554688,25000000.000
13044,2034,-6.835938,25000000.000
13045,2046,-0.976562,25000000.000
13046,2059,5.371094,25000000.000
13047,2061,6.347656,25000000.000
13048,2084,17.578125,25000000.000
13049,2097,23.925781,25000000.000
13050,2106,28.320312,25000000.000
13051,2107,28.808594,25000000.000
13052,2122,36.132812,25000000.000
13053,2126,38.085938,25000000.000
13054,2129,39.550781,25000000.000
13055,2129,39.550781,25000000.000
13056,2131,40.527344,25000000.000
13057,2127,38.574219,25000000.000
13058,2123,36.621094,25000000.000
13059,2123,36.621094,25000000.000
13060,2109,29.785156,25000000.000
13061,2100,25.390625,25000000.000
13062,2090,20.507812,25000000.000
13063,2087,19.042969,25000000.000
13064,2063,7.324219,25000000.000
13065,2049,0.488281,25000000.000
13066,2035,-6.347656,25000000.000
13067,2033,-7.324219,25000000.000
13068,2008,-19.531250,25000000.000
13069,1996,-25.390625,25000000.000
13070,1986,-30.273438,25000000.000
13071,1985,-30.761719,25000000.000
13072,1970,-38.085938,25000000.000
13073,1965,-40.527344,25000000.000
13074,1964,-41.015625,25000000.000
13075,1963,-41.503906,25000000.000
13076,1963,-41.503906,25000000.000
13077,1966,-40.039062,25000000.000
13078,1970,-38.085938,25000000.000
13079,1971,-37.597656,25000000.000
13080,1983,-31.738281,25000000.000
13081,1990,-28.320312,25000000.000
13082,2001,-22.949219,25000000.000
13083,2003,-21.972656,25000000.000
13084,2022,-12.695312,25000000.000
13085,2034,-6.835938,25000000.000
13086,2048,0.000000,25000000.000
13087,2049,0.488281,25000000.000
13088,2073,12.207031,25000000.000
13089,2085,18.066406,25000000.000
13090,2096,23.437500,25000000.000
13091,2098,24.414062,25000000.000
13092,2115,32.714844,25000000.000
13093,2121,35.644531,25000000.000
13094,2127,38.574219,25000000.000
13095,2126,38.085938,25000000.000
13096,2131,40.527344,25000000.000
13097,2130,40.039062,25000000.000
13098,2127,38.574219,25000000.000
13099,2127,38.574219,25000000.000
13100,2116,33.203125,25000000.000
13101,2108,29.296875,25000000.000
13102,2100,25.390625,25000000.000
13103,2098,24.414062,25000000.000
13104,2076,13.671875,25000000.000
13105,2063,7.324219,25000000.000
13106,2047,-0.488281,25000000.000
13107,2047,-0.488281,25000000.000
13108,2021,-13.183594,25000000.000
13109,2008,-19.531250,25000000.000
13110,1995,-25.878906,25000000.000
13111,1994,-26.367188,25000000.000
13112,1976,-35.156250,25000000.000
13113,1970,-38.085938,25000000.000
13114,1965,-40.527344,25000000.000
13115,1966,-40.039062,25000000.000
13116,1963,-41.503906,25000000.000
13117,1963,-41.503906,25000000.000
13118,1966,-40.039062,25000000.000
13119,1967,-39.550781,25000000.000
13120,1977,-34.667969,25000000.000
13121,1984,-31.250000,25000000.000
13122,1992,-27.343750,25000000.000
13123,1994,-26.367188,25000000.000
13124,2014,-16.601562,25000000.000
13125,2025,-11.230469,25000000.000
13126,2037,-5.371094,25000000.000
13127,2038,-4.882812,25000000.000
13128,2063,7.324219,25000000.000
13129,2075,13.183594,25000000.000
13130,2088,19.531250,25000000.000
13131,2089,20.019531,25000000.000
13132,2109,29.785156,25000000.000
13133,2116,33.203125,25000000.000
13134,2123,36.621094,25000000.000
13135,2122,36.132812,25000000.000
13136,2130,40.039062,25000000.000
13137,2131,40.527344,25000000.000
13138,2131,40.527344,25000000.000
13139,2131,40.527344,25000000.000
13140,2123,36.621094,25000000.000
13141,2116,33.203125,25000000.000
13142,2108,29.296875,25000000.000
13143,2107,28.808594,25000000.000
13144,2087,19.042969,25000000.000
13145,2074,12.695312,25000000.000
13146,2060,5.859375,25000000.000
13147,2058,4.882812,25000000.000
13148,2031,-8.300781,25000000.000
13149,2016,-15.625000,25000000.000
13150,2004,-21.484375,25000000.000
13151,2003,-21.972656,25000000.000
13152,1982,-32.226562,25000000.000
13153,1975,-35.644531,25000000.000
13154,1968,-39.062500,25000000.000
13155,1968,-39.062500,25000000.000
13156,1963,-41.503906,25000000.000
13157,1962,-41.992188,25000000.000
13158,1965,-40.527344,25000000.000
13159,1965,-40.527344,25000000.000
13160,1972,-37.109375,25000000.000
13161,1980,-33.203125,25000000.000
13162,1987,-29.785156,25000000.000
13163,1987,-29.785156,25000000.000
13164,2005,-20.996094,25000000.000
13165,2016,-15.625000,25000000.000
13166,2028,-9.765625,25000000.000
13167,2028,-9.765625,25000000.000
13168,2052,1.953125,25000000.000
13169,2066,8.789062,25000000.000
13170,2079,15.136719,25000000.000
13171,2081,16.113281,25000000.000
13172,2103,26.855469,25000000.000
13173,2111,30.761719,25000000.000
13174,2118,34.179688,25000000.000
13175,2120,35.156250,25000000.000
13176,2130,40.039062,25000000.000
13177,2131,40.527344,25000000.000
13178,2132,41.015625,25000000.000
13179,2132,41.015625,25000000.000
13180,2127,38.574219,25000000.000
13181,2122,36.132812,25000000.000
13182,2114,32.226562,25000000.000
13183,2114,32.226562,25000000.000
13184,2096,23.437500,25000000.000
13185,2084,17.578125,25000000.000
13186,2071,11.230469,25000000.000
13187,2068,9.765625,25000000.000
13188,2041,-3.417969,25000000.000
13189,2028,-9.765625,25000000.000
13190,2015,-16.113281,25000000.000
13191,2013,-17.089844,25000000.000
13192,1991,-27.832031,25000000.000
13193,1982,-32.226562,25000000.000
13194,1973,-36.621094,25000000.000
13195,1973,-36.621094,25000000.000
13196,1964,-41.015625,25000000.000
13197,1962,-41.992188,25000000.000
13198,1962,-41.992188,25000000.000
13199,1962,-41.992188,25000000.000
13200,1968,-39.062500,25000000.000
13201,1972,-37.109375,25000000.000
13202,1979,-33.691406,25000000.000
13203,1979,-33.691406,25000000.000
13204,1995,-25.878906,25000000.000
13205,2006,-20.507812,25000000.000
13206,2016,-15.625000,25000000.000
13207,2017,-15.136719,25000000.000
13208,2042,-2.929688,25000000.000
13209,2055,3.417969,25000000.000
13210,2067,9.277344,25000000.000
13211,2068,9.765625,25000000.000
13212,2092,21.484375,25000000.000
13213,2103,26.855469,25000000.000
13214,2111,30.761719,25000000.000
13215,2112,31.250000,25000000.000
13216,2124,37.109375,25000000.000
13217,2128,39.062500,25000000.000
13218,2130,40.039062,25000000.000
13219,2130,40.039062,25000000.000
13220,2129,39.550781,25000000.000
13221,2125,37.597656,25000000.000
13222,2120,35.156250,25000000.000
13223,2119,34.667969,25000000.000
13224,2103,26.855469,25000000.000
13225,2093,21.972656,25000000.000
13226,2081,16.113281,25000000.000
13227,2080,15.625000,25000000.000
13228,2054,2.929688,25000000.000
13229,2039,-4.394531,25000000.000
13230,2026,-10.742188,25000000.000
13231,2025,-11.230469,25000000.000
13232,2000,-23.437500,25000000.000
13233,1989,-28.808594,25000000.000
13234,1979,-33.691406,25000000.000
13235,1979,-33.691406,25000000.000
13236,1967,-39.550781,25000000.000
13237,1964,-41.015625,25000000.000
13238,1963,-41.503906,25000000.000
13239,1963,-41.503906,25000000.000
13240,1964,-41.015625,25000000.000
13241,1970,-38.085938,25000000.000
13242,1974,-36.132812,25000000.000
13243,1975,-35.644531,25000000.000
13244,1988,-29.296875,25000000.000
13245,1998,-24.414062,25000000.000
13246,2009,-19.042969,25000000.000
13247,2009,-19.042969,25000000.000
13248,2031,-8.300781,25000000.000
13249,2043,-2.441406,25000000.000
13250,2057,4.394531,25000000.000
13251,2058,4.882812,25000000.000
13252,2082,16.601562,25000000.000
13253,2094,22.460938,25000000.000
13254,2104,27.343750,25000000.000
13255,2104,27.343750,25000000.000
13256,2119,34.667969,25000000.000
13257,2125,37.597656,25000000.000
13258,2128,39.062500,25000000.000
13259,2128,39.062500,25000000.000
13260,2129,39.550781,25000000.000
13261,2128,39.062500,25000000.000
13262,2123,36.621094,25000000.000
13263,2123,36.621094,25000000.000
13264,2111,30.761719,25000000.000
13265,2100,25.390625,25000000.000
13266,2091,20.996094,25000000.000
13267,2090,20.507812,25000000.000
13268,2065,8.300781,25000000.000
13269,2051,1.464844,25000000.000
13270,2037,-5.371094,25000000.000
13271,2035,-6.347656,25000000.000
13272,2011,-18.066406,25000000.000
13273,1998,-24.414062,25000000.000
13274,1988,-29.296875,25000000.000
13275,1987,-29.785156,25000000.000
13276,1971,-37.597656,25000000.000
13277,1966,-40.039062,25000000.000
13278,1962,-41.992188,25000000.000
13279,1964,-41.015625,25000000.000
13280,1963,-41.503906,25000000.000
13281,1965,-40.527344,25000000.000
13282,1970,-38.085938,25000000.000
13283,1970,-38.085938,25000000.000
13284,1981,-32.714844,25000000.000
13285,1988,-29.296875,25000000.000
13286,1999,-23.925781,25000000.000
13287,1999,-23.925781,25000000.000
13288,2021,-13.183594,25000000.000
13289,2033,-7.324219,25000000.000
13290,2046,-0.976562,25000000.000
13291,2048,0.000000,25000000.000
13292,2073,12.207031,25000000.000
13293,2084,17.578125,25000000.000
13294,2097,23.925781,25000000.000
13295,2097,23.925781,25000000.000
13296,2114,32.226562,25000000.000
13297,2122,36.132812,25000000.000
13298,2126,38.085938,25000000.000
13299,2128,39.062500,25000000.000
13300,2131,40.527344,25000000.000
13301,2130,40.039062,25000000.000
13302,2129,39.550781,25000000.000
13303,2130,40.039062,25000000.000
13304,2118,34.179688,25000000.000
13305,2110,30.273438,25000000.000
13306,2102,26.367188,25000000.000
13307,2102,26.367188,25000000.000
13308,2079,15.136719,25000000.000
13309,2064,7.812500,25000000.000
13310,2050,0.976562,25000000.000
13311,2049,0.488281,25000000.000
13312,2022,-12.695312,25000000.000
13313,2008,-19.531250,25000000.000
13314,1996,-25.390625,25000000.000
13315,1995,-25.878906,25000000.000
13316,1977,-34.667969,25000000.000
13317,1970,-38.085938,25000000.000
13318,1965,-40.527344,25000000.000
13319,1965,-40.527344,25000000.000
13320,1962,-41.992188,25000000.000
13321,1963,-41.503906,25000000.000
13322,1966,-40.039062,25000000.000
13323,1966,-40.039062,25000000.000
13324,1975,-35.644531,25000000.000
13325,1983,-31.738281,25000000.000
13326,1991,-27.832031,25000000.000
13327,1992,-27.343750,25000000.000
13328,2010,-18.554688,25000000.000
13329,2023,-12.207031,25000000.000
13330,2033,-7.324219,25000000.000
13331,2037,-5.371094,25000000.000
13332,2065,8.300781,25000000.000
13333,2074,12.695312,25000000.000
13334,2087,19.042969,25000000.000
13335,2088,19.531250,25000000.000
13336,2108,29.296875,25000000.000
13337,2117,33.691406,25000000.000
13338,2123,36.621094,25000000.000
13339,2124,37.109375,25000000.000
13340,2130,40.039062,25000000.000
13341,2131,40.527344,25000000.000
13342,2130,40.039062,25000000.000
13343,2131,40.527344,25000000.000
13344,2124,37.109375,25000000.000
13345,2118,34.179688,25000000.000
13346,2109,29.785156,25000000.000
13347,2109,29.785156,25000000.000
13348,2089,20.019531,25000000.000
13349,2076,13.671875,25000000.000
13350,2062,6.835938,25000000.000
13351,2061,6.347656,25000000.000
13352,2033,-7.324219,25000000.000
13353,2019,-14.160156,25000000.000
13354,2006,-20.507812,25000000.000
13355,2005,-20.996094,25000000.000
13356,1984,-31.250000,25000000.000
13357,1975,-35.644531,25000000.000
13358,1969,-38.574219,25000000.000
13359,1968,-39.062500,25000000.000
13360,1962,-41.992188,25000000.000
13361,1961,-42.480469,25000000.000
13362,1962,-41.992188,25000000.000
13363,1963,-41.503906,25000000.000
13364,1970,-38.085938,25000000.000
13365,1976,-35.156250,25000000.000
13366,1983,-31.738281,25000000.000
13367,1983,-31.738281,25000000.000
13368,2001,-22.949219,25000000.000
13369,2011,-18.066406,25000000.000
13370,2024,-11.718750,25000000.000
13371,2024,-11.718750,25000000.000
13372,2049,0.488281,25000000.000
13373,2063,7.324219,25000000.000
13374,2076,13.671875,25000000.000
13375,2077,14.160156,25000000.000
13376,2099,24.902344,25000000.000
13377,2109,29.785156,25000000.000
13378,2117,33.691406,25000000.000
13379,2118,34.179688,25000000.000
13380,2127,38.574219,25000000.000
13381,2131,40.527344,25000000.000
13382,2131,40.527344,25000000.000
13383,2130,40.039062,25000000.000
13384,2128,39.062500,25000000.000
13385,2123,36.621094,25000000.000
13386,2117,33.691406,25000000.000
13387,2116,33.203125,25000000.000
13388,2099,24.902344,25000000.000
13389,2088,19.531250,25000000.000
13390,2075,13.183594,25000000.000
13391,2073,12.207031,25000000.000
13392,2046,-0.976562,25000000.000
13393,2032,-7.812500,25000000.000
13394,2018,-14.648438,25000000.000
13395,2017,-15.136719,25000000.000
13396,1993,-26.855469,25000000.000
13397,1982,-32.226562,25000000.000
13398,1974,-36.132812,25000000.000
13399,1973,-36.621094,25000000.000
13400,1965,-40.527344,25000000.000
13401,1961,-42.480469,25000000.000
13402,1961,-42.480469,25000000.000
13403,1961,-42.480469,25000000.000
13404,1966,-40.039062,25000000.000
13405,1971,-37.597656,25000000.000
13406,1977,-34.667969,25000000.000
13407,1978,-34.179688,25000000.000
13408,1994,-26.367188,25000000.000
13409,2001,-22.949219,25000000.000
13410,2012,-17.578125,25000000.000
13411,2014,-16.601562,25000000.000
13412,2037,-5.371094,25000000.000
13413,2049,0.488281,25000000.000
13414,2063,7.324219,25000000.000
13415,2065,8.300781,25000000.000
13416,2088,19.531250,25000000.000
13417,2100,25.390625,25000000.000
13418,2110,30.273438,25000000.000
13419,2110,30.273438,25000000.000
13420,2124,37.109375,25000000.000
13421,2128,39.062500,25000000.000
13422,2131,40.527344,25000000.000
13423,2131,40.527344,25000000.000
13424,2129,39.550781,25000000.000
13425,2126,38.085938,25000000.000
13426,2121,35.644531,25000000.000
13427,2122,36.132812,25000000.000
13428,2107,28.808594,25000000.000
13429,2097,23.925781,25000000.000
13430,2086,18.554688,25000000.000
13431,2085,18.066406,25000000.000
13432,2060,5.859375,25000000.000
13433,2044,-1.953125,25000000.000
13434,2030,-8.789062,25000000.000
13435,2029,-9.277344,25000000.000
13436,2003,-21.972656,25000000.000
13437,1991,-27.832031,25000000.000
13438,1982,-32.226562,25000000.000
13439,1981,-32.714844,25000000.000
13440,1966,-40.039062,25000000.000
13441,1963,-41.503906,25000000.000
13442,1961,-42.480469,25000000.000
13443,1961,-42.480469,25000000.000
13444,1962,-41.992188,25000000.000
13445,1966,-40.039062,25000000.000
13446,1971,-37.597656,25000000.000
13447,1972,-37.109375,25000000.000
13448,1984,-31.250000,25000000.000
13449,1993,-26.855469,25000000.000
13450,2003,-21.972656,25000000.000
13451,2004,-21.484375,25000000.000
13452,2025,-11.230469,25000000.000
13453,2038,-4.882812,25000000.000
13454,2051,1.464844,25000000.000
13455,2052,1.953125,25000000.000
13456,2077,14.160156,25000000.000
13457,2090,20.507812,25000000.000
13458,2101,25.878906,25000000.000
13459,2102,26.367188,25000000.000
13460,2118,34.179688,25000000.000
13461,2123,36.621094,25000000.000
13462,2129,39.550781,25000000.000
13463,2128,39.062500,25000000.000
13464,2132,41.015625,25000000.000
13465,2130,40.039062,25000000.000
13466,2128,39.062500,25000000.000
13467,2127,38.574219,25000000.000
13468,2115,32.714844,25000000.000
13469,2106,28.320312,25000000.000
13470,2097,23.925781,25000000.000
13471,2096,23.437500,25000000.000
13472,2072,11.718750,25000000.000
13473,2058,4.882812,25000000.000
13474,2044,-1.953125,25000000.000
13475,2042,-2.929688,25000000.000
13476,2013,-17.089844,25000000.000
13477,2001,-22.949219,25000000.000
13478,1990,-28.320312,25000000.000
13479,1988,-29.296875,25000000.000
13480,1972,-37.109375,25000000.000
13481,1967,-39.550781,25000000.000
13482,1961,-42.480469,25000000.000
13483,1961,-42.480469,25000000.000
13484,1962,-41.992188,25000000.000
13485,1965,-40.527344,25000000.000
13486,1965,-40.527344,25000000.000
13487,1968,-39.062500,25000000.000
13488,1979,-33.691406,25000000.000
13489,1987,-29.785156,25000000.000
13490,1996,-25.390625,25000000.000
13491,1995,-25.878906,25000000.000
13492,2016,-15.625000,25000000.000
13493,2028,-9.765625,25000000.000
13494,2040,-3.906250,25000000.000
13495,2041,-3.417969,25000000.000
13496,2066,8.789062,25000000.000
13497,2079,15.136719,25000000.000
13498,2091,20.996094,25000000.000
13499,2092,21.484375,25000000.000
13500,2111,30.761719,25000000.000
13501,2119,34.667969,25000000.000
13502,2125,37.597656,25000000.000
13503,2125,37.597656,25000000.000
13504,2132,41.015625,25000000.000
13505,2132,41.015625,25000000.000
13506,2130,40.039062,25000000.000
13507,2130,40.039062,25000000.000
13508,2121,35.644531,25000000.000
13509,2114,32.226562,25000000.000
13510,2104,27.343750,25000000.000
13511,2104,27.343750,25000000.000
13512,2083,17.089844,25000000.000
13513,2070,10.742188,25000000.000
13514,2054,2.929688,25000000.000
13515,2055,3.417969,25000000.000
13516,2028,-9.765625,25000000.000
13517,2013,-17.089844,25000000.000
13518,2000,-23.437500,25000000.000
13519,2000,-23.437500,25000000.000
13520,1980,-33.203125,25000000.000
13521,1972,-37.109375,25000000.000
13522,1966,-40.039062,25000000.000
13523,1966,-40.039062,25000000.000
13524,1961,-42.480469,25000000.000
13525,1961,-42.480469,25000000.000
13526,1962,-41.992188,25000000.000
13527,1964,-41.015625,25000000.000
13528,1973,-36.621094,25000000.000
13529,1980,-33.203125,25000000.000
13530,1987,-29.785156,25000000.000
13531,1988,-29.296875,25000000.000
13532,2006,-20.507812,25000000.000
13533,2018,-14.648438,25000000.000
13534,2029,-9.277344,25000000.000
13535,2031,-8.300781,25000000.000
13536,2056,3.906250,25000000.000
13537,2069,10.253906,25000000.000
13538,2082,16.601562,25000000.000
13539,2082,16.601562,25000000.000
13540,2104,27.343750,25000000.000
13541,2113,31.738281,25000000.000
13542,2121,35.644531,25000000.000
13543,2121,35.644531,25000000.000
13544,2131,40.527344,25000000.000
13545,2132,41.015625,25000000.000
13546,2132,41.015625,25000000.000
13547,2132,41.015625,25000000.000
13548,2127,38.574219,25000000.000
13549,2121,35.644531,25000000.000
13550,2114,32.226562,25000000.000
13551,2112,31.250000,25000000.000
13552,2093,21.972656,25000000.000
13553,2082,16.601562,25000000.000
13554,2069,10.253906,25000000.000
13555,2067,9.277344,25000000.000
13556,2039,-4.394531,25000000.000
13557,2025,-11.230469,25000000.000
13558,2011,-18.066406,25000000.000
13559,2009,-19.042969,25000000.000
13560,1988,-29.296875,25000000.000
13561,1977,-34.667969,25000000.000
13562,1972,-37.109375,25000000.000
13563,1972,-37.109375,25000000.000
13564,1964,-41.015625,25000000.000
13565,1962,-41.992188,25000000.000
13566,1964,-41.015625,25000000.000
13567,1965,-40.527344,25000000.000
13568,1970,-38.085938,25000000.000
13569,1974,-36.132812,25000000.000
13570,1982,-32.226562,25000000.000
13571,1983,-31.738281,25000000.000
13572,1998,-24.414062,25000000.000
13573,2007,-20.019531,25000000.000
13574,2020,-13.671875,25000000.000
13575,2020,-13.671875,25000000.000
13576,2044,-1.953125,25000000.000
13577,2057,4.394531,25000000.000
13578,2071,11.230469,25000000.000
13579,2071,11.230469,25000000.000
13580,2094,22.460938,25000000.000
13581,2104,27.343750,25000000.000
13582,2114,32.226562,25000000.000
13583,2115,32.714844,25000000.000
13584,2127,38.574219,25000000.000
13585,2130,40.039062,25000000.000
13586,2131,40.527344,25000000.000
13587,2131,40.527344,25000000.000
13588,2128,39.062500,25000000.000
13589,2125,37.597656,25000000.000
13590,2119,34.667969,25000000.000
13591,2119,34.667969,25000000.000
13592,2101,25.878906,25000000.000
13593,2091,20.996094,25000000.000
13594,2078,14.648438,25000000.000
13595,2076,13.671875,25000000.000
13596,2050,0.976562,25000000.000
13597,2036,-5.859375,25000000.000
13598,2023,-12.207031,25000000.000
13599,2021,-13.183594,25000000.000
13600,1997,-24.902344,25000000.000
13601,1985,-30.761719,25000000.000
13602,1976,-35.156250,25000000.000
13603,1976,-35.156250,25000000.000
13604,1965,-40.527344,25000000.000
13605,1961,-42.480469,25000000.000
13606,1960,-42.968750,25000000.000
13607,1961,-42.480469,25000000.000
13608,1965,-40.527344,25000000.000
13609,1969,-38.574219,25000000.000
13610,1975,-35.644531,25000000.000
13611,1976,-35.156250,25000000.000
13612,1990,-28.320312,25000000.000
13613,2000,-23.437500,25000000.000
13614,2010,-18.554688,25000000.000
13615,2011,-18.066406,25000000.000
13616,2033,-7.324219,25000000.000
13617,2046,-0.976562,25000000.000
13618,2059,5.371094,25000000.000
13619,2061,6.347656,25000000.000
13620,2085,18.066406,25000000.000
13621,2096,23.437500,25000000.000
13622,2106,28.320312,25000000.000
13623,2107,28.808594,25000000.000
13624,2122,36.132812,25000000.000
13625,2128,39.062500,25000000.000
13626,2131,40.527344,25000000.000
13627,2130,40.039062,25000000.000
13628,2131,40.527344,25000000.000
13629,2129,39.550781,25000000.000
13630,2123,36.621094,25000000.000
13631,2124,37.109375,25000000.000
13632,2110,30.273438,25000000.000
13633,2100,25.390625,25000000.000
13634,2089,20.019531,25000000.000
13635,2088,19.531250,25000000.000
13636,2063,7.324219,25000000.000
13637,2048,0.000000,25000000.000
13638,2033,-7.324219,25000000.000
13639,2033,-7.324219,25000000.000
13640,2006,-20.507812,25000000.000
13641,1994,-26.367188,25000000.000
13642,1984,-31.250000,25000000.000
13643,1984,-31.250000,25000000.000
13644,1969,-38.574219,25000000.000
13645,1965,-40.527344,25000000.000
13646,1962,-41.992188,25000000.000
13647,1961,-42.480469,25000000.000
13648,1963,-41.503906,25000000.000
13649,1965,-40.527344,25000000.000
13650,1971,-37.597656,25000000.000
13651,1971,-37.597656,25000000.000
13652,1983,-31.738281,25000000.000
13653,1991,-27.832031,25000000.000
13654,2001,-22.949219,25000000.000
13655,2002,-22.460938,25000000.000
13656,2023,-12.207031,25000000.000
13657,2036,-5.859375,25000000.000
13658,2048,0.000000,25000000.000
13659,2049,0.488281,25000000.000
13660,2074,12.695312,25000000.000
13661,2087,19.042969,25000000.000
13662,2098,24.414062,25000000.000
13663,2099,24.902344,25000000.000
13664,2115,32.714844,25000000.000
13665,2123,36.621094,25000000.000
13666,2127,38.574219,25000000.000
13667,2127,38.574219,25000000.000
13668,2131,40.527344,25000000.000
13669,2130,40.039062,25000000.000
13670,2128,39.062500,25000000.000
13671,2127,38.574219,25000000.000
13672,2117,33.691406,25000000.000
13673,2108,29.296875,25000000.000
13674,2098,24.414062,25000000.000
13675,2097,23.925781,25000000.000
13676,2075,13.183594,25000000.000
13677,2061,6.347656,25000000.000
13678,2048,0.000000,25000000.000
13679,2047,-0.488281,25000000.000
13680,2017,-15.136719,25000000.000
13681,2009,-19.042969,25000000.000
13682,1994,-26.367188,25000000.000
13683,1992,-27.343750,25000000.000
13684,1975,-35.644531,25000000.000
13685,1968,-39.062500,25000000.000
13686,1964,-41.015625,25000000.000
13687,1963,-41.503906,25000000.000
13688,1962,-41.992188,25000000.000
13689,1963,-41.503906,25000000.000
13690,1967,-39.550781,25000000.000
13691,1967,-39.550781,25000000.000
13692,1977,-34.667969,25000000.000
13693,1985,-30.761719,25000000.000
13694,1994,-26.367188,25000000.000
13695,1994,-26.367188,25000000.000
13696,2013,-17.089844,25000000.000
13697,2027,-10.253906,25000000.000
13698,2038,-4.882812,25000000.000
13699,2040,-3.906250,25000000.000
13700,2063,7.324219,25000000.000
13701,2077,14.160156,25000000.000
13702,2088,19.531250,25000000.000
13703,2090,20.507812,25000000.000
13704,2110,30.273438,25000000.000
13705,2118,34.179688,25000000.000
13706,2124,37.109375,25000000.000
13707,2125,37.597656,25000000.000
13708,2131,40.527344,25000000.000
13709,2132,41.015625,25000000.000
13710,2131,40.527344,25000000.000
13711,2131,40.527344,25000000.000
13712,2123,36.621094,25000000.000
13713,2116,33.203125,25000000.000
13714,2107,28.808594,25000000.000
13715,2107,28.808594,25000000.000
13716,2086,18.554688,25000000.000
13717,2073,12.207031,25000000.000
13718,2060,5.859375,25000000.000
13719,2058,4.882812,25000000.000
13720,2030,-8.789062,25000000.000
13721,2017,-15.136719,25000000.000
13722,2002,-22.460938,25000000.000
13723,2001,-22.949219,25000000.000
13724,1981,-32.714844,25000000.000
13725,1974,-36.132812,25000000.000
13726,1967,-39.550781,25000000.000
13727,1966,-40.039062,25000000.000
13728,1962,-41.992188,25000000.000
13729,1963,-41.503906,25000000.000
13730,1965,-40.527344,25000000.000
13731,1964,-41.015625,25000000.000
13732,1974,-36.132812,25000000.000
13733,1978,-34.179688,25000000.000
13734,1987,-29.785156,25000000.000
13735,1988,-29.296875,25000000.000
13736,2005,-20.996094,25000000.000
13737,2015,-16.113281,25000000.000
13738,2029,-9.277344,25000000.000
13739,2031,-8.300781,25000000.000
13740,2051,1.464844,25000000.000
13741,2065,8.300781,25000000.000
13742,2078,14.648438,25000000.000
13743,2080,15.625000,25000000.000
13744,2101,25.878906,25000000.000
13745,2111,30.761719,25000000.000
13746,2119,34.667969,25000000.000
13747,2120,35.156250,25000000.000
13748,2129,39.550781,25000000.000
13749,2132,41.015625,25000000.000
13750,2131,40.527344,25000000.000
13751,2131,40.527344,25000000.000
13752,2127,38.574219,25000000.000
13753,2122,36.132812,25000000.000
13754,2115,32.714844,25000000.000
13755,2113,31.738281,25000000.000
13756,2095,22.949219,25000000.000
13757,2084,17.578125,25000000.000
13758,2071,11.230469,25000000.000
13759,2070,10.742188,25000000.000
13760,2042,-2.929688,25000000.000
13761,2028,-9.765625,25000000.000
13762,2014,-16.601562,25000000.000
13763,2012,-17.578125,25000000.000
13764,1990,-28.320312,25000000.000
13765,1980,-33.203125,25000000.000
13766,1972,-37.109375,25000000.000
13767,1971,-37.597656,25000000.000
13768,1962,-41.992188,25000000.000
13769,1961,-42.480469,25000000.000
13770,1961,-42.480469,25000000.000
13771,1960,-42.968750,25000000.000
13772,1966,-40.039062,25000000.000
13773,1973,-36.621094,25000000.000
13774,1978,-34.179688,25000000.000
13775,1979,-33.691406,25000000.000
13776,1995,-25.878906,25000000.000
13777,2006,-20.507812,25000000.000
13778,2016,-15.625000,25000000.000
13779,2018,-14.648438,25000000.000
13780,2041,-3.417969,25000000.000
13781,2054,2.929688,25000000.000
13782,2068,9.765625,25000000.000
13783,2069,10.253906,25000000.000
13784,2091,20.996094,25000000.000
13785,2102,26.367188,25000000.000
13786,2112,31.250000,25000000.000
13787,2113,31.738281,25000000.000
13788,2125,37.597656,25000000.000
13789,2129,39.550781,25000000.000
13790,2131,40.527344,25000000.000
13791,2132,41.015625,25000000.000
13792,2130,40.039062,25000000.000
13793,2126,38.085938,25000000.000
13794,2121,35.644531,25000000.000
13795,2120,35.156250,25000000.000
13796,2105,27.832031,25000000.000
13797,2094,22.460938,25000000.000
13798,2082,16.601562,25000000.000
13799,2080,15.625000,25000000.000
13800,2055,3.417969,25000000.000
13801,2040,-3.906250,25000000.000
13802,2026,-10.742188,25000000.000
13803,2026,-10.742188,25000000.000
13804,1998,-24.414062,25000000.000
13805,1986,-30.273438,25000000.000
13806,1978,-34.179688,25000000.000
13807,1978,-34.179688,25000000.000
13808,1965,-40.527344,25000000.000
13809,1962,-41.992188,25000000.000
13810,1961,-42.480469,25000000.000
13811,1960,-42.968750,25000000.000
13812,1964,-41.015625,25000000.000
13813,1968,-39.062500,25000000.000
13814,1973,-36.621094,25000000.000
13815,1973,-36.621094,25000000.000
13816,1987,-29.785156,25000000.000
13817,1997,-24.902344,25000000.000
13818,2007,-20.019531,25000000.000
13819,2007,-20.019531,25000000.000
13820,2030,-8.789062,25000000.000
13821,2043,-2.441406,25000000.000
13822,2055,3.417969,25000000.000
13823,2057,4.394531,25000000.000
13824,2081,16.113281,25000000.000
13825,2093,21.972656,25000000.000
13826,2104,27.343750,25000000.000
13827,2104,27.343750,25000000.000
13828,2120,35.156250,25000000.000
13829,2125,37.597656,25000000.000
13830,2130,40.039062,25000000.000
13831,2130,40.039062,25000000.000
13832,2132,41.015625,25000000.000
13833,2129,39.550781,25000000.000
13834,2126,38.085938,25000000.000
13835,2125,37.597656,25000000.000
13836,2112,31.250000,25000000.000
13837,2103,26.855469,25000000.000
13838,2092,21.484375,25000000.000
13839,2091,20.996094,25000000.000
13840,2068,9.765625,25000000.000
13841,2053,2.441406,25000000.000
13842,2038,-4.882812,25000000.000
13843,2036,-5.859375,25000000.000
13844,2010,-18.554688,25000000.000
13845,1997,-24.902344,25000000.000
13846,1987,-29.785156,25000000.000
13847,1985,-30.761719,25000000.000
13848,1970,-38.085938,25000000.000
13849,1965,-40.527344,25000000.000
13850,1962,-41.992188,25000000.000
13851,1961,-42.480469,25000000.000
13852,1960,-42.968750,25000000.000
13853,1964,-41.015625,25000000.000
13854,1968,-39.062500,25000000.000
13855,1968,-39.062500,25000000.000
13856,1981,-32.714844,25000000.000
13857,1989,-28.808594,25000000.000
13858,1999,-23.925781,25000000.000
13859,1998,-24.414062,25000000.000
13860,2020,-13.671875,25000000.000
13861,2032,-7.812500,25000000.000
13862,2045,-1.464844,25000000.000
13863,2047,-0.488281,25000000.000
13864,2071,11.230469,25000000.000
13865,2084,17.578125,25000000.000
13866,2096,23.437500,25000000.000
13867,2097,23.925781,25000000.000
13868,2114,32.226562,25000000.000
13869,2121,35.644531,25000000.000
13870,2127,38.574219,25000000.000
13871,2127,38.574219,25000000.000
13872,2132,41.015625,25000000.000
13873,2132,41.015625,25000000.000
13874,2129,39.550781,25000000.000
13875,2129,39.550781,25000000.000
13876,2119,34.667969,25000000.000
13877,2112,31.250000,25000000.000
13878,2102,26.367188,25000000.000
13879,2101,25.878906,25000000.000
13880,2078,14.648438,25000000.000
13881,2065,8.300781,25000000.000
13882,2051,1.464844,25000000.000
13883,2049,0.488281,25000000.000
13884,2020,-13.671875,25000000.000
13885,2008,-19.531250,25000000.000
13886,1995,-25.878906,25000000.000
13887,1993,-26.855469,25000000.000
13888,1976,-35.156250,25000000.000
13889,1969,-38.574219,25000000.000
13890,1966,-40.039062,25000000.000
13891,1964,-41.015625,25000000.000
13892,1962,-41.992188,25000000.000
13893,1964,-41.015625,25000000.000
13894,1966,-40.039062,25000000.000
13895,1966,-40.039062,25000000.000
13896,1977,-34.667969,25000000.000
13897,1984,-31.250000,25000000.000
13898,1992,-27.343750,25000000.000
13899,1993,-26.855469,25000000.000
13900,2012,-17.578125,25000000.000
13901,2022,-12.695312,25000000.000
13902,2036,-5.859375,25000000.000
13903,2037,-5.371094,25000000.000
13904,2061,6.347656,25000000.000
13905,2074,12.695312,25000000.000
13906,2085,18.066406,25000000.000
13907,2087,19.042969,25000000.000
13908,2109,29.785156,25000000.000
13909,2117,33.691406,25000000.000
13910,2123,36.621094,25000000.000
13911,2124,37.109375,25000000.000
13912,2131,40.527344,25000000.000
13913,2133,41.503906,25000000.000
13914,2133,41.503906,25000000.000
13915,2132,41.015625,25000000.000
13916,2124,37.109375,25000000.000
13917,2119,34.667969,25000000.000
13918,2111,30.761719,25000000.000
13919,2110,30.273438,25000000.000
13920,2090,20.507812,25000000.000
13921,2077,14.160156,25000000.000
13922,2063,7.324219,25000000.000
13923,2062,6.835938,25000000.000
13924,2035,-6.347656,25000000.000
13925,2020,-13.671875,25000000.000
13926,2007,-20.019531,25000000.000
13927,2006,-20.507812,25000000.000
13928,1984,-31.250000,25000000.000
13929,1975,-35.644531,25000000.000
13930,1969,-38.574219,25000000.000
13931,1969,-38.574219,25000000.000
13932,1962,-41.992188,25000000.000
13933,1961,-42.480469,25000000.000
13934,1963,-41.503906,25000000.000
13935,1963,-41.503906,25000000.000
13936,1971,-37.597656,25000000.000
13937,1976,-35.156250,25000000.000
13938,1985,-30.761719,25000000.000
13939,1985,-30.761719,25000000.000
13940,2002,-22.460938,25000000.000
13941,2012,-17.578125,25000000.000
13942,2023,-12.207031,25000000.000
13943,2025,-11.230469,25000000.000
13944,2049,0.488281,25000000.000
13945,2061,6.347656,25000000.000
13946,2075,13.183594,25000000.000
13947,2076,13.671875,25000000.000
13948,2099,24.902344,25000000.000
13949,2109,29.785156,25000000.000
13950,2117,33.691406,25000000.000
13951,2117,33.691406,25000000.000
13952,2128,39.062500,25000000.000
13953,2131,40.527344,25000000.000
13954,2132,41.015625,25000000.000
13955,2132,41.015625,25000000.000
13956,2128,39.062500,25000000.000
13957,2124,37.109375,25000000.000
13958,2118,34.179688,25000000.000
13959,2118,34.179688,25000000.000
13960,2099,24.902344,25000000.000
13961,2087,19.042969,25000000.000
13962,2075,13.183594,25000000.000
13963,2074,12.695312,25000000.000
13964,2047,-0.488281,25000000.000
13965,2033,-7.324219,25000000.000
13966,2018,-14.648438,25000000.000
13967,2017,-15.136719,25000000.000
13968,1992,-27.343750,25000000.000
13969,1983,-31.738281,25000000.000
13970,1975,-35.644531,25000000.000
13971,1973,-36.621094,25000000.000
13972,1963,-41.503906,25000000.000
13973,1961,-42.480469,25000000.000
13974,1960,-42.968750,25000000.000
13975,1960,-42.968750,25000000.000
13976,1966,-40.039062,25000000.000
13977,1971,-37.597656,25000000.000
13978,1977,-34.667969,25000000.000
13979,1978,-34.179688,25000000.000
13980,1992,-27.343750,25000000.000
13981,2002,-22.460938,25000000.000
13982,2014,-16.601562,25000000.000
13983,2015,-16.113281,25000000.000
13984,2037,-5.371094,25000000.000
13985,2050,0.976562,25000000.000
13986,2063,7.324219,25000000.000
13987,2065,8.300781,25000000.000
13988,2088,19.531250,25000000.000
13989,2099,24.902344,25000000.000
13990,2109,29.785156,25000000.000
13991,2110,30.273438,25000000.000
13992,2123,36.621094,25000000.000
13993,2128,39.062500,25000000.000
13994,2130,40.039062,25000000.000
13995,2131,40.527344,25000000.000
13996,2132,41.015625,25000000.000
13997,2126,38.085938,25000000.000
13998,2123,36.621094,25000000.000
13999,2121,35.644531,25000000.000
14000,2107,28.808594,25000000.000
14001,2097,23.925781,25000000.000
14002,2086,18.554688,25000000.000
14003,2083,17.089844,25000000.000
14004,2058,4.882812,25000000.000
14005,2043,-2.441406,25000000.000
14006,2029,-9.277344,25000000.000
14007,2028,-9.765625,25000000.000
14008,2003,-21.972656,25000000.000
14009,1991,-27.832031,25000000.000
14010,1981,-32.714844,25000000.000
14011,1981,-32.714844,25000000.000
14012,1966,-40.039062,25000000.000
14013,1963,-41.503906,25000000.000
14014,1961,-42.480469,25000000.000
14015,1961,-42.480469,25000000.000
14016,1963,-41.503906,25000000.000
14017,1967,-39.550781,25000000.000
14018,1973,-36.621094,25000000.000
14019,1972,-37.109375,25000000.000
14020,1986,-30.273438,25000000.000
14021,1994,-26.367188,25000000.000
14022,2004,-21.484375,25000000.000
14023,2005,-20.996094,25000000.000
14024,2027,-10.253906,25000000.000
14025,2038,-4.882812,25000000.000
14026,2052,1.953125,25000000.000
14027,2053,2.441406,25000000.000
14028,2075,13.183594,25000000.000
14029,2088,19.531250,25000000.000
14030,2101,25.878906,25000000.000
14031,2100,25.390625,25000000.000
14032,2119,34.667969,25000000.000
14033,2124,37.109375,25000000.000
14034,2128,39.062500,25000000.000
14035,2128,39.062500,25000000.000
14036,2130,40.039062,25000000.000
14037,2130,40.039062,25000000.000
14038,2126,38.085938,25000000.000
14039,2125,37.597656,25000000.000
14040,2114,32.226562,25000000.000
14041,2105,27.832031,25000000.000
14042,2095,22.949219,25000000.000
14043,2094,22.460938,25000000.000
14044,2070,10.742188,25000000.000
14045,2057,4.394531,25000000.000
14046,2042,-2.929688,25000000.000
14047,2041,-3.417969,25000000.000
14048,2014,-16.601562,25000000.000
14049,2000,-23.437500,25000000.000
14050,1989,-28.808594,25000000.000
14051,1988,-29.296875,25000000.000
14052,1972,-37.109375,25000000.000
14053,1965,-40.527344,25000000.000
14054,1962,-41.992188,25000000.000
14055,1962,-41.992188,25000000.000
14056,1961,-42.480469,25000000.000
14057,1964,-41.015625,25000000.000
14058,1967,-39.550781,25000000.000
14059,1967,-39.550781,25000000.000
14060,1979,-33.691406,25000000.000
14061,1987,-29.785156,25000000.000
14062,1996,-25.390625,25000000.000
14063,1997,-24.902344,25000000.000
14064,2018,-14.648438,25000000.000
14065,2030,-8.789062,25000000.000
14066,2042,-2.929688,25000000.000
14067,2043,-2.441406,25000000.000
14068,2067,9.277344,25000000.000
14069,2080,15.625000,25000000.000
14070,2093,21.972656,25000000.000
14071,2094,22.460938,25000000.000
14072,2113,31.738281,25000000.000
14073,2120,35.156250,25000000.000
14074,2125,37.597656,25000000.000
14075,2126,38.085938,25000000.000
14076,2131,40.527344,25000000.000
14077,2132,41.015625,25000000.000
14078,2130,40.039062,25000000.000
14079,2130,40.039062,25000000.000
14080,2120,35.156250,25000000.000
14081,2113,31.738281,25000000.000
14082,2105,27.832031,25000000.000
14083,2104,27.343750,25000000.000
14084,2082,16.601562,25000000.000
14085,2070,10.742188,25000000.000
14086,2055,3.417969,25000000.000
14087,2054,2.929688,25000000.000
14088,2025,-11.230469,25000000.000
14089,2013,-17.089844,25000000.000
14090,1999,-23.925781,25000000.000
14091,1999,-23.925781,25000000.000
14092,1980,-33.203125,25000000.000
14093,1971,-37.597656,25000000.000
14094,1967,-39.550781,25000000.000
14095,1966,-40.039062,25000000.000
14096,1961,-42.480469,25000000.000
14097,1962,-41.992188,25000000.000
14098,1964,-41.015625,25000000.000
14099,1965,-40.527344,25000000.000
14100,1974,-36.132812,25000000.000
14101,1980,-33.203125,25000000.000
14102,1988,-29.296875,25000000.000
14103,1990,-28.320312,25000000.000
14104,2008,-19.531250,25000000.000
14105,2019,-14.160156,25000000.000
14106,2030,-8.789062,25000000.000
14107,2033,-7.324219,25000000.000
14108,2056,3.906250,25000000.000
14109,2070,10.742188,25000000.000
14110,2083,17.089844,25000000.000
14111,2083,17.089844,25000000.000
14112,2104,27.343750,25000000.000
14113,2113,31.738281,25000000.000
14114,2121,35.644531,25000000.000
14115,2121,35.644531,25000000.000
14116,2130,40.039062,25000000.000
14117,2132,41.015625,25000000.000
14118,2131,40.527344,25000000.000
14119,2131,40.527344,25000000.000
14120,2126,38.085938,25000000.000
14121,2121,35.644531,25000000.000
14122,2113,31.738281,25000000.000
14123,2113,31.738281,25000000.000
14124,2092,21.484375,25000000.000
14125,2079,15.136719,25000000.000
14126,2066,8.789062,25000000.000
14127,2066,8.789062,25000000.000
14128,2038,-4.882812,25000000.000
14129,2022,-12.695312,25000000.000
14130,2009,-19.042969,25000000.000
14131,2007,-20.019531,25000000.000
14132,1985,-30.761719,25000000.000
14133,1976,-35.156250,25000000.000
14134,1969,-38.574219,25000000.000
14135,1969,-38.574219,25000000.000
14136,1961,-42.480469,25000000.000
14137,1961,-42.480469,25000000.000
14138,1961,-42.480469,25000000.000
14139,1962,-41.992188,25000000.000
14140,1969,-38.574219,25000000.000
14141,1974,-36.132812,25000000.000
14142,1982,-32.226562,25000000.000
14143,1983,-31.738281,25000000.000
14144,1999,-23.925781,25000000.000
14145,2009,-19.042969,25000000.000
14146,2021,-13.183594,25000000.000
14147,2022,-12.695312,25000000.000
14148,2046,-0.976562,25000000.000
14149,2059,5.371094,25000000.000
14150,2073,12.207031,25000000.000
14151,2075,13.183594,25000000.000
14152,2097,23.925781,25000000.000
14153,2107,28.808594,25000000.000
14154,2116,33.203125,25000000.000
14155,2116,33.203125,25000000.000
14156,2128,39.062500,25000000.000
14157,2130,40.039062,25000000.000
14158,2131,40.527344,25000000.000
14159,2132,41.015625,25000000.000
14160,2130,40.039062,25000000.000
14161,2124,37.109375,25000000.000
14162,2119,34.667969,25000000.000
14163,2118,34.179688,25000000.000
14164,2101,25.878906,25000000.000
14165,2090,20.507812,25000000.000
14166,2077,14.160156,25000000.000
14167,2077,14.160156,25000000.000
14168,2050,0.976562,25000000.000
14169,2035,-6.347656,25000000.000
14170,2020,-13.671875,25000000.000
14171,2019,-14.160156,25000000.000
14172,1995,-25.878906,25000000.000
14173,1984,-31.250000,25000000.000
14174,1975,-35.644531,25000000.000
14175,1975,-35.644531,25000000.000
14176,1964,-41.015625,25000000.000
14177,1962,-41.992188,25000000.000
14178,1961,-42.480469,25000000.000
14179,1961,-42.480469,25000000.000
14180,1964,-41.015625,25000000.000
14181,1969,-38.574219,25000000.000
14182,1975,-35.644531,25000000.000
14183,1976,-35.156250,25000000.000
14184,1990,-28.320312,25000000.000
14185,2000,-23.437500,25000000.000
14186,2011,-18.066406,25000000.000
14187,2011,-18.066406,25000000.000
14188,2035,-6.347656,25000000.000
14189,2047,-0.488281,25000000.000
14190,2059,5.371094,25000000.000
14191,2062,6.835938,25000000.000
14192,2086,18.554688,25000000.000
14193,2097,23.925781,25000000.000
14194,2107,28.808594,25000000.000
14195,2107,28.808594,25000000.000
14196,2122,36.132812,25000000.000
14197,2127,38.574219,25000000.000
14198,2129,39.550781,25000000.000
14199,2130,40.039062,25000000.000
14200,2130,40.039062,25000000.000
14201,2127,38.574219,25000000.000
14202,2123,36.621094,25000000.000
14203,2123,36.621094,25000000.000
14204,2109,29.785156,25000000.000
14205,2099,24.902344,25000000.000
14206,2089,20.019531,25000000.000
14207,2087,19.042969,25000000.000
14208,2063,7.324219,25000000.000
14209,2048,0.000000,25000000.000
14210,2035,-6.347656,25000000.000
14211,2032,-7.812500,25000000.000
14212,2006,-20.507812,25000000.000
14213,1994,-26.367188,25000000.000
14214,1983,-31.738281,25000000.000
14215,1983,-31.738281,25000000.000
14216,1968,-39.062500,25000000.000
14217,1963,-41.503906,25000000.000
14218,1962,-41.992188,25000000.000
14219,1962,-41.992188,25000000.000
14220,1964,-41.015625,25000000.000
14221,1966,-40.039062,25000000.000
14222,1971,-37.597656,25000000.000
14223,1971,-37.597656,25000000.000
14224,1984,-31.250000,25000000.000
14225,1992,-27.343750,25000000.000
14226,2002,-22.460938,25000000.000
14227,2002,-22.460938,25000000.000
14228,2022,-12.695312,25000000.000
14229,2036,-5.859375,25000000.000
14230,2048,0.000000,25000000.000
14231,2049,0.488281,25000000.000
14232,2075,13.183594,25000000.000
14233,2087,19.042969,25000000.000
14234,2098,24.414062,25000000.000
14235,2099,24.902344,25000000.000
14236,2117,33.691406,25000000.000
14237,2123,36.621094,25000000.000
14238,2128,39.062500,25000000.000
14239,2128,39.062500,25000000.000
14240,2131,40.527344,25000000.000
14241,2131,40.527344,25000000.000
14242,2127,38.574219,25000000.000
14243,2126,38.085938,25000000.000
14244,2116,33.203125,25000000.000
14245,2109,29.785156,25000000.000
14246,2098,24.414062,25000000.000
14247,2096,23.437500,25000000.000
14248,2073,12.207031,25000000.000
14249,2058,4.882812,25000000.000
14250,2045,-1.464844,25000000.000
14251,2043,-2.441406,25000000.000
14252,2016,-15.625000,25000000.000
14253,2003,-21.972656,25000000.000
14254,1991,-27.832031,25000000.000
14255,1991,-27.832031,25000000.000
14256,1973,-36.621094,25000000.000
14257,1967,-39.550781,25000000.000
14258,1962,-41.992188,25000000.000
14259,1963,-41.503906,25000000.000
14260,1961,-42.480469,25000000.000
14261,1963,-41.503906,25000000.000
14262,1966,-40.039062,25000000.000
14263,1967,-39.550781,25000000.000
14264,1978,-34.179688,25000000.000
14265,1985,-30.761719,25000000.000
14266,1994,-26.367188,25000000.000
14267,1996,-25.390625,25000000.000
14268,2015,-16.113281,25000000.000
14269,2027,-10.253906,25000000.000
14270,2039,-4.394531,25000000.000
14271,2040,-3.906250,25000000.000
14272,2066,8.789062,25000000.000
14273,2079,15.136719,25000000.000
14274,2091,20.996094,25000000.000
14275,2093,21.972656,25000000.000
14276,2111,30.761719,25000000.000
14277,2120,35.156250,25000000.000
14278,2126,38.085938,25000000.000
14279,2126,38.085938,25000000.000
14280,2131,40.527344,25000000.000
14281,2132,41.015625,25000000.000
14282,2131,40.527344,25000000.000
14283,2130,40.039062,25000000.000
14284,2123,36.621094,25000000.000
14285,2115,32.714844,25000000.000
14286,2107,28.808594,25000000.000
14287,2106,28.320312,25000000.000
14288,2085,18.066406,25000000.000
14289,2071,11.230469,25000000.000
14290,2058,4.882812,25000000.000
14291,2057,4.394531,25000000.000
14292,2029,-9.277344,25000000.000
14293,2014,-16.601562,25000000.000
14294,2001,-22.949219,25000000.000
14295,2000,-23.437500,25000000.000
14296,1980,-33.203125,25000000.000
14297,1972,-37.109375,25000000.000
14298,1967,-39.550781,25000000.000
14299,1965,-40.527344,25000000.000
14300,1961,-42.480469,25000000.000
14301,1961,-42.480469,25000000.000
14302,1963,-41.503906,25000000.000
14303,1964,-41.015625,25000000.000
14304,1973,-36.621094,25000000.000
14305,1978,-34.179688,25000000.000
14306,1987,-29.785156,25000000.000
14307,1987,-29.785156,25000000.000
14308,2005,-20.996094,25000000.000
14309,2016,-15.625000,25000000.000
14310,2027,-10.253906,25000000.000
14311,2030,-8.789062,25000000.000
14312,2054,2.929688,25000000.000
14313,2067,9.277344,25000000.000
14314,2081,16.113281,25000000.000
14315,2081,16.113281,25000000.000
14316,2103,26.855469,25000000.000
14317,2113,31.738281,25000000.000
14318,2121,35.644531,25000000.000
14319,2121,35.644531,25000000.000
14320,2130,40.039062,25000000.000
14321,2131,40.527344,25000000.000
14322,2132,41.015625,25000000.000
14323,2132,41.015625,25000000.000
14324,2125,37.597656,25000000.000
14325,2121,35.644531,25000000.000
14326,2115,32.714844,25000000.000
14327,2113,31.738281,25000000.000
14328,2094,22.460938,25000000.000
14329,2083,17.089844,25000000.000
14330,2070,10.742188,25000000.000
14331,2069,10.253906,25000000.000
14332,2041,-3.417969,25000000.000
14333,2027,-10.253906,25000000.000
14334,2013,-17.089844,25000000.000
14335,2011,-18.066406,25000000.000
14336,1989,-28.808594,25000000.000
14337,1979,-33.691406,25000000.000
14338,1971,-37.597656,25000000.000
14339,1971,-37.597656,25000000.000
14340,1962,-41.992188,25000000.000
14341,1961,-42.480469,25000000.000
14342,1962,-41.992188,25000000.000
14343,1963,-41.503906,25000000.000
14344,1968,-39.062500,25000000.000
14345,1973,-36.621094,25000000.000
14346,1980,-33.203125,25000000.000
14347,1980,-33.203125,25000000.000
14348,1997,-24.902344,25000000.000
14349,2007,-20.019531,25000000.000
14350,2018,-14.648438,25000000.000
14351,2019,-14.160156,25000000.000
14352,2043,-2.441406,25000000.000
14353,2056,3.906250,25000000.000
14354,2069,10.253906,25000000.000
14355,2069,10.253906,25000000.000
14356,2092,21.484375,25000000.000
14357,2103,26.855469,25000000.000
14358,2114,32.226562,25000000.000
14359,2113,31.738281,25000000.000
14360,2127,38.574219,25000000.000
14361,2130,40.039062,25000000.000
14362,2131,40.527344,25000000.000
14363,2131,40.527344,25000000.000
14364,2130,40.039062,25000000.000
14365,2125,37.597656,25000000.000
14366,2119,34.667969,25000000.000
14367,2119,34.667969,25000000.000
14368,2103,26.855469,25000000.000
14369,2094,22.460938,25000000.000
14370,2080,15.625000,25000000.000
14371,2080,15.625000,25000000.000
14372,2053,2.441406,25000000.000
14373,2039,-4.394531,25000000.000
14374,2024,-11.718750,25000000.000
14375,2023,-12.207031,25000000.000
14376,1995,-25.878906,25000000.000
14377,1988,-29.296875,25000000.000
14378,1981,-32.714844,25000000.000
14379,1975,-35.644531,25000000.000
14380,1964,-41.015625,25000000.000
14381,1961,-42.480469,25000000.000
14382,1960,-42.968750,25000000.000
14383,1960,-42.968750,25000000.000
14384,1963,-41.503906,25000000.000
14385,1968,-39.062500,25000000.000
14386,1974,-36.132812,25000000.000
14387,1974,-36.132812,25000000.000
14388,1988,-29.296875,25000000.000
14389,1998,-24.414062,25000000.000
14390,2007,-20.019531,25000000.000
14391,2009,-19.042969,25000000.000
14392,2030,-8.789062,25000000.000
14393,2043,-2.441406,25000000.000
14394,2057,4.394531,25000000.000
14395,2058,4.882812,25000000.000
14396,2083,17.089844,25000000.000
14397,2095,22.949219,25000000.000
14398,2106,28.320312,25000000.000
14399,2106,28.320312,25000000.000
14400,2121,35.644531,25000000.000
14401,2127,38.574219,25000000.000
14402,2130,40.039062,25000000.000
14403,2129,39.550781,25000000.000
14404,2131,40.527344,25000000.000
14405,2129,39.550781,25000000.000
14406,2125,37.597656,25000000.000
14407,2125,37.597656,25000000.000
14408,2112,31.250000,25000000.000
14409,2102,26.367188,25000000.000
14410,2091,20.996094,25000000.000
14411,2090,20.507812,25000000.000
14412,2066,8.789062,25000000.000
14413,2051,1.464844,25000000.000
14414,2036,-5.859375,25000000.000
14415,2035,-6.347656,25000000.000
14416,2009,-19.042969,25000000.000
14417,1996,-25.390625,25000000.000
14418,1985,-30.761719,25000000.000
14419,1984,-31.250000,25000000.000
14420,1970,-38.085938,25000000.000
14421,1965,-40.527344,25000000.000
14422,1961,-42.480469,25000000.000
14423,1960,-42.968750,25000000.000
14424,1961,-42.480469,25000000.000
14425,1964,-41.015625,25000000.000
14426,1969,-38.574219,25000000.000
14427,1969,-38.574219,25000000.000
14428,1982,-32.226562,25000000.000
14429,1990,-28.320312,25000000.000
14430,1998,-24.414062,25000000.000
14431,2000,-23.437500,25000000.000
14432,2021,-13.183594,25000000.000
14433,2034,-6.835938,25000000.000
14434,2047,-0.488281,25000000.000
14435,2046,-0.976562,25000000.000
14436,2073,12.207031,25000000.000
14437,2085,18.066406,25000000.000
14438,2097,23.925781,25000000.000
14439,2098,24.414062,25000000.000
14440,2117,33.691406,25000000.000
14441,2123,36.621094,25000000.000
14442,2128,39.062500,25000000.000
14443,2129,39.550781,25000000.000
14444,2132,41.015625,25000000.000
14445,2131,40.527344,25000000.000
14446,2129,39.550781,25000000.000
14447,2128,39.062500,25000000.000
14448,2118,34.179688,25000000.000
14449,2111,30.761719,25000000.000
14450,2101,25.878906,25000000.000
14451,2101,25.878906,25000000.000
14452,2078,14.648438,25000000.000
14453,2064,7.812500,25000000.000
14454,2053,2.441406,25000000.000
14455,2050,0.976562,25000000.000
14456,2019,-14.160156,25000000.000
14457,2009,-19.042969,25000000.000
14458,1993,-26.855469,25000000.000
14459,1993,-26.855469,25000000.000
14460,1974,-36.132812,25000000.000
14461,1969,-38.574219,25000000.000
14462,1965,-40.527344,25000000.000
14463,1964,-41.015625,25000000.000
14464,1962,-41.992188,25000000.000
14465,1963,-41.503906,25000000.000
14466,1966,-40.039062,25000000.000
14467,1967,-39.550781,25000000.000
14468,1977,-34.667969,25000000.000
14469,1984,-31.250000,25000000.000
14470,1992,-27.343750,25000000.000
14471,1993,-26.855469,25000000.000
14472,2012,-17.578125,25000000.000
14473,2024,-11.718750,25000000.000
14474,2035,-6.347656,25000000.000
14475,2036,-5.859375,25000000.000
14476,2060,5.859375,25000000.000
14477,2075,13.183594,25000000.000
14478,2087,19.042969,25000000.000
14479,2088,19.531250,25000000.000
14480,2109,29.785156,25000000.000
14481,2117,33.691406,25000000.000
14482,2122,36.132812,25000000.000
14483,2123,36.621094,25000000.000
14484,2130,40.039062,25000000.000
14485,2132,41.015625,25000000.000
14486,2130,40.039062,25000000.000
14487,2131,40.527344,25000000.000
14488,2124,37.109375,25000000.000
14489,2118,34.179688,25000000.000
14490,2110,30.273438,25000000.000
14491,2108,29.296875,25000000.000
14492,2087,19.042969,25000000.000
14493,2075,13.183594,25000000.000
14494,2061,6.347656,25000000.000
14495,2059,5.371094,25000000.000
14496,2033,-7.324219,25000000.000
14497,2019,-14.160156,25000000.000
14498,2005,-20.996094,25000000.000
14499,2004,-21.484375,25000000.000
14500,1982,-32.226562,25000000.000
14501,1975,-35.644531,25000000.000
14502,1968,-39.062500,25000000.000
14503,1969,-38.574219,25000000.000
14504,1962,-41.992188,25000000.000
14505,1960,-42.968750,25000000.000
14506,1963,-41.503906,25000000.000
14507,1963,-41.503906,25000000.000
14508,1970,-38.085938,25000000.000
14509,1977,-34.667969,25000000.000
14510,1984,-31.250000,25000000.000
14511,1985,-30.761719,25000000.000
14512,2003,-21.972656,25000000.000
14513,2014,-16.601562,25000000.000
14514,2025,-11.230469,25000000.000
14515,2026,-10.742188,25000000.000
14516,2051,1.464844,25000000.000
14517,2064,7.812500,25000000.000
14518,2076,13.671875,25000000.000
14519,2079,15.136719,25000000.000
14520,2101,25.878906,25000000.000
14521,2110,30.273438,25000000.000
14522,2118,34.179688,25000000.000
14523,2118,34.179688,25000000.000
14524,2129,39.550781,25000000.000
14525,2131,40.527344,25000000.000
14526,2132,41.015625,25000000.000
14527,2133,41.503906,25000000.000
14528,2128,39.062500,25000000.000
14529,2122,36.132812,25000000.000
14530,2116,33.203125,25000000.000
14531,2116,33.203125,25000000.000
14532,2098,24.414062,25000000.000
14533,2087,19.042969,25000000.000
14534,2073,12.207031,25000000.000
14535,2072,11.718750,25000000.000
14536,2046,-0.976562,25000000.000
14537,2030,-8.789062,25000000.000
14538,2016,-15.625000,25000000.000
14539,2015,-16.113281,25000000.000
14540,1992,-27.343750,25000000.000
14541,1981,-32.714844,25000000.000
14542,1973,-36.621094,25000000.000
14543,1973,-36.621094,25000000.000
14544,1963,-41.503906,25000000.000
14545,1961,-42.480469,25000000.000
14546,1961,-42.480469,25000000.000
14547,1961,-42.480469,25000000.000
14548,1967,-39.550781,25000000.000
14549,1971,-37.597656,25000000.000
14550,1978,-34.179688,25000000.000
14551,1979,-33.691406,25000000.000
14552,1995,-25.878906,25000000.000
14553,2004,-21.484375,25000000.000
14554,2015,-16.113281,25000000.000
14555,2016,-15.625000,25000000.000
14556,2039,-4.394531,25000000.000
14557,2052,1.953125,25000000.000
14558,2065,8.300781,25000000.000
14559,2065,8.300781,25000000.000
14560,2090,20.507812,25000000.000
14561,2101,25.878906,25000000.000
14562,2110,30.273438,25000000.000
14563,2112,31.250000,25000000.000
14564,2124,37.109375,25000000.000
14565,2129,39.550781,25000000.000
14566,2131,40.527344,25000000.000
14567,2131,40.527344,25000000.000
14568,2129,39.550781,25000000.000
14569,2127,38.574219,25000000.000
14570,2121,35.644531,25000000.000
14571,2120,35.156250,25000000.000
14572,2105,27.832031,25000000.000
14573,2095,22.949219,25000000.000
14574,2083,17.089844,25000000.000
14575,2083,17.089844,25000000.000
14576,2056,3.906250,25000000.000
14577,2041,-3.417969,25000000.000
14578,2028,-9.765625,25000000.000
14579,2023,-12.207031,25000000.000
14580,1999,-23.925781,25000000.000
14581,1988,-29.296875,25000000.000
14582,1977,-34.667969,25000000.000
14583,1978,-34.179688,25000000.000
14584,1965,-40.527344,25000000.000
14585,1964,-41.015625,25000000.000
14586,1962,-41.992188,25000000.000
14587,1961,-42.480469,25000000.000
14588,1962,-41.992188,25000000.000
14589,1967,-39.550781,25000000.000
14590,1972,-37.109375,25000000.000
14591,1973,-36.621094,25000000.000
14592,1986,-30.273438,25000000.000
14593,1996,-25.390625,25000000.000
14594,2005,-20.996094,25000000.000
14595,2006,-20.507812,25000000.000
14596,2028,-9.765625,25000000.000
14597,2041,-3.417969,25000000.000
14598,2054,2.929688,25000000.000
14599,2056,3.906250,25000000.000
14600,2081,16.113281,25000000.000
14601,2093,21.972656,25000000.000
14602,2103,26.855469,25000000.000
14603,2105,27.832031,25000000.000
14604,2119,34.667969,25000000.000
14605,2127,38.574219,25000000.000
14606,2130,40.039062,25000000.000
14607,2129,39.550781,25000000.000
14608,2131,40.527344,25000000.000
14609,2130,40.039062,25000000.000
14610,2125,37.597656,25000000.000
14611,2125,37.597656,25000000.000
14612,2113,31.738281,25000000.000
14613,2104,27.343750,25000000.000
14614,2095,22.949219,25000000.000
14615,2093,21.972656,25000000.000
14616,2069,10.253906,25000000.000
14617,2055,3.417969,25000000.000
14618,2041,-3.417969,25000000.000
14619,2041,-3.417969,25000000.000
14620,2011,-18.066406,25000000.000
14621,1998,-24.414062,25000000.000
14622,1987,-29.785156,25000000.000
14623,1987,-29.785156,25000000.000
14624,1970,-38.085938,25000000.000
14625,1965,-40.527344,25000000.000
14626,1961,-42.480469,25000000.000
14627,1961,-42.480469,25000000.000
14628,1961,-42.480469,25000000.000
14629,1964,-41.015625,25000000.000
14630,1969,-38.574219,25000000.000
14631,1967,-39.550781,25000000.000
14632,1980,-33.203125,25000000.000
14633,1989,-28.808594,25000000.000
14634,1998,-24.414062,25000000.000
14635,1997,-24.902344,25000000.000
14636,2018,-14.648438,25000000.000
14637,2031,-8.300781,25000000.000
14638,2043,-2.441406,25000000.000
14639,2043,-2.441406,25000000.000
14640,2070,10.742188,25000000.000
14641,2083,17.089844,25000000.000
14642,2094,22.460938,25000000.000
14643,2095,22.949219,25000000.000
14644,2114,32.226562,25000000.000
14645,2121,35.644531,25000000.000
14646,2126,38.085938,25000000.000
14647,2128,39.062500,25000000.000
14648,2132,41.015625,25000000.000
14649,2131,40.527344,25000000.000
14650,2130,40.039062,25000000.000
14651,2130,40.039062,25000000.000
14652,2122,36.132812,25000000.000
14653,2111,30.761719,25000000.000
14654,2101,25.878906,25000000.000
14655,2103,26.855469,25000000.000
14656,2081,16.113281,25000000.000
14657,2067,9.277344,25000000.000
14658,2053,2.441406,25000000.000
14659,2052,1.953125,25000000.000
14660,2025,-11.230469,25000000.000
14661,2011,-18.066406,25000000.000
14662,1998,-24.414062,25000000.000
14663,1997,-24.902344,25000000.000
14664,1977,-34.667969,25000000.000
14665,1970,-38.085938,25000000.000
14666,1966,-40.039062,25000000.000
14667,1964,-41.015625,25000000.000
14668,1960,-42.968750,25000000.000
14669,1962,-41.992188,25000000.000
14670,1963,-41.503906,25000000.000
14671,1964,-41.015625,25000000.000
14672,1973,-36.621094,25000000.000
14673,1981,-32.714844,25000000.000
14674,1989,-28.808594,25000000.000
14675,1989,-28.808594,25000000.000
14676,2008,-19.531250,25000000.000
14677,2021,-13.183594,25000000.000
14678,2032,-7.812500,25000000.000
14679,2033,-7.324219,25000000.000
14680,2059,5.371094,25000000.000
14681,2071,11.230469,25000000.000
14682,2084,17.578125,25000000.000
14683,2085,18.066406,25000000.000
14684,2106,28.320312,25000000.000
14685,2115,32.714844,25000000.000
14686,2122,36.132812,25000000.000
14687,2122,36.132812,25000000.000
14688,2131,40.527344,25000000.000
14689,2133,41.503906,25000000.000
14690,2132,41.015625,25000000.000
14691,2132,41.015625,25000000.000
14692,2126,38.085938,25000000.000
14693,2120,35.156250,25000000.000
14694,2112,31.250000,25000000.000
14695,2111,30.761719,25000000.000
14696,2092,21.484375,25000000.000
14697,2081,16.113281,25000000.000
14698,2066,8.789062,25000000.000
14699,2064,7.812500,25000000.000
14700,2037,-5.371094,25000000.000
14701,2023,-12.207031,25000000.000
14702,2009,-19.042969,25000000.000
14703,2009,-19.042969,25000000.000
14704,1986,-30.273438,25000000.000
14705,1977,-34.667969,25000000.000
14706,1970,-38.085938,25000000.000
14707,1969,-38.574219,25000000.000
14708,1962,-41.992188,25000000.000
14709,1962,-41.992188,25000000.000
14710,1963,-41.503906,25000000.000
14711,1963,-41.503906,25000000.000
14712,1969,-38.574219,25000000.000
14713,1977,-34.667969,25000000.000
14714,1984,-31.250000,25000000.000
14715,1985,-30.761719,25000000.000
14716,2001,-22.949219,25000000.000
14717,2011,-18.066406,25000000.000
14718,2023,-12.207031,25000000.000
14719,2024,-11.718750,25000000.000
14720,2046,-0.976562,25000000.000
14721,2061,6.347656,25000000.000
14722,2072,11.718750,25000000.000
14723,2073,12.207031,25000000.000
14724,2098,24.414062,25000000.000
14725,2111,30.761719,25000000.000
14726,2115,32.714844,25000000.000
14727,2119,34.667969,25000000.000
14728,2128,39.062500,25000000.000
14729,2130,40.039062,25000000.000
14730,2131,40.527344,25000000.000
14731,2130,40.039062,25000000.000
14732,2128,39.062500,25000000.000
14733,2123,36.621094,25000000.000
14734,2118,34.179688,25000000.000
14735,2116,33.203125,25000000.000
14736,2101,25.878906,25000000.000
14737,2090,20.507812,25000000.000
14738,2077,14.160156,25000000.000
14739,2077,14.160156,25000000.000
14740,2049,0.488281,25000000.000
14741,2035,-6.347656,25000000.000
14742,2021,-13.183594,25000000.000
14743,2019,-14.160156,25000000.000
14744,1994,-26.367188,25000000.000
14745,1984,-31.250000,25000000.000
14746,1975,-35.644531,25000000.000
14747,1974,-36.132812,25000000.000
14748,1964,-41.015625,25000000.000
14749,1961,-42.480469,25000000.000
14750,1960,-42.968750,25000000.000
14751,1961,-42.480469,25000000.000
14752,1965,-40.527344,25000000.000
14753,1971,-37.597656,25000000.000
14754,1977,-34.667969,25000000.000
14755,1977,-34.667969,25000000.000
14756,1992,-27.343750,25000000.000
14757,2001,-22.949219,25000000.000
14758,2012,-17.578125,25000000.000
14759,2013,-17.089844,25000000.000
14760,2036,-5.859375,25000000.000
14761,2048,0.000000,25000000.000
14762,2060,5.859375,25000000.000
14763,2063,7.324219,25000000.000
14764,2086,18.554688,25000000.000
14765,2098,24.414062,25000000.000
14766,2107,28.808594,25000000.000
14767,2110,30.273438,25000000.000
14768,2123,36.621094,25000000.000
14769,2129,39.550781,25000000.000
14770,2132,41.015625,25000000.000
14771,2131,40.527344,25000000.000
14772,2129,39.550781,25000000.000
14773,2127,38.574219,25000000.000
14774,2123,36.621094,25000000.000
14775,2122,36.132812,25000000.000
14776,2109,29.785156,25000000.000
14777,2098,24.414062,25000000.000
14778,2088,19.531250,25000000.000
14779,2087,19.042969,25000000.000
14780,2061,6.347656,25000000.000
14781,2047,-0.488281,25000000.000
14782,2032,-7.812500,25000000.000
14783,2030,-8.789062,25000000.000
14784,2004,-21.484375,25000000.000
14785,1992,-27.343750,25000000.000
14786,1980,-33.203125,25000000.000
14787,1982,-32.226562,25000000.000
14788,1967,-39.550781,25000000.000
14789,1961,-42.480469,25000000.000
14790,1960,-42.968750,25000000.000
14791,1960,-42.968750,25000000.000
14792,1962,-41.992188,25000000.000
14793,1966,-40.039062,25000000.000
14794,1971,-37.597656,25000000.000
14795,1971,-37.597656,25000000.000
14796,1985,-30.761719,25000000.000
14797,1993,-26.855469,25000000.000
14798,2002,-22.460938,25000000.000
14799,2004,-21.484375,25000000.000
14800,2025,-11.230469,25000000.000
14801,2038,-4.882812,25000000.000
14802,2049,0.488281,25000000.000
14803,2052,1.953125,25000000.000
14804,2076,13.671875,25000000.000
14805,2088,19.531250,25000000.000
14806,2099,24.902344,25000000.000
14807,2101,25.878906,25000000.000
14808,2118,34.179688,25000000.000
14809,2123,36.621094,25000000.000
14810,2128,39.062500,25000000.000
14811,2128,39.062500,25000000.000
14812,2131,40.527344,25000000.000
14813,2131,40.527344,25000000.000
14814,2127,38.574219,25000000.000
14815,2127,38.574219,25000000.000
14816,2115,32.714844,25000000.000
14817,2108,29.296875,25000000.000
14818,2099,24.902344,25000000.000
14819,2097,23.925781,25000000.000
14820,2073,12.207031,25000000.000
14821,2060,5.859375,25000000.000
14822,2045,-1.464844,25000000.000
14823,2044,-1.953125,25000000.000
14824,2017,-15.136719,25000000.000
14825,2002,-22.460938,25000000.000
14826,1991,-27.832031,25000000.000
14827,1990,-28.320312,25000000.000
14828,1972,-37.109375,25000000.000
14829,1966,-40.039062,25000000.000
14830,1963,-41.503906,25000000.000
14831,1963,-41.503906,25000000.000
14832,1961,-42.480469,25000000.000
14833,1964,-41.015625,25000000.000
14834,1966,-40.039062,25000000.000
14835,1966,-40.039062,25000000.000
14836,1979,-33.691406,25000000.000
14837,1986,-30.273438,25000000.000
14838,1996,-25.390625,25000000.000
14839,1996,-25.390625,25000000.000
14840,2016,-15.625000,25000000.000
14841,2028,-9.765625,25000000.000
14842,2041,-3.417969,25000000.000
14843,2041,-3.417969,25000000.000
14844,2066,8.789062,25000000.000
14845,2079,15.136719,25000000.000
14846,2091,20.996094,25000000.000
14847,2094,22.460938,25000000.000
14848,2112,31.250000,25000000.000
14849,2119,34.667969,25000000.000
14850,2125,37.597656,25000000.000
14851,2127,38.574219,25000000.000
14852,2132,41.015625,25000000.000
14853,2132,41.015625,25000000.000
14854,2131,40.527344,25000000.000
14855,2130,40.039062,25000000.000
14856,2123,36.621094,25000000.000
14857,2116,33.203125,25000000.000
14858,2107,28.808594,25000000.000
14859,2106,28.320312,25000000.000
14860,2083,17.089844,25000000.000
14861,2071,11.230469,25000000.000
14862,2057,4.394531,25000000.000
14863,2056,3.906250,25000000.000
14864,2028,-9.765625,25000000.000
14865,2014,-16.601562,25000000.000
14866,2000,-23.437500,25000000.000
14867,1999,-23.925781,25000000.000
14868,1978,-34.179688,25000000.000
14869,1970,-38.085938,25000000.000
14870,1965,-40.527344,25000000.000
14871,1965,-40.527344,25000000.000
14872,1961,-42.480469,25000000.000
14873,1962,-41.992188,25000000.000
14874,1963,-41.503906,25000000.000
14875,1964,-41.015625,25000000.000
14876,1974,-36.132812,25000000.000
14877,1980,-33.203125,25000000.000
14878,1988,-29.296875,25000000.000
14879,1989,-28.808594,25000000.000
14880,2007,-20.019531,25000000.000
14881,2018,-14.648438,25000000.000
14882,2030,-8.789062,25000000.000
14883,2031,-8.300781,25000000.000
14884,2056,3.906250,25000000.000
14885,2070,10.742188,25000000.000
14886,2081,16.113281,25000000.000
14887,2083,17.089844,25000000.000
14888,2105,27.832031,25000000.000
14889,2113,31.738281,25000000.000
14890,2121,35.644531,25000000.000
14891,2122,36.132812,25000000.000
14892,2130,40.039062,25000000.000
14893,2132,41.015625,25000000.000
14894,2132,41.015625,25000000.000
14895,2131,40.527344,25000000.000
14896,2127,38.574219,25000000.000
14897,2121,35.644531,25000000.000
14898,2114,32.226562,25000000.000
14899,2113,31.738281,25000000.000
14900,2094,22.460938,25000000.000
14901,2082,16.601562,25000000.000
14902,2069,10.253906,25000000.000
14903,2067,9.277344,25000000.000
14904,2040,-3.906250,25000000.000
14905,2025,-11.230469,25000000.000
14906,2011,-18.066406,25000000.000
14907,2010,-18.554688,25000000.000
14908,1987,-29.785156,25000000.000
14909,1977,-34.667969,25000000.000
14910,1970,-38.085938,25000000.000
14911,1970,-38.085938,25000000.000
14912,1961,-42.480469,25000000.000
14913,1961,-42.480469,25000000.000
14914,1960,-42.968750,25000000.000
14915,1961,-42.480469,25000000.000
14916,1968,-39.062500,25000000.000
14917,1973,-36.621094,25000000.000
14918,1981,-32.714844,25000000.000
14919,1982,-32.226562,25000000.000
14920,1999,-23.925781,25000000.000
14921,2009,-19.042969,25000000.000
14922,2020,-13.671875,25000000.000
14923,2021,-13.183594,25000000.000
14924,2045,-1.464844,25000000.000
14925,2058,4.882812,25000000.000
14926,2070,10.742188,25000000.000
14927,2072,11.718750,25000000.000
14928,2096,23.437500,25000000.000
14929,2107,28.808594,25000000.000
14930,2115,32.714844,25000000.000
14931,2116,33.203125,25000000.000
14932,2128,39.062500,25000000.000
14933,2130,40.039062,25000000.000
14934,2133,41.503906,25000000.000
14935,2133,41.503906,25000000.000
14936,2129,39.550781,25000000.000
14937,2125,37.597656,25000000.000
14938,2120,35.156250,25000000.000
14939,2119,34.667969,25000000.000
14940,2104,27.343750,25000000.000
14941,2092,21.484375,25000000.000
14942,2080,15.625000,25000000.000
14943,2079,15.136719,25000000.000
14944,2052,1.953125,25000000.000
14945,2037,-5.371094,25000000.000
14946,2023,-12.207031,25000000.000
14947,2021,-13.183594,25000000.000
14948,1997,-24.902344,25000000.000
14949,1985,-30.761719,25000000.000
14950,1975,-35.644531,25000000.000
14951,1975,-35.644531,25000000.000
14952,1963,-41.503906,25000000.000
14953,1961,-42.480469,25000000.000
14954,1960,-42.968750,25000000.000
14955,1959,-43.457031,25000000.000
14956,1963,-41.503906,25000000.000
14957,1968,-39.062500,25000000.000
14958,1974,-36.132812,25000000.000
14959,1974,-36.132812,25000000.000
14960,1989,-28.808594,25000000.000
14961,1999,-23.925781,25000000.000
14962,2010,-18.554688,25000000.000
14963,2012,-17.578125,25000000.000
14964,2033,-7.324219,25000000.000
14965,2046,-0.976562,25000000.000
14966,2059,5.371094,25000000.000
14967,2060,5.859375,25000000.000
14968,2085,18.066406,25000000.000
14969,2095,22.949219,25000000.000
14970,2106,28.320312,25000000.000
14971,2107,28.808594,25000000.000
14972,2123,36.621094,25000000.000
14973,2127,38.574219,25000000.000
14974,2130,40.039062,25000000.000
14975,2130,40.039062,25000000.000
14976,2133,41.503906,25000000.000
14977,2130,40.039062,25000000.000
14978,2126,38.085938,25000000.000
14979,2124,37.109375,25000000.000
14980,2111,30.761719,25000000.000
14981,2101,25.878906,25000000.000
14982,2091,20.996094,25000000.000
14983,2089,20.019531,25000000.000
14984,2064,7.812500,25000000.000
14985,2050,0.976562,25000000.000
14986,2035,-6.347656,25000000.000
14987,2034,-6.835938,25000000.000
14988,2006,-20.507812,25000000.000
14989,1993,-26.855469,25000000.000
14990,1983,-31.738281,25000000.000
14991,1983,-31.738281,25000000.000
14992,1967,-39.550781,25000000.000
14993,1963,-41.503906,25000000.000
14994,1959,-43.457031,25000000.000
14995,1960,-42.968750,25000000.000
14996,1961,-42.480469,25000000.000
14997,1965,-40.527344,25000000.000
14998,1968,-39.062500,25000000.000
14999,1970,-38.085938,25000000.000
15000,1982,-32.226562,25000000.000
15001,1991,-27.832031,25000000.000
15002,2001,-22.949219,25000000.000
15003,2002,-22.460938,25000000.000
15004,2023,-12.207031,25000000.000
15005,2035,-6.347656,25000000.000
15006,2048,0.000000,25000000.000
15007,2051,1.464844,25000000.000
15008,2074,12.695312,25000000.000
15009,2087,19.042969,25000000.000
15010,2098,24.414062,25000000.000
15011,2099,24.902344,25000000.000
15012,2117,33.691406,25000000.000
15013,2124,37.109375,25000000.000
15014,2129,39.550781,25000000.000
15015,2129,39.550781,25000000.000
15016,2133,41.503906,25000000.000
15017,2131,40.527344,25000000.000
15018,2128,39.062500,25000000.000
15019,2128,39.062500,25000000.000
15020,2117,33.691406,25000000.000
15021,2109,29.785156,25000000.000
15022,2101,25.878906,25000000.000
15023,2098,24.414062,25000000.000
15024,2076,13.671875,25000000.000
15025,2062,6.835938,25000000.000
15026,2047,-0.488281,25000000.000
15027,2046,-0.976562,25000000.000
15028,2018,-14.648438,25000000.000
15029,2005,-20.996094,25000000.000
15030,1992,-27.343750,25000000.000
15031,1992,-27.343750,25000000.000
15032,1974,-36.132812,25000000.000
15033,1967,-39.550781,25000000.000
15034,1962,-41.992188,25000000.000
15035,1960,-42.968750,25000000.000
15036,1960,-42.968750,25000000.000
15037,1961,-42.480469,25000000.000
15038,1965,-40.527344,25000000.000
15039,1965,-40.527344,25000000.000
15040,1977,-34.667969,25000000.000
15041,1984,-31.250000,25000000.000
15042,1992,-27.343750,25000000.000
15043,1994,-26.367188,25000000.000
15044,2014,-16.601562,25000000.000
15045,2026,-10.742188,25000000.000
15046,2038,-4.882812,25000000.000
15047,2038,-4.882812,25000000.000
15048,2063,7.324219,25000000.000
15049,2076,13.671875,25000000.000
15050,2089,20.019531,25000000.000
15051,2090,20.507812,25000000.000
15052,2111,30.761719,25000000.000
15053,2119,34.667969,25000000.000
15054,2125,37.597656,25000000.000
15055,2126,38.085938,25000000.000
15056,2132,41.015625,25000000.000
15057,2133,41.503906,25000000.000
15058,2131,40.527344,25000000.000
15059,2132,41.015625,25000000.000
15060,2123,36.621094,25000000.000
15061,2117,33.691406,25000000.000
15062,2109,29.785156,25000000.000
15063,2108,29.296875,25000000.000
15064,2088,19.531250,25000000.000
15065,2075,13.183594,25000000.000
15066,2061,6.347656,25000000.000
15067,2059,5.371094,25000000.000
15068,2031,-8.300781,25000000.000
15069,2016,-15.625000,25000000.000
15070,2003,-21.972656,25000000.000
15071,2003,-21.972656,25000000.000
15072,1980,-33.203125,25000000.000
15073,1977,-34.667969,25000000.000
15074,1963,-41.503906,25000000.000
15075,1967,-39.550781,25000000.000
15076,1960,-42.968750,25000000.000
15077,1959,-43.457031,25000000.000
15078,1962,-41.992188,25000000.000
15079,1962,-41.992188,25000000.000
15080,1972,-37.109375,25000000.000
15081,1977,-34.667969,25000000.000
15082,1986,-30.273438,25000000.000
15083,1986,-30.273438,25000000.000
15084,2005,-20.996094,25000000.000
15085,2016,-15.625000,25000000.000
15086,2028,-9.765625,25000000.000
15087,2030,-8.789062,25000000.000
15088,2052,1.953125,25000000.000
15089,2066,8.789062,25000000.000
15090,2079,15.136719,25000000.000
15091,2080,15.625000,25000000.000
15092,2102,26.367188,25000000.000
15093,2112,31.250000,25000000.000
15094,2120,35.156250,25000000.000
15095,2121,35.644531,25000000.000
15096,2131,40.527344,25000000.000
15097,2134,41.992188,25000000.000
15098,2133,41.503906,25000000.000
15099,2134,41.992188,25000000.000
15100,2128,39.062500,25000000.000
15101,2124,37.109375,25000000.000
15102,2116,33.203125,25000000.000
15103,2116,33.203125,25000000.000
15104,2098,24.414062,25000000.000
15105,2086,18.554688,25000000.000
15106,2072,11.718750,25000000.000
15107,2072,11.718750,25000000.000
15108,2045,-1.464844,25000000.000
15109,2030,-8.789062,25000000.000
15110,2015,-16.113281,25000000.000
15111,2013,-17.089844,25000000.000
15112,1988,-29.296875,25000000.000
15113,1979,-33.691406,25000000.000
15114,1971,-37.597656,25000000.000
15115,1971,-37.597656,25000000.000
15116,1962,-41.992188,25000000.000
15117,1960,-42.968750,25000000.000
15118,1961,-42.480469,25000000.000
15119,1960,-42.968750,25000000.000
15120,1967,-39.550781,25000000.000
15121,1972,-37.109375,25000000.000
15122,1978,-34.179688,25000000.000
15123,1978,-34.179688,25000000.000
15124,1996,-25.390625,25000000.000
15125,2006,-20.507812,25000000.000
15126,2016,-15.625000,25000000.000
15127,2017,-15.136719,25000000.000
15128,2040,-3.906250,25000000.000
15129,2054,2.929688,25000000.000
15130,2067,9.277344,25000000.000
15131,2068,9.765625,25000000.000
15132,2092,21.484375,25000000.000
15133,2104,27.343750,25000000.000
15134,2112,31.250000,25000000.000
15135,2112,31.250000,25000000.000
15136,2127,38.574219,25000000.000
15137,2130,40.039062,25000000.000
15138,2133,41.503906,25000000.000
15139,2132,41.015625,25000000.000
15140,2132,41.015625,25000000.000
15141,2128,39.062500,25000000.000
15142,2122,36.132812,25000000.000
15143,2121,35.644531,25000000.000
15144,2106,28.320312,25000000.000
15145,2095,22.949219,25000000.000
15146,2083,17.089844,25000000.000
15147,2082,16.601562,25000000.000
15148,2056,3.906250,25000000.000
15149,2041,-3.417969,25000000.000
15150,2026,-10.742188,25000000.000
15151,2025,-11.230469,25000000.000
15152,2000,-23.437500,25000000.000
15153,1987,-29.785156,25000000.000
15154,1977,-34.667969,25000000.000
15155,1976,-35.156250,25000000.000
15156,1963,-41.503906,25000000.000
15157,1960,-42.968750,25000000.000
15158,1958,-43.945312,25000000.000
15159,1959,-43.457031,25000000.000
15160,1962,-41.992188,25000000.000
15161,1965,-40.527344,25000000.000
15162,1972,-37.109375,25000000.000
15163,1973,-36.621094,25000000.000
15164,1987,-29.785156,25000000.000
15165,1996,-25.390625,25000000.000
15166,2007,-20.019531,25000000.000
15167,2008,-19.531250,25000000.000
15168,2030,-8.789062,25000000.000
15169,2042,-2.929688,25000000.000
15170,2056,3.906250,25000000.000
15171,2057,4.394531,25000000.000
15172,2081,16.113281,25000000.000
15173,2093,21.972656,25000000.000
15174,2105,27.832031,25000000.000
15175,2105,27.832031,25000000.000
15176,2121,35.644531,25000000.000
15177,2126,38.085938,25000000.000
15178,2131,40.527344,25000000.000
15179,2132,41.015625,25000000.000
15180,2133,41.503906,25000000.000
15181,2130,40.039062,25000000.000
15182,2127,38.574219,25000000.000
15183,2125,37.597656,25000000.000
15184,2113,31.738281,25000000.000
15185,2104,27.343750,25000000.000
15186,2094,22.460938,25000000.000
15187,2092,21.484375,25000000.000
15188,2066,8.789062,25000000.000
15189,2053,2.441406,25000000.000
15190,2038,-4.882812,25000000.000
15191,2036,-5.859375,25000000.000
15192,2009,-19.042969,25000000.000
15193,1996,-25.390625,25000000.000
15194,1984,-31.250000,25000000.000
15195,1984,-31.250000,25000000.000
15196,1968,-39.062500,25000000.000
15197,1962,-41.992188,25000000.000
15198,1960,-42.968750,25000000.000
15199,1960,-42.968750,25000000.000
15200,1959,-43.457031,25000000.000
15201,1962,-41.992188,25000000.000
15202,1968,-39.062500,25000000.000
15203,1968,-39.062500,25000000.000
15204,1982,-32.226562,25000000.000
15205,1989,-28.808594,25000000.000
15206,1999,-23.925781,25000000.000
15207,2000,-23.437500,25000000.000
15208,2021,-13.183594,25000000.000
15209,2032,-7.812500,25000000.000
15210,2045,-1.464844,25000000.000
15211,2047,-0.488281,25000000.000
15212,2073,12.207031,25000000.000
15213,2084,17.578125,25000000.000
15214,2097,23.925781,25000000.000
15215,2098,24.414062,25000000.000
15216,2116,33.203125,25000000.000
15217,2124,37.109375,25000000.000
15218,2129,39.550781,25000000.000
15219,2130,40.039062,25000000.000
15220,2133,41.503906,25000000.000
15221,2133,41.503906,25000000.000
15222,2131,40.527344,25000000.000
15223,2131,40.527344,25000000.000
15224,2119,34.667969,25000000.000
15225,2111,30.761719,25000000.000
15226,2103,26.855469,25000000.000
15227,2102,26.367188,25000000.000
15228,2079,15.136719,25000000.000
15229,2065,8.300781,25000000.000
15230,2051,1.464844,25000000.000
15231,2050,0.976562,25000000.000
15232,2023,-12.207031,25000000.000
15233,2008,-19.531250,25000000.000
15234,1995,-25.878906,25000000.000
15235,1994,-26.367188,25000000.000
15236,1974,-36.132812,25000000.000
15237,1968,-39.062500,25000000.000
15238,1963,-41.503906,25000000.000
15239,1962,-41.992188,25000000.000
15240,1958,-43.945312,25000000.000
15241,1961,-42.480469,25000000.000
15242,1963,-41.503906,25000000.000
15243,1964,-41.015625,25000000.000
15244,1974,-36.132812,25000000.000
15245,1983,-31.738281,25000000.000
15246,1991,-27.832031,25000000.000
15247,1991,-27.832031,25000000.000
15248,2011,-18.066406,25000000.000
15249,2022,-12.695312,25000000.000
15250,2035,-6.347656,25000000.000
15251,2037,-5.371094,25000000.000
15252,2060,5.859375,25000000.000
15253,2074,12.695312,25000000.000
15254,2088,19.531250,25000000.000
15255,2087,19.042969,25000000.000
15256,2109,29.785156,25000000.000
15257,2117,33.691406,25000000.000
15258,2124,37.109375,25000000.000
15259,2125,37.597656,25000000.000
15260,2132,41.015625,25000000.000
15261,2135,42.480469,25000000.000
15262,2133,41.503906,25000000.000
15263,2133,41.503906,25000000.000
15264,2126,38.085938,25000000.000
15265,2120,35.156250,25000000.000
15266,2111,30.761719,25000000.000
15267,2111,30.761719,25000000.000
15268,2092,21.484375,25000000.000
15269,2079,15.136719,25000000.000
15270,2065,8.300781,25000000.000
15271,2063,7.324219,25000000.000
15272,2036,-5.859375,25000000.000
15273,2020,-13.671875,25000000.000
15274,2007,-20.019531,25000000.000
15275,2006,-20.507812,25000000.000
15276,1983,-31.738281,25000000.000
15277,1974,-36.132812,25000000.000
15278,1967,-39.550781,25000000.000
15279,1966,-40.039062,25000000.000
15280,1959,-43.457031,25000000.000
15281,1958,-43.945312,25000000.000
15282,1960,-42.968750,25000000.000
15283,1960,-42.968750,25000000.000
15284,1968,-39.062500,25000000.000
15285,1975,-35.644531,25000000.000
15286,1982,-32.226562,25000000.000
15287,1983,-31.738281,25000000.000
15288,2000,-23.437500,25000000.000
15289,2013,-17.089844,25000000.000
15290,2023,-12.207031,25000000.000
15291,2025,-11.230469,25000000.000
15292,2050,0.976562,25000000.000
15293,2061,6.347656,25000000.000
15294,2075,13.183594,25000000.000
15295,2076,13.671875,25000000.000
15296,2099,24.902344,25000000.000
15297,2109,29.785156,25000000.000
15298,2118,34.179688,25000000.000
15299,2118,34.179688,25000000.000
15300,2129,39.550781,25000000.000
15301,2133,41.503906,25000000.000
15302,2134,41.992188,25000000.000
15303,2133,41.503906,25000000.000
15304,2130,40.039062,25000000.000
15305,2125,37.597656,25000000.000
15306,2119,34.667969,25000000.000
15307,2118,34.179688,25000000.000
15308,2100,25.390625,25000000.000
15309,2089,20.019531,25000000.000
15310,2076,13.671875,25000000.000
15311,2073,12.207031,25000000.000
15312,2048,0.000000,25000000.000
15313,2032,-7.812500,25000000.000
15314,2018,-14.648438,25000000.000
15315,2016,-15.625000,25000000.000
15316,1992,-27.343750,25000000.000
15317,1981,-32.714844,25000000.000
15318,1972,-37.109375,25000000.000
15319,1971,-37.597656,25000000.000
15320,1960,-42.968750,25000000.000
15321,1960,-42.968750,25000000.000
15322,1958,-43.945312,25000000.000
15323,1959,-43.457031,25000000.000
15324,1964,-41.015625,25000000.000
15325,1968,-39.062500,25000000.000
15326,1974,-36.132812,25000000.000
15327,1976,-35.156250,25000000.000
15328,1993,-26.855469,25000000.000
15329,2002,-22.460938,25000000.000
15330,2014,-16.601562,25000000.000
15331,2014,-16.601562,25000000.000
15332,2036,-5.859375,25000000.000
15333,2050,0.976562,25000000.000
15334,2062,6.835938,25000000.000
15335,2064,7.812500,25000000.000
15336,2089,20.019531,25000000.000
15337,2100,25.390625,25000000.000
15338,2111,30.761719,25000000.000
15339,2110,30.273438,25000000.000
15340,2125,37.597656,25000000.000
15341,2129,39.550781,25000000.000
15342,2133,41.503906,25000000.000
15343,2132,41.015625,25000000.000
15344,2132,41.015625,25000000.000
15345,2128,39.062500,25000000.000
15346,2123,36.621094,25000000.000
15347,2123,36.621094,25000000.000
15348,2108,29.296875,25000000.000
15349,2097,23.925781,25000000.000
15350,2087,19.042969,25000000.000
15351,2085,18.066406,25000000.000
15352,2059,5.371094,25000000.000
15353,2044,-1.953125,25000000.000
15354,2030,-8.789062,25000000.000
15355,2027,-10.253906,25000000.000
15356,2002,-22.460938,25000000.000
15357,1990,-28.320312,25000000.000
15358,1979,-33.691406,25000000.000
15359,1979,-33.691406,25000000.000
15360,1965,-40.527344,25000000.000
15361,1961,-42.480469,25000000.000
15362,1958,-43.945312,25000000.000
15363,1960,-42.968750,25000000.000
15364,1961,-42.480469,25000000.000
15365,1965,-40.527344,25000000.000
15366,1970,-38.085938,25000000.000
15367,1971,-37.597656,25000000.000
15368,1985,-30.761719,25000000.000
15369,1994,-26.367188,25000000.000
15370,2004,-21.484375,25000000.000
15371,2005,-20.996094,25000000.000
15372,2028,-9.765625,25000000.000
15373,2039,-4.394531,25000000.000
15374,2053,2.441406,25000000.000
15375,2054,2.929688,25000000.000
15376,2079,15.136719,25000000.000
15377,2091,20.996094,25000000.000
15378,2102,26.367188,25000000.000
15379,2103,26.855469,25000000.000
15380,2120,35.156250,25000000.000
15381,2126,38.085938,25000000.000
15382,2130,40.039062,25000000.000
15383,2130,40.039062,25000000.000
15384,2134,41.992188,25000000.000
15385,2130,40.039062,25000000.000
15386,2128,39.062500,25000000.000
15387,2127,38.574219,25000000.000
15388,2115,32.714844,25000000.000
15389,2105,27.832031,25000000.000
15390,2096,23.437500,25000000.000
15391,2095,22.949219,25000000.000
15392,2071,11.230469,25000000.000
15393,2057,4.394531,25000000.000
15394,2042,-2.929688,25000000.000
15395,2042,-2.929688,25000000.000
15396,2014,-16.601562,25000000.000
15397,2000,-23.437500,25000000.000
15398,1989,-28.808594,25000000.000
15399,1988,-29.296875,25000000.000
15400,1971,-37.597656,25000000.000
15401,1964,-41.015625,25000000.000
15402,1960,-42.968750,25000000.000
15403,1960,-42.968750,25000000.000
15404,1959,-43.457031,25000000.000
15405,1961,-42.480469,25000000.000
15406,1965,-40.527344,25000000.000
15407,1966,-40.039062,25000000.000
15408,1978,-34.179688,25000000.000
15409,1986,-30.273438,25000000.000
15410,1995,-25.878906,25000000.000
15411,1996,-25.390625,25000000.000
15412,2017,-15.136719,25000000.000
15413,2028,-9.765625,25000000.000
15414,2042,-2.929688,25000000.000
15415,2042,-2.929688,25000000.000
15416,2068,9.765625,25000000.000
15417,2080,15.625000,25000000.000
15418,2092,21.484375,25000000.000
15419,2094,22.460938,25000000.000
15420,2113,31.738281,25000000.000
15421,2124,37.109375,25000000.000
15422,2131,40.527344,25000000.000
15423,2126,38.085938,25000000.000
15424,2133,41.503906,25000000.000
15425,2134,41.992188,25000000.000
15426,2132,41.015625,25000000.000
15427,2131,40.527344,25000000.000
15428,2122,36.132812,25000000.000
15429,2115,32.714844,25000000.000
15430,2106,28.320312,25000000.000
15431,2105,27.832031,25000000.000
15432,2084,17.578125,25000000.000
15433,2071,11.230469,25000000.000
15434,2057,4.394531,25000000.000
15435,2055,3.417969,25000000.000
15436,2027,-10.253906,25000000.000
15437,2013,-17.089844,25000000.000
15438,2000,-23.437500,25000000.000
15439,1998,-24.414062,25000000.000
15440,1977,-34.667969,25000000.000
15441,1970,-38.085938,25000000.000
15442,1964,-41.015625,25000000.000
15443,1963,-41.503906,25000000.000
15444,1960,-42.968750,25000000.000
15445,1961,-42.480469,25000000.000
15446,1964,-41.015625,25000000.000
15447,1963,-41.503906,25000000.000
15448,1973,-36.621094,25000000.000
15449,1979,-33.691406,25000000.000
15450,1989,-28.808594,25000000.000
15451,1988,-29.296875,25000000.000
15452,2006,-20.507812,25000000.000
15453,2019,-14.160156,25000000.000
15454,2031,-8.300781,25000000.000
15455,2035,-6.347656,25000000.000
15456,2058,4.882812,25000000.000
15457,2072,11.718750,25000000.000
15458,2084,17.578125,25000000.000
15459,2085,18.066406,25000000.000
15460,2106,28.320312,25000000.000
15461,2115,32.714844,25000000.000
15462,2123,36.621094,25000000.000
15463,2124,37.109375,25000000.000
15464,2132,41.015625,25000000.000
15465,2133,41.503906,25000000.000
15466,2134,41.992188,25000000.000
15467,2134,41.992188,25000000.000
15468,2126,38.085938,25000000.000
15469,2121,35.644531,25000000.000
15470,2114,32.226562,25000000.000
15471,2113,31.738281,25000000.000
15472,2094,22.460938,25000000.000
15473,2080,15.625000,25000000.000
15474,2068,9.765625,25000000.000
15475,2066,8.789062,25000000.000
15476,2039,-4.394531,25000000.000
15477,2024,-11.718750,25000000.000
15478,2010,-18.554688,25000000.000
15479,2009,-19.042969,25000000.000
15480,1986,-30.273438,25000000.000
15481,1976,-35.156250,25000000.000
15482,1968,-39.062500,25000000.000
15483,1967,-39.550781,25000000.000
15484,1961,-42.480469,25000000.000
15485,1959,-43.457031,25000000.000
15486,1960,-42.968750,25000000.000
15487,1961,-42.480469,25000000.000
15488,1967,-39.550781,25000000.000
15489,1972,-37.109375,25000000.000
15490,1981,-32.714844,25000000.000
15491,1982,-32.226562,25000000.000
15492,1998,-24.414062,25000000.000
15493,2010,-18.554688,25000000.000
15494,2021,-13.183594,25000000.000
15495,2021,-13.183594,25000000.000
15496,2046,-0.976562,25000000.000
15497,2059,5.371094,25000000.000
15498,2073,12.207031,25000000.000
15499,2073,12.207031,25000000.000
15500,2098,24.414062,25000000.000
15501,2108,29.296875,25000000.000
15502,2117,33.691406,25000000.000
15503,2118,34.179688,25000000.000
15504,2129,39.550781,25000000.000
15505,2132,41.015625,25000000.000
15506,2132,41.015625,25000000.000
15507,2133,41.503906,25000000.000
15508,2129,39.550781,25000000.000
15509,2125,37.597656,25000000.000
15510,2120,35.156250,25000000.000
15511,2119,34.667969,25000000.000
15512,2102,26.367188,25000000.000
15513,2091,20.996094,25000000.000
15514,2078,14.648438,25000000.000
15515,2076,13.671875,25000000.000
15516,2051,1.464844,25000000.000
15517,2036,-5.859375,25000000.000
15518,2021,-13.183594,25000000.000
15519,2020,-13.671875,25000000.000
15520,1995,-25.878906,25000000.000
15521,1983,-31.738281,25000000.000
15522,1975,-35.644531,25000000.000
15523,1974,-36.132812,25000000.000
15524,1962,-41.992188,25000000.000
15525,1960,-42.968750,25000000.000
15526,1961,-42.480469,25000000.000
15527,1960,-42.968750,25000000.000
15528,1962,-41.992188,25000000.000
15529,1967,-39.550781,25000000.000
15530,1974,-36.132812,25000000.000
15531,1976,-35.156250,25000000.000
15532,1990,-28.320312,25000000.000
15533,1999,-23.925781,25000000.000
15534,2010,-18.554688,25000000.000
15535,2011,-18.066406,25000000.000
15536,2033,-7.324219,25000000.000
15537,2047,-0.488281,25000000.000
15538,2060,5.859375,25000000.000
15539,2062,6.835938,25000000.000
15540,2086,18.554688,25000000.000
15541,2097,23.925781,25000000.000
15542,2108,29.296875,25000000.000
15543,2110,30.273438,25000000.000
15544,2123,36.621094,25000000.000
15545,2128,39.062500,25000000.000
15546,2133,41.503906,25000000.000
15547,2131,40.527344,25000000.000
15548,2132,41.015625,25000000.000
15549,2130,40.039062,25000000.000
15550,2125,37.597656,25000000.000
15551,2124,37.109375,25000000.000
15552,2110,30.273438,25000000.000
15553,2101,25.878906,25000000.000
15554,2089,20.019531,25000000.000
15555,2087,19.042969,25000000.000
15556,2062,6.835938,25000000.000
15557,2049,0.488281,25000000.000
15558,2034,-6.835938,25000000.000
15559,2033,-7.324219,25000000.000
15560,2005,-20.996094,25000000.000
15561,1993,-26.855469,25000000.000
15562,1982,-32.226562,25000000.000
15563,1982,-32.226562,25000000.000
15564,1967,-39.550781,25000000.000
15565,1962,-41.992188,25000000.000
15566,1960,-42.968750,25000000.000
15567,1960,-42.968750,25000000.000
15568,1960,-42.968750,25000000.000
15569,1964,-41.015625,25000000.000
15570,1968,-39.062500,25000000.000
15571,1970,-38.085938,25000000.000
15572,1982,-32.226562,25000000.000
15573,1992,-27.343750,25000000.000
15574,1999,-23.925781,25000000.000
15575,2002,-22.460938,25000000.000
15576,2023,-12.207031,25000000.000
15577,2036,-5.859375,25000000.000
15578,2049,0.488281,25000000.000
15579,2050,0.976562,25000000.000
15580,2075,13.183594,25000000.000
15581,2087,19.042969,25000000.000
15582,2099,24.902344,25000000.000
15583,2099,24.902344,25000000.000
15584,2117,33.691406,25000000.000
15585,2123,36.621094,25000000.000
15586,2128,39.062500,25000000.000
15587,2129,39.550781,25000000.000
15588,2133,41.503906,25000000.000
15589,2131,40.527344,25000000.000
15590,2128,39.062500,25000000.000
15591,2129,39.550781,25000000.000
15592,2117,33.691406,25000000.000
15593,2110,30.273438,25000000.000
15594,2099,24.902344,25000000.000
15595,2098,24.414062,25000000.000
15596,2075,13.183594,25000000.000
15597,2063,7.324219,25000000.000
15598,2047,-0.488281,25000000.000
15599,2045,-1.464844,25000000.000
15600,2018,-14.648438,25000000.000
15601,2005,-20.996094,25000000.000
15602,1992,-27.343750,25000000.000
15603,1991,-27.832031,25000000.000
15604,1974,-36.132812,25000000.000
15605,1967,-39.550781,25000000.000
15606,1962,-41.992188,25000000.000
15607,1963,-41.503906,25000000.000
15608,1959,-43.457031,25000000.000
15609,1961,-42.480469,25000000.000
15610,1966,-40.039062,25000000.000
15611,1966,-40.039062,25000000.000
15612,1977,-34.667969,25000000.000
15613,1985,-30.761719,25000000.000
15614,1994,-26.367188,25000000.000
15615,1995,-25.878906,25000000.000
15616,2014,-16.601562,25000000.000
15617,2025,-11.230469,25000000.000
15618,2037,-5.371094,25000000.000
15619,2040,-3.906250,25000000.000
15620,2065,8.300781,25000000.000
15621,2077,14.160156,25000000.000
15622,2089,20.019531,25000000.000
15623,2092,21.484375,25000000.000
15624,2111,30.761719,25000000.000
15625,2119,34.667969,25000000.000
15626,2126,38.085938,25000000.000
15627,2127,38.574219,25000000.000
15628,2133,41.503906,25000000.000
15629,2133,41.503906,25000000.000
15630,2131,40.527344,25000000.000
15631,2131,40.527344,25000000.000
15632,2123,36.621094,25000000.000
15633,2117,33.691406,25000000.000
15634,2108,29.296875,25000000.000
15635,2107,28.808594,25000000.000
15636,2085,18.066406,25000000.000
15637,2073,12.207031,25000000.000
15638,2058,4.882812,25000000.000
15639,2057,4.394531,25000000.000
15640,2029,-9.277344,25000000.000
15641,2015,-16.113281,25000000.000
15642,2002,-22.460938,25000000.000
15643,2000,-23.437500,25000000.000
15644,1980,-33.203125,25000000.000
15645,1972,-37.109375,25000000.000
15646,1966,-40.039062,25000000.000
15647,1965,-40.527344,25000000.000
15648,1960,-42.968750,25000000.000
15649,1960,-42.968750,25000000.000
15650,1963,-41.503906,25000000.000
15651,1962,-41.992188,25000000.000
15652,1971,-37.597656,25000000.000
15653,1978,-34.179688,25000000.000
15654,1987,-29.785156,25000000.000
15655,1986,-30.273438,25000000.000
15656,2006,-20.507812,25000000.000
15657,2017,-15.136719,25000000.000
15658,2030,-8.789062,25000000.000
15659,2030,-8.789062,25000000.000
15660,2055,3.417969,25000000.000
15661,2067,9.277344,25000000.000
15662,2081,16.113281,25000000.000
15663,2081,16.113281,25000000.000
15664,2103,26.855469,25000000.000
15665,2112,31.250000,25000000.000
15666,2120,35.156250,25000000.000
15667,2121,35.644531,25000000.000
15668,2129,39.550781,25000000.000
15669,2132,41.015625,25000000.000
15670,2133,41.503906,25000000.000
15671,2130,40.039062,25000000.000
15672,2123,36.621094,25000000.000
15673,2121,35.644531,25000000.000
15674,2112,31.250000,25000000.000
15675,2112,31.250000,25000000.000
15676,2095,22.949219,25000000.000
15677,2082,16.601562,25000000.000
15678,2069,10.253906,25000000.000
15679,2068,9.765625,25000000.000
15680,2040,-3.906250,25000000.000
15681,2027,-10.253906,25000000.000
15682,2012,-17.578125,25000000.000
15683,2010,-18.554688,25000000.000
15684,1988,-29.296875,25000000.000
15685,1978,-34.179688,25000000.000
15686,1972,-37.109375,25000000.000
15687,1971,-37.597656,25000000.000
15688,1962,-41.992188,25000000.000
15689,1961,-42.480469,25000000.000
15690,1961,-42.480469,25000000.000
15691,1962,-41.992188,25000000.000
15692,1968,-39.062500,25000000.000
15693,1974,-36.132812,25000000.000
15694,1981,-32.714844,25000000.000
15695,1981,-32.714844,25000000.000
15696,1998,-24.414062,25000000.000
15697,2007,-20.019531,25000000.000
15698,2019,-14.160156,25000000.000
15699,2019,-14.160156,25000000.000
15700,2044,-1.953125,25000000.000
15701,2057,4.394531,25000000.000
15702,2071,11.230469,25000000.000
15703,2071,11.230469,25000000.000
15704,2093,21.972656,25000000.000
15705,2105,27.832031,25000000.000
15706,2113,31.738281,25000000.000
15707,2115,32.714844,25000000.000
15708,2125,37.597656,25000000.000
15709,2129,39.550781,25000000.000
15710,2131,40.527344,25000000.000
15711,2130,40.039062,25000000.000
15712,2129,39.550781,25000000.000
15713,2124,37.109375,25000000.000
15714,2120,35.156250,25000000.000
15715,2118,34.179688,25000000.000
15716,2103,26.855469,25000000.000
15717,2093,21.972656,25000000.000
15718,2081,16.113281,25000000.000
15719,2080,15.625000,25000000.000
15720,2052,1.953125,25000000.000
15721,2038,-4.882812,25000000.000
15722,2024,-11.718750,25000000.000
15723,2023,-12.207031,25000000.000
15724,1997,-24.902344,25000000.000
15725,1986,-30.273438,25000000.000
15726,1977,-34.667969,25000000.000
15727,1976,-35.156250,25000000.000
15728,1963,-41.503906,25000000.000
15729,1961,-42.480469,25000000.000
15730,1959,-43.457031,25000000.000
15731,1960,-42.968750,25000000.000
15732,1963,-41.503906,25000000.000
15733,1966,-40.039062,25000000.000
15734,1972,-37.109375,25000000.000
15735,1973,-36.621094,25000000.000
15736,1989,-28.808594,25000000.000
15737,1997,-24.902344,25000000.000
15738,2009,-19.042969,25000000.000
15739,2010,-18.554688,25000000.000
15740,2033,-7.324219,25000000.000
15741,2045,-1.464844,25000000.000
15742,2059,5.371094,25000000.000
15743,2060,5.859375,25000000.000
15744,2084,17.578125,25000000.000
15745,2095,22.949219,25000000.000
15746,2106,28.320312,25000000.000
15747,2106,28.320312,25000000.000
15748,2121,35.644531,25000000.000
15749,2126,38.085938,25000000.000
15750,2130,40.039062,25000000.000
15751,2130,40.039062,25000000.000
15752,2130,40.039062,25000000.000
15753,2129,39.550781,25000000.000
15754,2124,37.109375,25000000.000
15755,2123,36.621094,25000000.000
15756,2110,30.273438,25000000.000
15757,2102,26.367188,25000000.000
15758,2091,20.996094,25000000.000
15759,2090,20.507812,25000000.000
15760,2065,8.300781,25000000.000
15761,2052,1.953125,25000000.000
15762,2037,-5.371094,25000000.000
15763,2036,-5.859375,25000000.000
15764,2007,-20.019531,25000000.000
15765,1995,-25.878906,25000000.000
15766,1984,-31.250000,25000000.000
15767,1983,-31.738281,25000000.000
15768,1967,-39.550781,25000000.000
15769,1959,-43.457031,25000000.000
15770,1961,-42.480469,25000000.000
15771,1955,-45.410156,25000000.000
15772,1961,-42.480469,25000000.000
15773,1963,-41.503906,25000000.000
15774,1968,-39.062500,25000000.000
15775,1968,-39.062500,25000000.000
15776,1982,-32.226562,25000000.000
15777,1989,-28.808594,25000000.000
15778,1999,-23.925781,25000000.000
15779,2000,-23.437500,25000000.000
15780,2022,-12.695312,25000000.000
15781,2034,-6.835938,25000000.000
15782,2048,0.000000,25000000.000
15783,2049,0.488281,25000000.000
15784,2074,12.695312,25000000.000
15785,2087,19.042969,25000000.000
15786,2097,23.925781,25000000.000
15787,2099,24.902344,25000000.000
15788,2117,33.691406,25000000.000
15789,2123,36.621094,25000000.000
15790,2127,38.574219,25000000.000
15791,2128,39.062500,25000000.000
15792,2132,41.015625,25000000.000
15793,2131,40.527344,25000000.000
15794,2129,39.550781,25000000.000
15795,2129,39.550781,25000000.000
15796,2119,34.667969,25000000.000
15797,2111,30.761719,25000000.000
15798,2101,25.878906,25000000.000
15799,2101,25.878906,25000000.000
15800,2077,14.160156,25000000.000
15801,2065,8.300781,25000000.000
15802,2050,0.976562,25000000.000
15803,2049,0.488281,25000000.000
15804,2021,-13.183594,25000000.000
15805,2007,-20.019531,25000000.000
15806,1995,-25.878906,25000000.000
15807,1994,-26.367188,25000000.000
15808,1975,-35.644531,25000000.000
15809,1968,-39.062500,25000000.000
15810,1962,-41.992188,25000000.000
15811,1963,-41.503906,25000000.000
15812,1961,-42.480469,25000000.000
15813,1960,-42.968750,25000000.000
15814,1965,-40.527344,25000000.000
15815,1965,-40.527344,25000000.000
15816,1975,-35.644531,25000000.000
15817,1983,-31.738281,25000000.000
15818,1991,-27.832031,25000000.000
15819,1993,-26.855469,25000000.000
15820,2012,-17.578125,25000000.000
15821,2024,-11.718750,25000000.000
15822,2038,-4.882812,25000000.000
15823,2038,-4.882812,25000000.000
15824,2063,7.324219,25000000.000
15825,2075,13.183594,25000000.000
15826,2088,19.531250,25000000.000
15827,2089,20.019531,25000000.000
15828,2109,29.785156,25000000.000
15829,2116,33.203125,25000000.000
15830,2123,36.621094,25000000.000
15831,2123,36.621094,25000000.000
15832,2131,40.527344,25000000.000
15833,2132,41.015625,25000000.000
15834,2131,40.527344,25000000.000
15835,2129,39.550781,25000000.000
15836,2123,36.621094,25000000.000
15837,2117,33.691406,25000000.000
15838,2109,29.785156,25000000.000
15839,2108,29.296875,25000000.000
15840,2089,20.019531,25000000.000
15841,2076,13.671875,25000000.000
15842,2063,7.324219,25000000.000
15843,2062,6.835938,25000000.000
15844,2034,-6.835938,25000000.000
15845,2019,-14.160156,25000000.000
15846,2006,-20.507812,25000000.000
15847,2005,-20.996094,25000000.000
15848,1983,-31.738281,25000000.000
15849,1975,-35.644531,25000000.000
15850,1968,-39.062500,25000000.000
15851,1968,-39.062500,25000000.000
15852,1961,-42.480469,25000000.000
15853,1960,-42.968750,25000000.000
15854,1962,-41.992188,25000000.000
15855,1962,-41.992188,25000000.000
15856,1970,-38.085938,25000000.000
15857,1976,-35.156250,25000000.000
15858,1984,-31.250000,25000000.000
15859,1985,-30.761719,25000000.000
15860,2004,-21.484375,25000000.000
15861,2014,-16.601562,25000000.000
15862,2026,-10.742188,25000000.000
15863,2028,-9.765625,25000000.000
15864,2051,1.464844,25000000.000
15865,2064,7.812500,25000000.000
15866,2077,14.160156,25000000.000
15867,2078,14.648438,25000000.000
15868,2100,25.390625,25000000.000
15869,2110,30.273438,25000000.000
15870,2117,33.691406,25000000.000
15871,2118,34.179688,25000000.000
15872,2129,39.550781,25000000.000
15873,2132,41.015625,25000000.000
15874,2131,40.527344,25000000.000
15875,2132,41.015625,25000000.000
15876,2127,38.574219,25000000.000
15877,2124,37.109375,25000000.000
15878,2117,33.691406,25000000.000
15879,2116,33.203125,25000000.000
15880,2098,24.414062,25000000.000
15881,2087,19.042969,25000000.000
15882,2074,12.695312,25000000.000
15883,2073,12.207031,25000000.000
15884,2045,-1.464844,25000000.000
15885,2031,-8.300781,25000000.000
15886,2017,-15.136719,25000000.000
15887,2015,-16.113281,25000000.000
15888,1991,-27.832031,25000000.000
15889,1980,-33.203125,25000000.000
15890,1973,-36.621094,25000000.000
15891,1972,-37.109375,25000000.000
15892,1962,-41.992188,25000000.000
15893,1960,-42.968750,25000000.000
15894,1959,-43.457031,25000000.000
15895,1960,-42.968750,25000000.000
15896,1965,-40.527344,25000000.000
15897,1971,-37.597656,25000000.000
15898,1978,-34.179688,25000000.000
15899,1979,-33.691406,25000000.000
15900,1993,-26.855469,25000000.000
15901,2004,-21.484375,25000000.000
15902,2016,-15.625000,25000000.000
15903,2017,-15.136719,25000000.000
15904,2040,-3.906250,25000000.000
15905,2052,1.953125,25000000.000
15906,2066,8.789062,25000000.000
15907,2066,8.789062,25000000.000
15908,2090,20.507812,25000000.000
15909,2100,25.390625,25000000.000
15910,2110,30.273438,25000000.000
15911,2111,30.761719,25000000.000
15912,2123,36.621094,25000000.000
15913,2127,38.574219,25000000.000
15914,2130,40.039062,25000000.000
15915,2131,40.527344,25000000.000
15916,2129,39.550781,25000000.000
15917,2126,38.085938,25000000.000
15918,2121,35.644531,25000000.000
15919,2120,35.156250,25000000.000
15920,2106,28.320312,25000000.000
15921,2096,23.437500,25000000.000
15922,2085,18.066406,25000000.000
15923,2082,16.601562,25000000.000
15924,2057,4.394531,25000000.000
15925,2042,-2.929688,25000000.000
15926,2028,-9.765625,25000000.000
15927,2027,-10.253906,25000000.000
15928,2001,-22.949219,25000000.000
15929,1988,-29.296875,25000000.000
15930,1979,-33.691406,25000000.000
15931,1978,-34.179688,25000000.000
15932,1965,-40.527344,25000000.000
15933,1961,-42.480469,25000000.000
15934,1959,-43.457031,25000000.000
15935,1959,-43.457031,25000000.000
15936,1963,-41.503906,25000000.000
15937,1966,-40.039062,25000000.000
15938,1971,-37.597656,25000000.000
15939,1973,-36.621094,25000000.000
15940,1986,-30.273438,25000000.000
15941,1994,-26.367188,25000000.000
15942,2006,-20.507812,25000000.000
15943,2006,-20.507812,25000000.000
15944,2029,-9.277344,25000000.000
15945,2041,-3.417969,25000000.000
15946,2056,3.906250,25000000.000
15947,2057,4.394531,25000000.000
15948,2080,15.625000,25000000.000
15949,2091,20.996094,25000000.000
15950,2103,26.855469,25000000.000
15951,2104,27.343750,25000000.000
15952,2119,34.667969,25000000.000
15953,2125,37.597656,25000000.000
15954,2129,39.550781,25000000.000
15955,2128,39.062500,25000000.000
15956,2130,40.039062,25000000.000
15957,2129,39.550781,25000000.000
15958,2125,37.597656,25000000.000
15959,2125,37.597656,25000000.000
15960,2113,31.738281,25000000.000
15961,2104,27.343750,25000000.000
15962,2095,22.949219,25000000.000
15963,2093,21.972656,25000000.000
15964,2069,10.253906,25000000.000
15965,2055,3.417969,25000000.000
15966,2041,-3.417969,25000000.000
15967,2040,-3.906250,25000000.000
15968,2012,-17.578125,25000000.000
15969,1998,-24.414062,25000000.000
15970,1987,-29.785156,25000000.000
15971,1986,-30.273438,25000000.000
15972,1970,-38.085938,25000000.000
15973,1964,-41.015625,25000000.000
15974,1961,-42.480469,25000000.000
15975,1960,-42.968750,25000000.000
15976,1961,-42.480469,25000000.000
15977,1963,-41.503906,25000000.000
15978,1967,-39.550781,25000000.000
15979,1967,-39.550781,25000000.000
15980,1980,-33.203125,25000000.000
15981,1988,-29.296875,25000000.000
15982,1997,-24.902344,25000000.000
15983,1998,-24.414062,25000000.000
15984,2020,-13.671875,25000000.000
15985,2031,-8.300781,25000000.000
15986,2045,-1.464844,25000000.000
15987,2047,-0.488281,25000000.000
15988,2070,10.742188,25000000.000
15989,2083,17.089844,25000000.000
15990,2095,22.949219,25000000.000
15991,2096,23.437500,25000000.000
15992,2114,32.226562,25000000.000
15993,2121,35.644531,25000000.000
15994,2127,38.574219,25000000.000
15995,2126,38.085938,25000000.000
15996,2131,40.527344,25000000.000
15997,2131,40.527344,25000000.000
15998,2129,39.550781,25000000.000
15999,2129,39.550781,25000000.000
16000,2120,35.156250,25000000.000
16001,2111,30.761719,25000000.000
16002,2103,26.855469,25000000.000
16003,2103,26.855469,25000000.000
16004,2081,16.113281,25000000.000
16005,2068,9.765625,25000000.000
16006,2053,2.441406,25000000.000
16007,2052,1.953125,25000000.000
16008,2025,-11.230469,25000000.000
16009,2009,-19.042969,25000000.000
16010,1997,-24.902344,25000000.000
16011,1996,-25.390625,25000000.000
16012,1977,-34.667969,25000000.000
16013,1970,-38.085938,25000000.000
16014,1965,-40.527344,25000000.000
16015,1964,-41.015625,25000000.000
16016,1960,-42.968750,25000000.000
16017,1960,-42.968750,25000000.000
16018,1965,-40.527344,25000000.000
16019,1965,-40.527344,25000000.000
16020,1974,-36.132812,25000000.000
16021,1982,-32.226562,25000000.000
16022,1990,-28.320312,25000000.000
16023,1991,-27.832031,25000000.000
16024,2011,-18.066406,25000000.000
16025,2022,-12.695312,25000000.000
16026,2034,-6.835938,25000000.000
16027,2035,-6.347656,25000000.000
16028,2060,5.859375,25000000.000
16029,2073,12.207031,25000000.000
16030,2084,17.578125,25000000.000
16031,2086,18.554688,25000000.000
16032,2106,28.320312,25000000.000
16033,2114,32.226562,25000000.000
16034,2121,35.644531,25000000.000
16035,2122,36.132812,25000000.000
16036,2130,40.039062,25000000.000
16037,2131,40.527344,25000000.000
16038,2131,40.527344,25000000.000
16039,2130,40.039062,25000000.000
16040,2125,37.597656,25000000.000
16041,2119,34.667969,25000000.000
16042,2111,30.761719,25000000.000
16043,2110,30.273438,25000000.000
16044,2091,20.996094,25000000.000
16045,2079,15.136719,25000000.000
16046,2065,8.300781,25000000.000
16047,2064,7.812500,25000000.000
16048,2036,-5.859375,25000000.000
16049,2022,-12.695312,25000000.000
16050,2008,-19.531250,25000000.000
16051,2007,-20.019531,25000000.000
16052,1985,-30.761719,25000000.000
16053,1976,-35.156250,25000000.000
16054,1968,-39.062500,25000000.000
16055,1968,-39.062500,25000000.000
16056,1960,-42.968750,25000000.000
16057,1960,-42.968750,25000000.000
16058,1961,-42.480469,25000000.000
16059,1961,-42.480469,25000000.000
16060,1969,-38.574219,25000000.000
16061,1976,-35.156250,25000000.000
16062,1982,-32.226562,25000000.000
16063,1983,-31.738281,25000000.000
16064,2001,-22.949219,25000000.000
16065,2012,-17.578125,25000000.000
16066,2024,-11.718750,25000000.000
16067,2025,-11.230469,25000000.000
16068,2049,0.488281,25000000.000
16069,2061,6.347656,25000000.000
16070,2075,13.183594,25000000.000
16071,2076,13.671875,25000000.000
16072,2098,24.414062,25000000.000
16073,2108,29.296875,25000000.000
16074,2116,33.203125,25000000.000
16075,2117,33.691406,25000000.000
16076,2128,39.062500,25000000.000
16077,2130,40.039062,25000000.000
16078,2131,40.527344,25000000.000
16079,2132,41.015625,25000000.000
16080,2129,39.550781,25000000.000
16081,2124,37.109375,25000000.000
16082,2118,34.179688,25000000.000
16083,2116,33.203125,25000000.000
16084,2100,25.390625,25000000.000
16085,2088,19.531250,25000000.000
16086,2076,13.671875,25000000.000
16087,2074,12.695312,25000000.000
16088,2049,0.488281,25000000.000
16089,2033,-7.324219,25000000.000
16090,2019,-14.160156,25000000.000
16091,2017,-15.136719,25000000.000
16092,1992,-27.343750,25000000.000
16093,1982,-32.226562,25000000.000
16094,1973,-36.621094,25000000.000
16095,1972,-37.109375,25000000.000
16096,1963,-41.503906,25000000.000
16097,1960,-42.968750,25000000.000
16098,1959,-43.457031,25000000.000
16099,1959,-43.457031,25000000.000
16100,1964,-41.015625,25000000.000
16101,1970,-38.085938,25000000.000
16102,1976,-35.156250,25000000.000
16103,1977,-34.667969,25000000.000
16104,1992,-27.343750,25000000.000
16105,2002,-22.460938,25000000.000
16106,2013,-17.089844,25000000.000
16107,2015,-16.113281,25000000.000
16108,2039,-4.394531,25000000.000
16109,2052,1.953125,25000000.000
16110,2065,8.300781,25000000.000
16111,2065,8.300781,25000000.000
16112,2089,20.019531,25000000.000
16113,2100,25.390625,25000000.000
16114,2108,29.296875,25000000.000
16115,2109,29.785156,25000000.000
16116,2123,36.621094,25000000.000
16117,2127,38.574219,25000000.000
16118,2130,40.039062,25000000.000
16119,2126,38.085938,25000000.000
16120,2131,40.527344,25000000.000
16121,2125,37.597656,25000000.000
16122,2122,36.132812,25000000.000
16123,2122,36.132812,25000000.000
16124,2108,29.296875,25000000.000
16125,2098,24.414062,25000000.000
16126,2085,18.066406,25000000.000
16127,2085,18.066406,25000000.000
16128,2059,5.371094,25000000.000
16129,2044,-1.953125,25000000.000
16130,2030,-8.789062,25000000.000
16131,2028,-9.765625,25000000.000
16132,2003,-21.972656,25000000.000
16133,1991,-27.832031,25000000.000
16134,1980,-33.203125,25000000.000
16135,1980,-33.203125,25000000.000
16136,1966,-40.039062,25000000.000
16137,1962,-41.992188,25000000.000
16138,1959,-43.457031,25000000.000
16139,1959,-43.457031,25000000.000
16140,1961,-42.480469,25000000.000
16141,1965,-40.527344,25000000.000
16142,1970,-38.085938,25000000.000
16143,1971,-37.597656,25000000.000
16144,1985,-30.761719,25000000.000
16145,1994,-26.367188,25000000.000
16146,2004,-21.484375,25000000.000
16147,2004,-21.484375,25000000.000
16148,2028,-9.765625,25000000.000
16149,2041,-3.417969,25000000.000
16150,2053,2.441406,25000000.000
16151,2055,3.417969,25000000.000
16152,2079,15.136719,25000000.000
16153,2090,20.507812,25000000.000
16154,2102,26.367188,25000000.000
16155,2103,26.855469,25000000.000
16156,2118,34.179688,25000000.000
16157,2125,37.597656,25000000.000
16158,2128,39.062500,25000000.000
16159,2128,39.062500,25000000.000
16160,2131,40.527344,25000000.000
16161,2131,40.527344,25000000.000
16162,2126,38.085938,25000000.000
16163,2126,38.085938,25000000.000
16164,2114,32.226562,25000000.000
16165,2106,28.320312,25000000.000
16166,2097,23.925781,25000000.000
16167,2096,23.437500,25000000.000
16168,2073,12.207031,25000000.000
16169,2059,5.371094,25000000.000
16170,2045,-1.464844,25000000.000
16171,2043,-2.441406,25000000.000
16172,2015,-16.113281,25000000.000
16173,2002,-22.460938,25000000.000
16174,1990,-28.320312,25000000.000
16175,1988,-29.296875,25000000.000
16176,1972,-37.109375,25000000.000
16177,1965,-40.527344,25000000.000
16178,1960,-42.968750,25000000.000
16179,1961,-42.480469,25000000.000
16180,1959,-43.457031,25000000.000
16181,1962,-41.992188,25000000.000
16182,1965,-40.527344,25000000.000
16183,1967,-39.550781,25000000.000
16184,1978,-34.179688,25000000.000
16185,1986,-30.273438,25000000.000
16186,1995,-25.878906,25000000.000
16187,1995,-25.878906,25000000.000
16188,2017,-15.136719,25000000.000
16189,2030,-8.789062,25000000.000
16190,2041,-3.417969,25000000.000
16191,2043,-2.441406,25000000.000
16192,2068,9.765625,25000000.000
16193,2080,15.625000,25000000.000
16194,2092,21.484375,25000000.000
16195,2093,21.972656,25000000.000
16196,2110,30.273438,25000000.000
16197,2119,34.667969,25000000.000
16198,2126,38.085938,25000000.000
16199,2125,37.597656,25000000.000
16200,2131,40.527344,25000000.000
16201,2131,40.527344,25000000.000
16202,2130,40.039062,25000000.000
16203,2129,39.550781,25000000.000
16204,2121,35.644531,25000000.000
16205,2115,32.714844,25000000.000
16206,2106,28.320312,25000000.000
16207,2105,27.832031,25000000.000
16208,2084,17.578125,25000000.000
16209,2071,11.230469,25000000.000
16210,2058,4.882812,25000000.000
16211,2056,3.906250,25000000.000
16212,2028,-9.765625,25000000.000
16213,2014,-16.601562,25000000.000
16214,2001,-22.949219,25000000.000
16215,1999,-23.925781,25000000.000
16216,1979,-33.691406,25000000.000
16217,1971,-37.597656,25000000.000
16218,1965,-40.527344,25000000.000
16219,1965,-40.527344,25000000.000
16220,1959,-43.457031,25000000.000
16221,1961,-42.480469,25000000.000
16222,1963,-41.503906,25000000.000
16223,1962,-41.992188,25000000.000
16224,1973,-36.621094,25000000.000
16225,1979,-33.691406,25000000.000
16226,1988,-29.296875,25000000.000
16227,1989,-28.808594,25000000.000
16228,2008,-19.531250,25000000.000
16229,2020,-13.671875,25000000.000
16230,2032,-7.812500,25000000.000
16231,2032,-7.812500,25000000.000
16232,2057,4.394531,25000000.000
16233,2071,11.230469,25000000.000
16234,2082,16.601562,25000000.000
16235,2083,17.089844,25000000.000
16236,2104,27.343750,25000000.000
16237,2114,32.226562,25000000.000
16238,2121,35.644531,25000000.000
16239,2123,36.621094,25000000.000
16240,2130,40.039062,25000000.000
16241,2132,41.015625,25000000.000
16242,2132,41.015625,25000000.000
16243,2131,40.527344,25000000.000
16244,2126,38.085938,25000000.000
16245,2120,35.156250,25000000.000
16246,2115,32.714844,25000000.000
16247,2114,32.226562,25000000.000
16248,2095,22.949219,25000000.000
16249,2083,17.089844,25000000.000
16250,2068,9.765625,25000000.000
16251,2068,9.765625,25000000.000
16252,2040,-3.906250,25000000.000
16253,2026,-10.742188,25000000.000
16254,2012,-17.578125,25000000.000
16255,2010,-18.554688,25000000.000
16256,1987,-29.785156,25000000.000
16257,1978,-34.179688,25000000.000
16258,1971,-37.597656,25000000.000
16259,1969,-38.574219,25000000.000
16260,1961,-42.480469,25000000.000
16261,1959,-43.457031,25000000.000
16262,1961,-42.480469,25000000.000
16263,1961,-42.480469,25000000.000
16264,1968,-39.062500,25000000.000
16265,1974,-36.132812,25000000.000
16266,1981,-32.714844,25000000.000
16267,1981,-32.714844,25000000.000
16268,1998,-24.414062,25000000.000
16269,2009,-19.042969,25000000.000
16270,2020,-13.671875,25000000.000
16271,2022,-12.695312,25000000.000
16272,2045,-1.464844,25000000.000
16273,2058,4.882812,25000000.000
16274,2071,11.230469,25000000.000
16275,2072,11.718750,25000000.000
16276,2094,22.460938,25000000.000
16277,2104,27.343750,25000000.000
16278,2113,31.738281,25000000.000
16279,2114,32.226562,25000000.000
16280,2127,38.574219,25000000.000
16281,2130,40.039062,25000000.000
16282,2131,40.527344,25000000.000
16283,2131,40.527344,25000000.000
16284,2129,39.550781,25000000.000
16285,2125,37.597656,25000000.000
16286,2120,35.156250,25000000.000
16287,2118,34.179688,25000000.000
16288,2103,26.855469,25000000.000
16289,2092,21.484375,25000000.000
16290,2080,15.625000,25000000.000
16291,2079,15.136719,25000000.000
16292,2053,2.441406,25000000.000
16293,2038,-4.882812,25000000.000
16294,2024,-11.718750,25000000.000
16295,2022,-12.695312,25000000.000
16296,1996,-25.390625,25000000.000
16297,1986,-30.273438,25000000.000
16298,1976,-35.156250,25000000.000
16299,1975,-35.644531,25000000.000
16300,1962,-41.992188,25000000.000
16301,1960,-42.968750,25000000.000
16302,1959,-43.457031,25000000.000
16303,1959,-43.457031,25000000.000
16304,1962,-41.992188,25000000.000
16305,1968,-39.062500,25000000.000
16306,1973,-36.621094,25000000.000
16307,1974,-36.132812,25000000.000
16308,1990,-28.320312,25000000.000
16309,1998,-24.414062,25000000.000
16310,2009,-19.042969,25000000.000
16311,2010,-18.554688,25000000.000
16312,2033,-7.324219,25000000.000
16313,2046,-0.976562,25000000.000
16314,2059,5.371094,25000000.000
16315,2061,6.347656,25000000.000
16316,2084,17.578125,25000000.000
16317,2096,23.437500,25000000.000
16318,2106,28.320312,25000000.000
16319,2107,28.808594,25000000.000
16320,2121,35.644531,25000000.000
16321,2128,39.062500,25000000.000
16322,2129,39.550781,25000000.000
16323,2130,40.039062,25000000.000
16324,2131,40.527344,25000000.000
16325,2128,39.062500,25000000.000
16326,2124,37.109375,25000000.000
16327,2124,37.109375,25000000.000
16328,2112,31.250000,25000000.000
16329,2102,26.367188,25000000.000
16330,2090,20.507812,25000000.000
16331,2089,20.019531,25000000.000
16332,2066,8.789062,25000000.000
16333,2051,1.464844,25000000.000
16334,2036,-5.859375,25000000.000
16335,2034,-6.835938,25000000.000
16336,2007,-20.019531,25000000.000
16337,1996,-25.390625,25000000.000
16338,1984,-31.250000,25000000.000
16339,1983,-31.738281,25000000.000
16340,1966,-40.039062,25000000.000
16341,1962,-41.992188,25000000.000
16342,1960,-42.968750,25000000.000
16343,1959,-43.457031,25000000.000
16344,1960,-42.968750,25000000.000
16345,1964,-41.015625,25000000.000
16346,1969,-38.574219,25000000.000
16347,1969,-38.574219,25000000.000
16348,1982,-32.226562,25000000.000
16349,1990,-28.320312,25000000.000
16350,2000,-23.437500,25000000.000
16351,2002,-22.460938,25000000.000
16352,2023,-12.207031,25000000.000
16353,2036,-5.859375,25000000.000
16354,2048,0.000000,25000000.000
16355,2050,0.976562,25000000.000
16356,2074,12.695312,25000000.000
16357,2086,18.554688,25000000.000
16358,2097,23.925781,25000000.000
16359,2099,24.902344,25000000.000
16360,2116,33.203125,25000000.000
16361,2122,36.132812,25000000.000
16362,2126,38.085938,25000000.000
16363,2126,38.085938,25000000.000
16364,2130,40.039062,25000000.000
16365,2129,39.550781,25000000.000
16366,2127,38.574219,25000000.000
16367,2126,38.085938,25000000.000
16368,2118,34.179688,25000000.000
16369,2110,30.273438,25000000.000
16370,2099,24.902344,25000000.000
16371,2099,24.902344,25000000.000
16372,2077,14.160156,25000000.000
16373,2063,7.324219,25000000.000
16374,2049,0.488281,25000000.000
16375,2047,-0.488281,25000000.000
16376,2019,-14.160156,25000000.000
16377,2006,-20.507812,25000000.000
16378,1993,-26.855469,25000000.000
16379,1992,-27.343750,25000000.000
16380,1974,-36.132812,25000000.000
16381,1968,-39.062500,25000000.000
16382,1963,-41.503906,25000000.000
16383,1962,-41.992188,25000000.000
16384,1961,-42.480469,25000000.000
16385,1962,-41.992188,25000000.000
16386,1965,-40.527344,25000000.000
16387,1965,-40.527344,25000000.000
16388,1977,-34.667969,25000000.000
16389,1984,-31.250000,25000000.000
16390,1993,-26.855469,25000000.000
16391,1994,-26.367188,25000000.000
16392,2014,-16.601562,25000000.000
16393,2025,-11.230469,25000000.000
16394,2037,-5.371094,25000000.000
16395,2038,-4.882812,25000000.000
16396,2064,7.812500,25000000.000
16397,2077,14.160156,25000000.000
16398,2089,20.019531,25000000.000
16399,2089,20.019531,25000000.000
16400,2108,29.296875,25000000.000
16401,2117,33.691406,25000000.000
16402,2125,37.597656,25000000.000
16403,2124,37.109375,25000000.000
16404,2131,40.527344,25000000.000
16405,2131,40.527344,25000000.000
16406,2131,40.527344,25000000.000
16407,2131,40.527344,25000000.000
16408,2124,37.109375,25000000.000
16409,2118,34.179688,25000000.000
16410,2109,29.785156,25000000.000
16411,2108,29.296875,25000000.000
16412,2088,19.531250,25000000.000
16413,2075,13.183594,25000000.000
16414,2062,6.835938,25000000.000
16415,2059,5.371094,25000000.000
16416,2032,-7.812500,25000000.000
16417,2018,-14.648438,25000000.000
16418,2005,-20.996094,25000000.000
16419,2003,-21.972656,25000000.000
16420,1980,-33.203125,25000000.000
16421,1972,-37.109375,25000000.000
16422,1966,-40.039062,25000000.000
16423,1966,-40.039062,25000000.000
16424,1960,-42.968750,25000000.000
16425,1960,-42.968750,25000000.000
16426,1962,-41.992188,25000000.000
16427,1962,-41.992188,25000000.000
16428,1969,-38.574219,25000000.000
16429,1978,-34.179688,25000000.000
16430,1985,-30.761719,25000000.000
16431,1986,-30.273438,25000000.000
16432,2004,-21.484375,25000000.000
16433,2015,-16.113281,25000000.000
16434,2027,-10.253906,25000000.000
16435,2028,-9.765625,25000000.000
16436,2053,2.441406,25000000.000
16437,2066,8.789062,25000000.000
16438,2078,14.648438,25000000.000
16439,2079,15.136719,25000000.000
16440,2102,26.367188,25000000.000
16441,2110,30.273438,25000000.000
16442,2118,34.179688,25000000.000
16443,2119,34.667969,25000000.000
16444,2129,39.550781,25000000.000
16445,2130,40.039062,25000000.000
16446,2131,40.527344,25000000.000
16447,2131,40.527344,25000000.000
16448,2126,38.085938,25000000.000
16449,2124,37.109375,25000000.000
16450,2116,33.203125,25000000.000
16451,2116,33.203125,25000000.000
16452,2098,24.414062,25000000.000
16453,2086,18.554688,25000000.000
16454,2072,11.718750,25000000.000
16455,2072,11.718750,25000000.000
16456,2045,-1.464844,25000000.000
16457,2030,-8.789062,25000000.000
16458,2016,-15.625000,25000000.000
16459,2013,-17.089844,25000000.000
16460,1990,-28.320312,25000000.000
16461,1979,-33.691406,25000000.000
16462,1972,-37.109375,25000000.000
16463,1971,-37.597656,25000000.000
16464,1962,-41.992188,25000000.000
16465,1960,-42.968750,25000000.000
16466,1959,-43.457031,25000000.000
16467,1963,-41.503906,25000000.000
16468,1968,-39.062500,25000000.000
16469,1974,-36.132812,25000000.000
16470,1978,-34.179688,25000000.000
16471,1982,-32.226562,25000000.000
16472,1995,-25.878906,25000000.000
16473,2007,-20.019531,25000000.000
16474,2019,-14.160156,25000000.000
16475,2019,-14.160156,25000000.000
16476,2042,-2.929688,25000000.000
16477,2054,2.929688,25000000.000
16478,2067,9.277344,25000000.000
16479,2069,10.253906,25000000.000
16480,2093,21.972656,25000000.000
16481,2103,26.855469,25000000.000
16482,2110,30.273438,25000000.000
16483,2112,31.250000,25000000.000
16484,2124,37.109375,25000000.000
16485,2128,39.062500,25000000.000
16486,2130,40.039062,25000000.000
16487,2131,40.527344,25000000.000
16488,2130,40.039062,25000000.000
16489,2127,38.574219,25000000.000
16490,2121,35.644531,25000000.000
16491,2120,35.156250,25000000.000
16492,2105,27.832031,25000000.000
16493,2095,22.949219,25000000.000
16494,2083,17.089844,25000000.000
16495,2082,16.601562,25000000.000
16496,2055,3.417969,25000000.000
16497,2042,-2.929688,25000000.000
16498,2026,-10.742188,25000000.000
16499,2025,-11.230469,25000000.000
16500,2000,-23.437500,25000000.000
16501,1988,-29.296875,25000000.000
16502,1978,-34.179688,25000000.000
16503,1978,-34.179688,25000000.000
16504,1964,-41.015625,25000000.000
16505,1960,-42.968750,25000000.000
16506,1959,-43.457031,25000000.000
16507,1958,-43.945312,25000000.000
16508,1962,-41.992188,25000000.000
16509,1965,-40.527344,25000000.000
16510,1971,-37.597656,25000000.000
16511,1971,-37.597656,25000000.000
16512,1987,-29.785156,25000000.000
16513,1996,-25.390625,25000000.000
16514,2006,-20.507812,25000000.000
16515,2008,-19.531250,25000000.000
16516,2031,-8.300781,25000000.000
16517,2043,-2.441406,25000000.000
16518,2056,3.906250,25000000.000
16519,2057,4.394531,25000000.000
16520,2081,16.113281,25000000.000
16521,2093,21.972656,25000000.000
16522,2103,26.855469,25000000.000
16523,2104,27.343750,25000000.000
16524,2121,35.644531,25000000.000
16525,2125,37.597656,25000000.000
16526,2129,39.550781,25000000.000
16527,2129,39.550781,25000000.000
16528,2132,41.015625,25000000.000
16529,2129,39.550781,25000000.000
16530,2127,38.574219,25000000.000
16531,2125,37.597656,25000000.000
16532,2112,31.250000,25000000.000
16533,2104,27.343750,25000000.000
16534,2095,22.949219,25000000.000
16535,2092,21.484375,25000000.000
16536,2068,9.765625,25000000.000
16537,2054,2.929688,25000000.000
16538,2040,-3.906250,25000000.000
16539,2038,-4.882812,25000000.000
16540,2011,-18.066406,25000000.000
16541,1998,-24.414062,25000000.000
16542,1987,-29.785156,25000000.000
16543,1985,-30.761719,25000000.000
16544,1969,-38.574219,25000000.000
16545,1965,-40.527344,25000000.000
16546,1960,-42.968750,25000000.000
16547,1960,-42.968750,25000000.000
16548,1959,-43.457031,25000000.000
16549,1963,-41.503906,25000000.000
16550,1967,-39.550781,25000000.000
16551,1967,-39.550781,25000000.000
16552,1980,-33.203125,25000000.000
16553,1989,-28.808594,25000000.000
16554,1998,-24.414062,25000000.000
16555,2000,-23.437500,25000000.000
16556,2021,-13.183594,25000000.000
16557,2034,-6.835938,25000000.000
16558,2047,-0.488281,25000000.000
16559,2048,0.000000,25000000.000
16560,2072,11.718750,25000000.000
16561,2084,17.578125,25000000.000
16562,2094,22.460938,25000000.000
16563,2096,23.437500,25000000.000
16564,2115,32.714844,25000000.000
16565,2120,35.156250,25000000.000
16566,2125,37.597656,25000000.000
16567,2127,38.574219,25000000.000
16568,2132,41.015625,25000000.000
16569,2131,40.527344,25000000.000
16570,2129,39.550781,25000000.000
16571,2128,39.062500,25000000.000
16572,2119,34.667969,25000000.000
16573,2111,30.761719,25000000.000
16574,2102,26.367188,25000000.000
16575,2101,25.878906,25000000.000
16576,2079,15.136719,25000000.000
16577,2066,8.789062,25000000.000
16578,2052,1.953125,25000000.000
16579,2050,0.976562,25000000.000
16580,2023,-12.207031,25000000.000
16581,2010,-18.554688,25000000.000
16582,1996,-25.390625,25000000.000
16583,1995,-25.878906,25000000.000
16584,1975,-35.644531,25000000.000
16585,1968,-39.062500,25000000.000
16586,1963,-41.503906,25000000.000
16587,1963,-41.503906,25000000.000
16588,1960,-42.968750,25000000.000
16589,1961,-42.480469,25000000.000
16590,1964,-41.015625,25000000.000
16591,1964,-41.015625,25000000.000
16592,1975,-35.644531,25000000.000
16593,1982,-32.226562,25000000.000
16594,1991,-27.832031,25000000.000
16595,1992,-27.343750,25000000.000
16596,2011,-18.066406,25000000.000
16597,2023,-12.207031,25000000.000
16598,2036,-5.859375,25000000.000
16599,2036,-5.859375,25000000.000
16600,2061,6.347656,25000000.000
16601,2074,12.695312,25000000.000
16602,2085,18.066406,25000000.000
16603,2087,19.042969,25000000.000
16604,2106,28.320312,25000000.000
16605,2115,32.714844,25000000.000
16606,2121,35.644531,25000000.000
16607,2122,36.132812,25000000.000
16608,2130,40.039062,25000000.000
16609,2131,40.527344,25000000.000
16610,2130,40.039062,25000000.000
16611,2130,40.039062,25000000.000
16612,2123,36.621094,25000000.000
16613,2117,33.691406,25000000.000
16614,2110,30.273438,25000000.000
16615,2108,29.296875,25000000.000
16616,2089,20.019531,25000000.000
16617,2077,14.160156,25000000.000
16618,2066,8.789062,25000000.000
16619,2063,7.324219,25000000.000
16620,2036,-5.859375,25000000.000
16621,2021,-13.183594,25000000.000
16622,2009,-19.042969,25000000.000
16623,2006,-20.507812,25000000.000
16624,1984,-31.250000,25000000.000
16625,1975,-35.644531,25000000.000
16626,1968,-39.062500,25000000.000
16627,1967,-39.550781,25000000.000
16628,1961,-42.480469,25000000.000
16629,1960,-42.968750,25000000.000
16630,1962,-41.992188,25000000.000
16631,1962,-41.992188,25000000.000
16632,1971,-37.597656,25000000.000
16633,1977,-34.667969,25000000.000
16634,1984,-31.250000,25000000.000
16635,1984,-31.250000,25000000.000
16636,2002,-22.460938,25000000.000
16637,2014,-16.601562,25000000.000
16638,2025,-11.230469,25000000.000
16639,2026,-10.742188,25000000.000
16640,2049,0.488281,25000000.000
16641,2063,7.324219,25000000.000
16642,2076,13.671875,25000000.000
16643,2077,14.160156,25000000.000
16644,2098,24.414062,25000000.000
16645,2109,29.785156,25000000.000
16646,2115,32.714844,25000000.000
16647,2117,33.691406,25000000.000
16648,2128,39.062500,25000000.000
16649,2130,40.039062,25000000.000
16650,2131,40.527344,25000000.000
16651,2131,40.527344,25000000.000
16652,2128,39.062500,25000000.000
16653,2124,37.109375,25000000.000
16654,2117,33.691406,25000000.000
16655,2116,33.203125,25000000.000
16656,2100,25.390625,25000000.000
16657,2089,20.019531,25000000.000
16658,2076,13.671875,25000000.000
16659,2074,12.695312,25000000.000
16660,2047,-0.488281,25000000.000
16661,2033,-7.324219,25000000.000
16662,2019,-14.160156,25000000.000
16663,2018,-14.648438,25000000.000
16664,1993,-26.855469,25000000.000
16665,1983,-31.738281,25000000.000
16666,1974,-36.132812,25000000.000
16667,1973,-36.621094,25000000.000
16668,1964,-41.015625,25000000.000
16669,1960,-42.968750,25000000.000
16670,1961,-42.480469,25000000.000
16671,1960,-42.968750,25000000.000
16672,1966,-40.039062,25000000.000
16673,1970,-38.085938,25000000.000
16674,1977,-34.667969,25000000.000
16675,1977,-34.667969,25000000.000
16676,1994,-26.367188,25000000.000
16677,2003,-21.972656,25000000.000
16678,2014,-16.601562,25000000.000
16679,2015,-16.113281,25000000.000
16680,2037,-5.371094,25000000.000
16681,2051,1.464844,25000000.000
16682,2064,7.812500,25000000.000
16683,2065,8.300781,25000000.000
16684,2088,19.531250,25000000.000
16685,2100,25.390625,25000000.000
16686,2109,29.785156,25000000.000
16687,2111,30.761719,25000000.000
16688,2123,36.621094,25000000.000
16689,2127,38.574219,25000000.000
16690,2130,40.039062,25000000.000
16691,2130,40.039062,25000000.000
16692,2129,39.550781,25000000.000
16693,2127,38.574219,25000000.000
16694,2122,36.132812,25000000.000
16695,2121,35.644531,25000000.000
16696,2107,28.808594,25000000.000
16697,2098,24.414062,25000000.000
16698,2085,18.066406,25000000.000
16699,2084,17.578125,25000000.000
16700,2059,5.371094,25000000.000
16701,2044,-1.953125,25000000.000
16702,2030,-8.789062,25000000.000
16703,2029,-9.277344,25000000.000
16704,2002,-22.460938,25000000.000
16705,1989,-28.808594,25000000.000
16706,1980,-33.203125,25000000.000
16707,1978,-34.179688,25000000.000
16708,1965,-40.527344,25000000.000
16709,1961,-42.480469,25000000.000
16710,1959,-43.457031,25000000.000
16711,1959,-43.457031,25000000.000
16712,1962,-41.992188,25000000.000
16713,1965,-40.527344,25000000.000
16714,1970,-38.085938,25000000.000
16715,1971,-37.597656,25000000.000
16716,1986,-30.273438,25000000.000
16717,1995,-25.878906,25000000.000
16718,2005,-20.996094,25000000.000
16719,2006,-20.507812,25000000.000
16720,2028,-9.765625,25000000.000
16721,2041,-3.417969,25000000.000
16722,2054,2.929688,25000000.000
16723,2055,3.417969,25000000.000
16724,2080,15.625000,25000000.000
16725,2092,21.484375,25000000.000
16726,2101,25.878906,25000000.000
16727,2103,26.855469,25000000.000
16728,2119,34.667969,25000000.000
16729,2124,37.109375,25000000.000
16730,2128,39.062500,25000000.000
16731,2129,39.550781,25000000.000
16732,2130,40.039062,25000000.000
16733,2129,39.550781,25000000.000
16734,2125,37.597656,25000000.000
16735,2125,37.597656,25000000.000
16736,2114,32.226562,25000000.000
16737,2106,28.320312,25000000.000
16738,2096,23.437500,25000000.000
16739,2096,23.437500,25000000.000
16740,2070,10.742188,25000000.000
16741,2058,4.882812,25000000.000
16742,2044,-1.953125,25000000.000
16743,2042,-2.929688,25000000.000
16744,2013,-17.089844,25000000.000
16745,2001,-22.949219,25000000.000
16746,1989,-28.808594,25000000.000
16747,1988,-29.296875,25000000.000
16748,1970,-38.085938,25000000.000
16749,1964,-41.015625,25000000.000
16750,1961,-42.480469,25000000.000
16751,1960,-42.968750,25000000.000
16752,1959,-43.457031,25000000.000
16753,1963,-41.503906,25000000.000
16754,1966,-40.039062,25000000.000
16755,1966,-40.039062,25000000.000
16756,1979,-33.691406,25000000.000
16757,1986,-30.273438,25000000.000
16758,1995,-25.878906,25000000.000
16759,1997,-24.902344,25000000.000
16760,2018,-14.648438,25000000.000
16761,2030,-8.789062,25000000.000
16762,2043,-2.441406,25000000.000
16763,2043,-2.441406,25000000.000
16764,2069,10.253906,25000000.000
16765,2081,16.113281,25000000.000
16766,2092,21.484375,25000000.000
16767,2094,22.460938,25000000.000
16768,2112,31.250000,25000000.000
16769,2120,35.156250,25000000.000
16770,2126,38.085938,25000000.000
16771,2127,38.574219,25000000.000
16772,2132,41.015625,25000000.000
16773,2132,41.015625,25000000.000
16774,2131,40.527344,25000000.000
16775,2129,39.550781,25000000.000
16776,2121,35.644531,25000000.000
16777,2114,32.226562,25000000.000
16778,2106,28.320312,25000000.000
16779,2105,27.832031,25000000.000
16780,2083,17.089844,25000000.000
16781,2070,10.742188,25000000.000
16782,2057,4.394531,25000000.000
16783,2054,2.929688,25000000.000
16784,2027,-10.253906,25000000.000
16785,2014,-16.601562,25000000.000
16786,2001,-22.949219,25000000.000
16787,1998,-24.414062,25000000.000
16788,1979,-33.691406,25000000.000
16789,1971,-37.597656,25000000.000
16790,1964,-41.015625,25000000.000
16791,1964,-41.015625,25000000.000
16792,1960,-42.968750,25000000.000
16793,1961,-42.480469,25000000.000
16794,1963,-41.503906,25000000.000
16795,1963,-41.503906,25000000.000
16796,1972,-37.109375,25000000.000
16797,1980,-33.203125,25000000.000
16798,1988,-29.296875,25000000.000
16799,1989,-28.808594,25000000.000
16800,2008,-19.531250,25000000.000
16801,2020,-13.671875,25000000.000
16802,2032,-7.812500,25000000.000
16803,2034,-6.835938,25000000.000
16804,2057,4.394531,25000000.000
16805,2071,11.230469,25000000.000
16806,2083,17.089844,25000000.000
16807,2084,17.578125,25000000.000
16808,2105,27.832031,25000000.000
16809,2114,32.226562,25000000.000
16810,2122,36.132812,25000000.000
16811,2122,36.132812,25000000.000
16812,2130,40.039062,25000000.000
16813,2131,40.527344,25000000.000
16814,2133,41.503906,25000000.000
16815,2130,40.039062,25000000.000
16816,2127,38.574219,25000000.000
16817,2117,33.691406,25000000.000
16818,2113,31.738281,25000000.000
16819,2112,31.250000,25000000.000
16820,2093,21.972656,25000000.000
16821,2080,15.625000,25000000.000
16822,2068,9.765625,25000000.000
16823,2067,9.277344,25000000.000
16824,2039,-4.394531,25000000.000
16825,2024,-11.718750,25000000.000
16826,2010,-18.554688,25000000.000
16827,2009,-19.042969,25000000.000
16828,1985,-30.761719,25000000.000
16829,1976,-35.156250,25000000.000
16830,1969,-38.574219,25000000.000
16831,1967,-39.550781,25000000.000
16832,1961,-42.480469,25000000.000
16833,1959,-43.457031,25000000.000
16834,1960,-42.968750,25000000.000
16835,1961,-42.480469,25000000.000
16836,1968,-39.062500,25000000.000
16837,1975,-35.644531,25000000.000
16838,1981,-32.714844,25000000.000
16839,1981,-32.714844,25000000.000
16840,2000,-23.437500,25000000.000
16841,2010,-18.554688,25000000.000
16842,2022,-12.695312,25000000.000
16843,2022,-12.695312,25000000.000
16844,2047,-0.488281,25000000.000
16845,2059,5.371094,25000000.000
16846,2072,11.718750,25000000.000
16847,2074,12.695312,25000000.000
16848,2097,23.925781,25000000.000
16849,2107,28.808594,25000000.000
16850,2114,32.226562,25000000.000
16851,2116,33.203125,25000000.000
16852,2126,38.085938,25000000.000
16853,2130,40.039062,25000000.000
16854,2131,40.527344,25000000.000
16855,2131,40.527344,25000000.000
16856,2128,39.062500,25000000.000
16857,2125,37.597656,25000000.000
16858,2118,34.179688,25000000.000
16859,2119,34.667969,25000000.000
16860,2104,27.343750,25000000.000
16861,2090,20.507812,25000000.000
16862,2079,15.136719,25000000.000
16863,2077,14.160156,25000000.000
16864,2051,1.464844,25000000.000
16865,2037,-5.371094,25000000.000
16866,2023,-12.207031,25000000.000
16867,2021,-13.183594,25000000.000
16868,1997,-24.902344,25000000.000
16869,1984,-31.250000,25000000.000
16870,1976,-35.156250,25000000.000
16871,1975,-35.644531,25000000.000
16872,1963,-41.503906,25000000.000
16873,1960,-42.968750,25000000.000
16874,1959,-43.457031,25000000.000
16875,1958,-43.945312,25000000.000
16876,1963,-41.503906,25000000.000
16877,1968,-39.062500,25000000.000
16878,1973,-36.621094,25000000.000
16879,1974,-36.132812,25000000.000
16880,1989,-28.808594,25000000.000
16881,2000,-23.437500,25000000.000
16882,2011,-18.066406,25000000.000
16883,2012,-17.578125,25000000.000
16884,2035,-6.347656,25000000.000
16885,2047,-0.488281,25000000.000
16886,2059,5.371094,25000000.000
16887,2060,5.859375,25000000.000
16888,2083,17.089844,25000000.000
16889,2097,23.925781,25000000.000
16890,2107,28.808594,25000000.000
16891,2109,29.785156,25000000.000
16892,2122,36.132812,25000000.000
16893,2126,38.085938,25000000.000
16894,2130,40.039062,25000000.000
16895,2130,40.039062,25000000.000
16896,2130,40.039062,25000000.000
16897,2128,39.062500,25000000.000
16898,2124,37.109375,25000000.000
16899,2123,36.621094,25000000.000
16900,2110,30.273438,25000000.000
16901,2100,25.390625,25000000.000
16902,2088,19.531250,25000000.000
16903,2088,19.531250,25000000.000
16904,2064,7.812500,25000000.000
16905,2049,0.488281,25000000.000
16906,2034,-6.835938,25000000.000
16907,2034,-6.835938,25000000.000
16908,2006,-20.507812,25000000.000
16909,1993,-26.855469,25000000.000
16910,1982,-32.226562,25000000.000
16911,1981,-32.714844,25000000.000
16912,1967,-39.550781,25000000.000
16913,1961,-42.480469,25000000.000
16914,1960,-42.968750,25000000.000
16915,1959,-43.457031,25000000.000
16916,1960,-42.968750,25000000.000
16917,1964,-41.015625,25000000.000
16918,1968,-39.062500,25000000.000
16919,1970,-38.085938,25000000.000
16920,1982,-32.226562,25000000.000
16921,1993,-26.855469,25000000.000
16922,2002,-22.460938,25000000.000
16923,2003,-21.972656,25000000.000
16924,2024,-11.718750,25000000.000
16925,2036,-5.859375,25000000.000
16926,2051,1.464844,25000000.000
16927,2050,0.976562,25000000.000
16928,2075,13.183594,25000000.000
16929,2088,19.531250,25000000.000
16930,2099,24.902344,25000000.000
16931,2099,24.902344,25000000.000
16932,2116,33.203125,25000000.000
16933,2123,36.621094,25000000.000
16934,2126,38.085938,25000000.000
16935,2127,38.574219,25000000.000
16936,2130,40.039062,25000000.000
16937,2129,39.550781,25000000.000
16938,2126,38.085938,25000000.000
16939,2126,38.085938,25000000.000
16940,2116,33.203125,25000000.000
16941,2109,29.785156,25000000.000
16942,2100,25.390625,25000000.000
16943,2098,24.414062,25000000.000
16944,2075,13.183594,25000000.000
16945,2062,6.835938,25000000.000
16946,2048,0.000000,25000000.000
16947,2047,-0.488281,25000000.000
16948,2018,-14.648438,25000000.000
16949,2006,-20.507812,25000000.000
16950,1993,-26.855469,25000000.000
16951,1991,-27.832031,25000000.000
16952,1974,-36.132812,25000000.000
16953,1967,-39.550781,25000000.000
16954,1961,-42.480469,25000000.000
16955,1962,-41.992188,25000000.000
16956,1959,-43.457031,25000000.000
16957,1962,-41.992188,25000000.000
16958,1965,-40.527344,25000000.000
16959,1965,-40.527344,25000000.000
16960,1976,-35.156250,25000000.000
16961,1984,-31.250000,25000000.000
16962,1994,-26.367188,25000000.000
16963,1995,-25.878906,25000000.000
16964,2013,-17.089844,25000000.000
16965,2026,-10.742188,25000000.000
16966,2037,-5.371094,25000000.000
16967,2040,-3.906250,25000000.000
16968,2064,7.812500,25000000.000
16969,2078,14.648438,25000000.000
16970,2089,20.019531,25000000.000
16971,2091,20.996094,25000000.000
16972,2110,30.273438,25000000.000
16973,2118,34.179688,25000000.000
16974,2124,37.109375,25000000.000
16975,2125,37.597656,25000000.000
16976,2130,40.039062,25000000.000
16977,2132,41.015625,25000000.000
16978,2130,40.039062,25000000.000
16979,2130,40.039062,25000000.000
16980,2123,36.621094,25000000.000
16981,2116,33.203125,25000000.000
16982,2107,28.808594,25000000.000
16983,2107,28.808594,25000000.000
16984,2086,18.554688,25000000.000
16985,2074,12.695312,25000000.000
16986,2060,5.859375,25000000.000
16987,2058,4.882812,25000000.000
16988,2032,-7.812500,25000000.000
16989,2017,-15.136719,25000000.000
16990,2004,-21.484375,25000000.000
16991,2003,-21.972656,25000000.000
16992,1981,-32.714844,25000000.000
16993,1973,-36.621094,25000000.000
16994,1966,-40.039062,25000000.000
16995,1966,-40.039062,25000000.000
16996,1961,-42.480469,25000000.000
16997,1961,-42.480469,25000000.000
16998,1964,-41.015625,25000000.000
16999,1964,-41.015625,25000000.000
17000,1972,-37.109375,25000000.000
17001,1979,-33.691406,25000000.000
17002,1986,-30.273438,25000000.000
17003,1988,-29.296875,25000000.000
17004,2006,-20.507812,25000000.000
17005,2017,-15.136719,25000000.000
17006,2029,-9.277344,25000000.000
17007,2030,-8.789062,25000000.000
17008,2055,3.417969,25000000.000
17009,2067,9.277344,25000000.000
17010,2080,15.625000,25000000.000
17011,2082,16.601562,25000000.000
17012,2102,26.367188,25000000.000
17013,2112,31.250000,25000000.000
17014,2119,34.667969,25000000.000
17015,2120,35.156250,25000000.000
17016,2129,39.550781,25000000.000
17017,2132,41.015625,25000000.000
17018,2131,40.527344,25000000.000
17019,2132,41.015625,25000000.000
17020,2128,39.062500,25000000.000
17021,2124,37.109375,25000000.000
17022,2114,32.226562,25000000.000
17023,2114,32.226562,25000000.000
17024,2096,23.437500,25000000.000
17025,2085,18.066406,25000000.000
17026,2071,11.230469,25000000.000
17027,2070,10.742188,25000000.000
17028,2043,-2.441406,25000000.000
17029,2028,-9.765625,25000000.000
17030,2014,-16.601562,25000000.000
17031,2013,-17.089844,25000000.000
17032,1989,-28.808594,25000000.000
17033,1978,-34.179688,25000000.000
17034,1971,-37.597656,25000000.000
17035,1971,-37.597656,25000000.000
17036,1962,-41.992188,25000000.000
17037,1960,-42.968750,25000000.000
17038,1961,-42.480469,25000000.000
17039,1961,-42.480469,25000000.000
17040,1967,-39.550781,25000000.000
17041,1972,-37.109375,25000000.000
17042,1980,-33.203125,25000000.000
17043,1981,-32.714844,25000000.000
17044,1996,-25.390625,25000000.000
17045,2007,-20.019531,25000000.000
17046,2019,-14.160156,25000000.000
17047,2020,-13.671875,25000000.000
17048,2044,-1.953125,25000000.000
17049,2057,4.394531,25000000.000
17050,2070,10.742188,25000000.000
17051,2070,10.742188,25000000.000
17052,2094,22.460938,25000000.000
17053,2104,27.343750,25000000.000
17054,2112,31.250000,25000000.000
17055,2114,32.226562,25000000.000
17056,2126,38.085938,25000000.000
17057,2129,39.550781,25000000.000
17058,2132,41.015625,25000000.000
17059,2131,40.527344,25000000.000
17060,2129,39.550781,25000000.000
17061,2126,38.085938,25000000.000
17062,2121,35.644531,25000000.000
17063,2120,35.156250,25000000.000
17064,2104,27.343750,25000000.000
17065,2094,22.460938,25000000.000
17066,2082,16.601562,25000000.000
17067,2081,16.113281,25000000.000
17068,2054,2.929688,25000000.000
17069,2040,-3.906250,25000000.000
17070,2025,-11.230469,25000000.000
17071,2024,-11.718750,25000000.000
17072,1998,-24.414062,25000000.000
17073,1988,-29.296875,25000000.000
17074,1977,-34.667969,25000000.000
17075,1977,-34.667969,25000000.000
17076,1964,-41.015625,25000000.000
17077,1960,-42.968750,25000000.000
17078,1960,-42.968750,25000000.000
17079,1957,-44.433594,25000000.000
17080,1962,-41.992188,25000000.000
17081,1966,-40.039062,25000000.000
17082,1972,-37.109375,25000000.000
17083,1972,-37.109375,25000000.000
17084,1988,-29.296875,25000000.000
17085,1996,-25.390625,25000000.000
17086,2008,-19.531250,25000000.000
17087,2009,-19.042969,25000000.000
17088,2031,-8.300781,25000000.000
17089,2044,-1.953125,25000000.000
17090,2057,4.394531,25000000.000
17091,2058,4.882812,25000000.000
17092,2083,17.089844,25000000.000
17093,2095,22.949219,25000000.000
17094,2105,27.832031,25000000.000
17095,2105,27.832031,25000000.000
17096,2120,35.156250,25000000.000
17097,2126,38.085938,25000000.000
17098,2130,40.039062,25000000.000
17099,2129,39.550781,25000000.000
17100,2130,40.039062,25000000.000
17101,2129,39.550781,25000000.000
17102,2125,37.597656,25000000.000
17103,2125,37.597656,25000000.000
17104,2111,30.761719,25000000.000
17105,2103,26.855469,25000000.000
17106,2092,21.484375,25000000.000
17107,2092,21.484375,25000000.000
17108,2068,9.765625,25000000.000
17109,2052,1.953125,25000000.000
17110,2039,-4.394531,25000000.000
17111,2037,-5.371094,25000000.000
17112,2010,-18.554688,25000000.000
17113,1998,-24.414062,25000000.000
17114,1985,-30.761719,25000000.000
17115,1985,-30.761719,25000000.000
17116,1969,-38.574219,25000000.000
17117,1963,-41.503906,25000000.000
17118,1960,-42.968750,25000000.000
17119,1960,-42.968750,25000000.000
17120,1960,-42.968750,25000000.000
17121,1963,-41.503906,25000000.000
17122,1968,-39.062500,25000000.000
17123,1968,-39.062500,25000000.000
17124,1982,-32.226562,25000000.000
17125,1990,-28.320312,25000000.000
17126,1999,-23.925781,25000000.000
17127,2000,-23.437500,25000000.000
17128,2021,-13.183594,25000000.000
17129,2033,-7.324219,25000000.000
17130,2046,-0.976562,25000000.000
17131,2048,0.000000,25000000.000
17132,2072,11.718750,25000000.000
17133,2084,17.578125,25000000.000
17134,2095,22.949219,25000000.000
17135,2096,23.437500,25000000.000
17136,2113,31.738281,25000000.000
17137,2121,35.644531,25000000.000
17138,2126,38.085938,25000000.000
17139,2126,38.085938,25000000.000
17140,2131,40.527344,25000000.000
17141,2130,40.039062,25000000.000
17142,2129,39.550781,25000000.000
17143,2128,39.062500,25000000.000
17144,2119,34.667969,25000000.000
17145,2111,30.761719,25000000.000
17146,2102,26.367188,25000000.000
17147,2102,26.367188,25000000.000
17148,2079,15.136719,25000000.000
17149,2064,7.812500,25000000.000
17150,2051,1.464844,25000000.000
17151,2050,0.976562,25000000.000
17152,2023,-12.207031,25000000.000
17153,2009,-19.042969,25000000.000
17154,1995,-25.878906,25000000.000
17155,1995,-25.878906,25000000.000
17156,1975,-35.644531,25000000.000
17157,1969,-38.574219,25000000.000
17158,1964,-41.015625,25000000.000
17159,1963,-41.503906,25000000.000
17160,1961,-42.480469,25000000.000
17161,1961,-42.480469,25000000.000
17162,1965,-40.527344,25000000.000
17163,1965,-40.527344,25000000.000
17164,1977,-34.667969,25000000.000
17165,1985,-30.761719,25000000.000
17166,1991,-27.832031,25000000.000
17167,1993,-26.855469,25000000.000
17168,2013,-17.089844,25000000.000
17169,2024,-11.718750,25000000.000
17170,2037,-5.371094,25000000.000
17171,2038,-4.882812,25000000.000
17172,2062,6.835938,25000000.000
17173,2074,12.695312,25000000.000
17174,2087,19.042969,25000000.000
17175,2088,19.531250,25000000.000
17176,2108,29.296875,25000000.000
17177,2116,33.203125,25000000.000
17178,2123,36.621094,25000000.000
17179,2124,37.109375,25000000.000
17180,2130,40.039062,25000000.000
17181,2131,40.527344,25000000.000
17182,2131,40.527344,25000000.000
17183,2130,40.039062,25000000.000
17184,2124,37.109375,25000000.000
17185,2117,33.691406,25000000.000
17186,2110,30.273438,25000000.000
17187,2109,29.785156,25000000.000
17188,2090,20.507812,25000000.000
17189,2077,14.160156,25000000.000
17190,2063,7.324219,25000000.000
17191,2062,6.835938,25000000.000
17192,2035,-6.347656,25000000.000
17193,2020,-13.671875,25000000.000
17194,2007,-20.019531,25000000.000
17195,2005,-20.996094,25000000.000
17196,1984,-31.250000,25000000.000
17197,1975,-35.644531,25000000.000
17198,1968,-39.062500,25000000.000
17199,1967,-39.550781,25000000.000
17200,1961,-42.480469,25000000.000
17201,1960,-42.968750,25000000.000
17202,1962,-41.992188,25000000.000
17203,1962,-41.992188,25000000.000
17204,1970,-38.085938,25000000.000
17205,1976,-35.156250,25000000.000
17206,1984,-31.250000,25000000.000
17207,1985,-30.761719,25000000.000
17208,2003,-21.972656,25000000.000
17209,2014,-16.601562,25000000.000
17210,2026,-10.742188,25000000.000
17211,2028,-9.765625,25000000.000
17212,2050,0.976562,25000000.000
17213,2065,8.300781,25000000.000
17214,2076,13.671875,25000000.000
17215,2077,14.160156,25000000.000
17216,2099,24.902344,25000000.000
17217,2109,29.785156,25000000.000
17218,2117,33.691406,25000000.000
17219,2118,34.179688,25000000.000
17220,2127,38.574219,25000000.000
17221,2129,39.550781,25000000.000
17222,2130,40.039062,25000000.000
17223,2130,40.039062,25000000.000
17224,2126,38.085938,25000000.000
17225,2123,36.621094,25000000.000
17226,2115,32.714844,25000000.000
17227,2114,32.226562,25000000.000
17228,2097,23.925781,25000000.000
17229,2087,19.042969,25000000.000
17230,2074,12.695312,25000000.000
17231,2072,11.718750,25000000.000
17232,2047,-0.488281,25000000.000
17233,2031,-8.300781,25000000.000
17234,2017,-15.136719,25000000.000
17235,2016,-15.625000,25000000.000
17236,1992,-27.343750,25000000.000
17237,1982,-32.226562,25000000.000
17238,1974,-36.132812,25000000.000
17239,1972,-37.109375,25000000.000
17240,1963,-41.503906,25000000.000
17241,1961,-42.480469,25000000.000
17242,1961,-42.480469,25000000.000
17243,1961,-42.480469,25000000.000
17244,1967,-39.550781,25000000.000
17245,1971,-37.597656,25000000.000
17246,1978,-34.179688,25000000.000
17247,1979,-33.691406,25000000.000
17248,1995,-25.878906,25000000.000
17249,2005,-20.996094,25000000.000
17250,2016,-15.625000,25000000.000
17251,2018,-14.648438,25000000.000
17252,2041,-3.417969,25000000.000
17253,2054,2.929688,25000000.000
17254,2067,9.277344,25000000.000
17255,2066,8.789062,25000000.000
17256,2091,20.996094,25000000.000
17257,2101,25.878906,25000000.000
17258,2111,30.761719,25000000.000
17259,2111,30.761719,25000000.000
17260,2123,36.621094,25000000.000
17261,2127,38.574219,25000000.000
17262,2129,39.550781,25000000.000
17263,2130,40.039062,25000000.000
17264,2128,39.062500,25000000.000
17265,2125,37.597656,25000000.000
17266,2120,35.156250,25000000.000
17267,2120,35.156250,25000000.000
17268,2106,28.320312,25000000.000
17269,2096,23.437500,25000000.000
17270,2084,17.578125,25000000.000
17271,2083,17.089844,25000000.000
17272,2058,4.882812,25000000.000
17273,2043,-2.441406,25000000.000
17274,2029,-9.277344,25000000.000
17275,2027,-10.253906,25000000.000
17276,2002,-22.460938,25000000.000
17277,1990,-28.320312,25000000.000
17278,1980,-33.203125,25000000.000
17279,1978,-34.179688,25000000.000
17280,1966,-40.039062,25000000.000
17281,1962,-41.992188,25000000.000
17282,1961,-42.480469,25000000.000
17283,1961,-42.480469,25000000.000
17284,1963,-41.503906,25000000.000
17285,1967,-39.550781,25000000.000
17286,1973,-36.621094,25000000.000
17287,1974,-36.132812,25000000.000
17288,1988,-29.296875,25000000.000
17289,1997,-24.902344,25000000.000
17290,2008,-19.531250,25000000.000
17291,2008,-19.531250,25000000.000
17292,2030,-8.789062,25000000.000
17293,2043,-2.441406,25000000.000
17294,2055,3.417969,25000000.000
17295,2057,4.394531,25000000.000
17296,2080,15.625000,25000000.000
17297,2091,20.996094,25000000.000
17298,2101,25.878906,25000000.000
17299,2102,26.367188,25000000.000
17300,2117,33.691406,25000000.000
17301,2123,36.621094,25000000.000
17302,2126,38.085938,25000000.000
17303,2126,38.085938,25000000.000
17304,2128,39.062500,25000000.000
17305,2127,38.574219,25000000.000
17306,2122,36.132812,25000000.000
17307,2123,36.621094,25000000.000
17308,2112,31.250000,25000000.000
17309,2103,26.855469,25000000.000
17310,2092,21.484375,25000000.000
17311,2091,20.996094,25000000.000
17312,2069,10.253906,25000000.000
17313,2055,3.417969,25000000.000
17314,2040,-3.906250,25000000.000
17315,2039,-4.394531,25000000.000
17316,2013,-17.089844,25000000.000
17317,2000,-23.437500,25000000.000
17318,1988,-29.296875,25000000.000
17319,1987,-29.785156,25000000.000
17320,1972,-37.109375,25000000.000
17321,1965,-40.527344,25000000.000
17322,1962,-41.992188,25000000.000
17323,1961,-42.480469,25000000.000
17324,1961,-42.480469,25000000.000
17325,1963,-41.503906,25000000.000
17326,1968,-39.062500,25000000.000
17327,1968,-39.062500,25000000.000
17328,1981,-32.714844,25000000.000
17329,1988,-29.296875,25000000.000
17330,1998,-24.414062,25000000.000
17331,2000,-23.437500,25000000.000
17332,2020,-13.671875,25000000.000
17333,2032,-7.812500,25000000.000
17334,2046,-0.976562,25000000.000
17335,2047,-0.488281,25000000.000
17336,2071,11.230469,25000000.000
17337,2083,17.089844,25000000.000
17338,2095,22.949219,25000000.000
17339,2095,22.949219,25000000.000
17340,2112,31.250000,25000000.000
17341,2119,34.667969,25000000.000
17342,2124,37.109375,25000000.000
17343,2125,37.597656,25000000.000
17344,2129,39.550781,25000000.000
17345,2128,39.062500,25000000.000
17346,2127,38.574219,25000000.000
17347,2126,38.085938,25000000.000
17348,2117,33.691406,25000000.000
17349,2110,30.273438,25000000.000
17350,2102,26.367188,25000000.000
17351,2102,26.367188,25000000.000
17352,2079,15.136719,25000000.000
17353,2067,9.277344,25000000.000
17354,2054,2.929688,25000000.000
17355,2051,1.464844,25000000.000
17356,2025,-11.230469,25000000.000
17357,2011,-18.066406,25000000.000
17358,1999,-23.925781,25000000.000
17359,1996,-25.390625,25000000.000
17360,1978,-34.179688,25000000.000
17361,1970,-38.085938,25000000.000
17362,1965,-40.527344,25000000.000
17363,1964,-41.015625,25000000.000
17364,1961,-42.480469,25000000.000
17365,1962,-41.992188,25000000.000
17366,1965,-40.527344,25000000.000
17367,1966,-40.039062,25000000.000
17368,1976,-35.156250,25000000.000
17369,1983,-31.738281,25000000.000
17370,1991,-27.832031,25000000.000
17371,1992,-27.343750,25000000.000
17372,2012,-17.578125,25000000.000
17373,2024,-11.718750,25000000.000
17374,2035,-6.347656,25000000.000
17375,2036,-5.859375,25000000.000
17376,2062,6.835938,25000000.000
17377,2074,12.695312,25000000.000
17378,2086,18.554688,25000000.000
17379,2087,19.042969,25000000.000
17380,2106,28.320312,25000000.000
17381,2114,32.226562,25000000.000
17382,2120,35.156250,25000000.000
17383,2120,35.156250,25000000.000
17384,2128,39.062500,25000000.000
17385,2130,40.039062,25000000.000
17386,2127,38.574219,25000000.000
17387,2129,39.550781,25000000.000
17388,2123,36.621094,25000000.000
17389,2116,33.203125,25000000.000
17390,2108,29.296875,25000000.000
17391,2108,29.296875,25000000.000
17392,2089,20.019531,25000000.000
17393,2077,14.160156,25000000.000
17394,2064,7.812500,25000000.000
17395,2063,7.324219,25000000.000
17396,2036,-5.859375,25000000.000
17397,2021,-13.183594,25000000.000
17398,2009,-19.042969,25000000.000
17399,2008,-19.531250,25000000.000
17400,1985,-30.761719,25000000.000
17401,1977,-34.667969,25000000.000
17402,1969,-38.574219,25000000.000
17403,1969,-38.574219,25000000.000
17404,1962,-41.992188,25000000.000
17405,1961,-42.480469,25000000.000
17406,1963,-41.503906,25000000.000
17407,1963,-41.503906,25000000.000
17408,1971,-37.597656,25000000.000
17409,1976,-35.156250,25000000.000
17410,1983,-31.738281,25000000.000
17411,1985,-30.761719,25000000.000
17412,2003,-21.972656,25000000.000
17413,2013,-17.089844,25000000.000
17414,2025,-11.230469,25000000.000
17415,2025,-11.230469,25000000.000
17416,2051,1.464844,25000000.000
17417,2063,7.324219,25000000.000
17418,2075,13.183594,25000000.000
17419,2077,14.160156,25000000.000
17420,2098,24.414062,25000000.000
17421,2107,28.808594,25000000.000
17422,2115,32.714844,25000000.000
17423,2116,33.203125,25000000.000
17424,2126,38.085938,25000000.000
17425,2128,39.062500,25000000.000
17426,2130,40.039062,25000000.000
17427,2130,40.039062,25000000.000
17428,2127,38.574219,25000000.000
17429,2123,36.621094,25000000.000
17430,2116,33.203125,25000000.000
17431,2115,32.714844,25000000.000
17432,2100,25.390625,25000000.000
17433,2090,20.507812,25000000.000
17434,2076,13.671875,25000000.000
17435,2077,14.160156,25000000.000
17436,2050,0.976562,25000000.000
17437,2036,-5.859375,25000000.000
17438,2021,-13.183594,25000000.000
17439,2019,-14.160156,25000000.000
17440,1994,-26.367188,25000000.000
17441,1983,-31.738281,25000000.000
17442,1975,-35.644531,25000000.000
17443,1975,-35.644531,25000000.000
17444,1965,-40.527344,25000000.000
17445,1961,-42.480469,25000000.000
17446,1960,-42.968750,25000000.000
17447,1960,-42.968750,25000000.000
17448,1966,-40.039062,25000000.000
17449,1970,-38.085938,25000000.000
17450,1978,-34.179688,25000000.000
17451,1978,-34.179688,25000000.000
17452,1994,-26.367188,25000000.000
17453,2004,-21.484375,25000000.000
17454,2015,-16.113281,25000000.000
17455,2016,-15.625000,25000000.000
17456,2039,-4.394531,25000000.000
17457,2052,1.953125,25000000.000
17458,2065,8.300781,25000000.000
17459,2066,8.789062,25000000.000
17460,2088,19.531250,25000000.000
17461,2099,24.902344,25000000.000
17462,2107,28.808594,25000000.000
17463,2110,30.273438,25000000.000
17464,2123,36.621094,25000000.000
17465,2124,37.109375,25000000.000
17466,2125,37.597656,25000000.000
17467,2128,39.062500,25000000.000
17468,2128,39.062500,25000000.000
17469,2125,37.597656,25000000.000
17470,2120,35.156250,25000000.000
17471,2119,34.667969,25000000.000
17472,2106,28.320312,25000000.000
17473,2097,23.925781,25000000.000
17474,2086,18.554688,25000000.000
17475,2084,17.578125,25000000.000
17476,2059,5.371094,25000000.000
17477,2046,-0.976562,25000000.000
17478,2032,-7.812500,25000000.000
17479,2030,-8.789062,25000000.000
17480,2004,-21.484375,25000000.000
17481,1992,-27.343750,25000000.000
17482,1981,-32.714844,25000000.000
17483,1981,-32.714844,25000000.000
17484,1967,-39.550781,25000000.000
17485,1962,-41.992188,25000000.000
17486,1960,-42.968750,25000000.000
17487,1960,-42.968750,25000000.000
17488,1962,-41.992188,25000000.000
17489,1966,-40.039062,25000000.000
17490,1971,-37.597656,25000000.000
17491,1972,-37.109375,25000000.000
17492,1987,-29.785156,25000000.000
17493,1995,-25.878906,25000000.000
17494,2006,-20.507812,25000000.000
17495,2006,-20.507812,25000000.000
17496,2028,-9.765625,25000000.000
17497,2042,-2.929688,25000000.000
17498,2054,2.929688,25000000.000
17499,2055,3.417969,25000000.000
17500,2079,15.136719,25000000.000
17501,2090,20.507812,25000000.000
17502,2101,25.878906,25000000.000
17503,2101,25.878906,25000000.000
17504,2117,33.691406,25000000.000
17505,2122,36.132812,25000000.000
17506,2126,38.085938,25000000.000
17507,2127,38.574219,25000000.000
17508,2129,39.550781,25000000.000
17509,2127,38.574219,25000000.000
17510,2124,37.109375,25000000.000
17511,2124,37.109375,25000000.000
17512,2113,31.738281,25000000.000
17513,2102,26.367188,25000000.000
17514,2097,23.925781,25000000.000
17515,2093,21.972656,25000000.000
17516,2073,12.207031,25000000.000
17517,2059,5.371094,25000000.000
17518,2044,-1.953125,25000000.000
17519,2043,-2.441406,25000000.000
17520,2016,-15.625000,25000000.000
17521,2004,-21.484375,25000000.000
17522,1991,-27.832031,25000000.000
17523,1989,-28.808594,25000000.000
17524,1971,-37.597656,25000000.000
17525,1965,-40.527344,25000000.000
17526,1961,-42.480469,25000000.000
17527,1960,-42.968750,25000000.000
17528,1960,-42.968750,25000000.000
17529,1962,-41.992188,25000000.000
17530,1965,-40.527344,25000000.000
17531,1966,-40.039062,25000000.000
17532,1977,-34.667969,25000000.000
17533,1986,-30.273438,25000000.000
17534,1995,-25.878906,25000000.000
17535,1998,-24.414062,25000000.000
17536,2018,-14.648438,25000000.000
17537,2029,-9.277344,25000000.000
17538,2043,-2.441406,25000000.000
17539,2043,-2.441406,25000000.000
17540,2068,9.765625,25000000.000
17541,2080,15.625000,25000000.000
17542,2092,21.484375,25000000.000
17543,2092,21.484375,25000000.000
17544,2110,30.273438,25000000.000
17545,2119,34.667969,25000000.000
17546,2123,36.621094,25000000.000
17547,2124,37.109375,25000000.000
17548,2130,40.039062,25000000.000
17549,2128,39.062500,25000000.000
17550,2128,39.062500,25000000.000
17551,2126,38.085938,25000000.000
17552,2119,34.667969,25000000.000
17553,2113,31.738281,25000000.000
17554,2105,27.832031,25000000.000
17555,2104,27.343750,25000000.000
17556,2083,17.089844,25000000.000
17557,2072,11.718750,25000000.000
17558,2058,4.882812,25000000.000
17559,2056,3.906250,25000000.000
17560,2029,-9.277344,25000000.000
17561,2015,-16.113281,25000000.000
17562,2000,-23.437500,25000000.000
17563,2002,-22.460938,25000000.000
17564,1980,-33.203125,25000000.000
17565,1972,-37.109375,25000000.000
17566,1966,-40.039062,25000000.000
17567,1965,-40.527344,25000000.000
17568,1960,-42.968750,25000000.000
17569,1962,-41.992188,25000000.000
17570,1964,-41.015625,25000000.000
17571,1964,-41.015625,25000000.000
17572,1974,-36.132812,25000000.000
17573,1980,-33.203125,25000000.000
17574,1988,-29.296875,25000000.000
17575,1989,-28.808594,25000000.000
17576,2009,-19.042969,25000000.000
17577,2020,-13.671875,25000000.000
17578,2032,-7.812500,25000000.000
17579,2033,-7.324219,25000000.000
17580,2058,4.882812,25000000.000
17581,2070,10.742188,25000000.000
17582,2083,17.089844,25000000.000
17583,2085,18.066406,25000000.000
17584,2103,26.855469,25000000.000
17585,2113,31.738281,25000000.000
17586,2120,35.156250,25000000.000
17587,2120,35.156250,25000000.000
17588,2128,39.062500,25000000.000
17589,2129,39.550781,25000000.000
17590,2128,39.062500,25000000.000
17591,2130,40.039062,25000000.000
17592,2124,37.109375,25000000.000
17593,2119,34.667969,25000000.000
17594,2112,31.250000,25000000.000
17595,2110,30.273438,25000000.000
17596,2094,22.460938,25000000.000
17597,2082,16.601562,25000000.000
17598,2068,9.765625,25000000.000
17599,2067,9.277344,25000000.000
17600,2040,-3.906250,25000000.000
17601,2027,-10.253906,25000000.000
17602,2012,-17.578125,25000000.000
17603,2011,-18.066406,25000000.000
17604,1987,-29.785156,25000000.000
17605,1979,-33.691406,25000000.000
17606,1971,-37.597656,25000000.000
17607,1970,-38.085938,25000000.000
17608,1962,-41.992188,25000000.000
17609,1961,-42.480469,25000000.000
17610,1962,-41.992188,25000000.000
17611,1961,-42.480469,25000000.000
17612,1968,-39.062500,25000000.000
17613,1974,-36.132812,25000000.000
17614,1981,-32.714844,25000000.000
17615,1982,-32.226562,25000000.000
17616,1999,-23.925781,25000000.000
17617,2011,-18.066406,25000000.000
17618,2023,-12.207031,25000000.000
17619,2023,-12.207031,25000000.000
17620,2048,0.000000,25000000.000
17621,2060,5.859375,25000000.000
17622,2073,12.207031,25000000.000
17623,2074,12.695312,25000000.000
17624,2095,22.949219,25000000.000
17625,2106,28.320312,25000000.000
17626,2114,32.226562,25000000.000
17627,2114,32.226562,25000000.000
17628,2124,37.109375,25000000.000
17629,2127,38.574219,25000000.000
17630,2129,39.550781,25000000.000
17631,2129,39.550781,25000000.000
17632,2126,38.085938,25000000.000
17633,2122,36.132812,25000000.000
17634,2117,33.691406,25000000.000
17635,2116,33.203125,25000000.000
17636,2101,25.878906,25000000.000
17637,2092,21.484375,25000000.000
17638,2080,15.625000,25000000.000
17639,2078,14.648438,25000000.000
17640,2052,1.953125,25000000.000
17641,2039,-4.394531,25000000.000
17642,2025,-11.230469,25000000.000
17643,2023,-12.207031,25000000.000
17644,1999,-23.925781,25000000.000
17645,1987,-29.785156,25000000.000
17646,1977,-34.667969,25000000.000
17647,1977,-34.667969,25000000.000
17648,1965,-40.527344,25000000.000
17649,1961,-42.480469,25000000.000
17650,1960,-42.968750,25000000.000
17651,1960,-42.968750,25000000.000
17652,1964,-41.015625,25000000.000
17653,1969,-38.574219,25000000.000
17654,1975,-35.644531,25000000.000
17655,1975,-35.644531,25000000.000
17656,1992,-27.343750,25000000.000
17657,2002,-22.460938,25000000.000
17658,2012,-17.578125,25000000.000
17659,2012,-17.578125,25000000.000
17660,2035,-6.347656,25000000.000
17661,2049,0.488281,25000000.000
17662,2062,6.835938,25000000.000
17663,2063,7.324219,25000000.000
17664,2086,18.554688,25000000.000
17665,2097,23.925781,25000000.000
17666,2107,28.808594,25000000.000
17667,2108,29.296875,25000000.000
17668,2121,35.644531,25000000.000
17669,2125,37.597656,25000000.000
17670,2128,39.062500,25000000.000
17671,2128,39.062500,25000000.000
17672,2128,39.062500,25000000.000
17673,2125,37.597656,25000000.000
17674,2122,36.132812,25000000.000
17675,2122,36.132812,25000000.000
17676,2109,29.785156,25000000.000
17677,2101,25.878906,25000000.000
17678,2090,20.507812,25000000.000
17679,2088,19.531250,25000000.000
17680,2064,7.812500,25000000.000
17681,2050,0.976562,25000000.000
17682,2036,-5.859375,25000000.000
17683,2033,-7.324219,25000000.000
17684,2007,-20.019531,25000000.000
17685,1995,-25.878906,25000000.000
17686,1984,-31.250000,25000000.000
17687,1982,-32.226562,25000000.000
17688,1968,-39.062500,25000000.000
17689,1963,-41.503906,25000000.000
17690,1961,-42.480469,25000000.000
17691,1960,-42.968750,25000000.000
17692,1961,-42.480469,25000000.000
17693,1963,-41.503906,25000000.000
17694,1969,-38.574219,25000000.000
17695,1970,-38.085938,25000000.000
17696,1983,-31.738281,25000000.000
17697,1992,-27.343750,25000000.000
17698,2002,-22.460938,25000000.000
17699,2003,-21.972656,25000000.000
17700,2026,-10.742188,25000000.000
17701,2039,-4.394531,25000000.000
17702,2051,1.464844,25000000.000
17703,2052,1.953125,25000000.000
17704,2076,13.671875,25000000.000
17705,2088,19.531250,25000000.000
17706,2099,24.902344,25000000.000
17707,2100,25.390625,25000000.000
17708,2116,33.203125,25000000.000
17709,2121,35.644531,25000000.000
17710,2126,38.085938,25000000.000
17711,2127,38.574219,25000000.000
17712,2130,40.039062,25000000.000
17713,2128,39.062500,25000000.000
17714,2126,38.085938,25000000.000
17715,2125,37.597656,25000000.000
17716,2115,32.714844,25000000.000
17717,2108,29.296875,25000000.000
17718,2099,24.902344,25000000.000
17719,2098,24.414062,25000000.000
17720,2076,13.671875,25000000.000
17721,2063,7.324219,25000000.000
17722,2049,0.488281,25000000.000
17723,2047,-0.488281,25000000.000
17724,2020,-13.671875,25000000.000
17725,2005,-20.996094,25000000.000
17726,1993,-26.855469,25000000.000
17727,1992,-27.343750,25000000.000
17728,1973,-36.621094,25000000.000
17729,1967,-39.550781,25000000.000
17730,1962,-41.992188,25000000.000
17731,1962,-41.992188,25000000.000
17732,1960,-42.968750,25000000.000
17733,1960,-42.968750,25000000.000
17734,1964,-41.015625,25000000.000
17735,1965,-40.527344,25000000.000
17736,1976,-35.156250,25000000.000
17737,1984,-31.250000,25000000.000
17738,1993,-26.855469,25000000.000
17739,1995,-25.878906,25000000.000
17740,2015,-16.113281,25000000.000
17741,2027,-10.253906,25000000.000
17742,2040,-3.906250,25000000.000
17743,2042,-2.929688,25000000.000
17744,2065,8.300781,25000000.000
17745,2079,15.136719,25000000.000
17746,2090,20.507812,25000000.000
17747,2091,20.996094,25000000.000
17748,2110,30.273438,25000000.000
17749,2118,34.179688,25000000.000
17750,2124,37.109375,25000000.000
17751,2124,37.109375,25000000.000
17752,2129,39.550781,25000000.000
17753,2131,40.527344,25000000.000
17754,2129,39.550781,25000000.000
17755,2129,39.550781,25000000.000
17756,2121,35.644531,25000000.000
17757,2116,33.203125,25000000.000
17758,2107,28.808594,25000000.000
17759,2106,28.320312,25000000.000
17760,2087,19.042969,25000000.000
17761,2074,12.695312,25000000.000
17762,2061,6.347656,25000000.000
17763,2059,5.371094,25000000.000
17764,2033,-7.324219,25000000.000
17765,2017,-15.136719,25000000.000
17766,2004,-21.484375,25000000.000
17767,2002,-22.460938,25000000.000
17768,1982,-32.226562,25000000.000
17769,1973,-36.621094,25000000.000
17770,1967,-39.550781,25000000.000
17771,1965,-40.527344,25000000.000
17772,1960,-42.968750,25000000.000
17773,1961,-42.480469,25000000.000
17774,1963,-41.503906,25000000.000
17775,1962,-41.992188,25000000.000
17776,1971,-37.597656,25000000.000
17777,1979,-33.691406,25000000.000
17778,1986,-30.273438,25000000.000
17779,1986,-30.273438,25000000.000
17780,2005,-20.996094,25000000.000
17781,2017,-15.136719,25000000.000
17782,2029,-9.277344,25000000.000
17783,2031,-8.300781,25000000.000
17784,2055,3.417969,25000000.000
17785,2067,9.277344,25000000.000
17786,2079,15.136719,25000000.000
17787,2082,16.601562,25000000.000
17788,2101,25.878906,25000000.000
17789,2111,30.761719,25000000.000
17790,2118,34.179688,25000000.000
17791,2118,34.179688,25000000.000
17792,2128,39.062500,25000000.000
17793,2129,39.550781,25000000.000
17794,2130,40.039062,25000000.000
17795,2129,39.550781,25000000.000
17796,2125,37.597656,25000000.000
17797,2120,35.156250,25000000.000
17798,2114,32.226562,25000000.000
17799,2114,32.226562,25000000.000
17800,2096,23.437500,25000000.000
17801,2086,18.554688,25000000.000
17802,2073,12.207031,25000000.000
17803,2072,11.718750,25000000.000
17804,2044,-1.953125,25000000.000
17805,2031,-8.300781,25000000.000
17806,2016,-15.625000,25000000.000
17807,2014,-16.601562,25000000.000
17808,1992,-27.343750,25000000.000
17809,1980,-33.203125,25000000.000
17810,1971,-37.597656,25000000.000
17811,1971,-37.597656,25000000.000
17812,1962,-41.992188,25000000.000
17813,1961,-42.480469,25000000.000
17814,1961,-42.480469,25000000.000
17815,1961,-42.480469,25000000.000
17816,1967,-39.550781,25000000.000
17817,1973,-36.621094,25000000.000
17818,1980,-33.203125,25000000.000
17819,1980,-33.203125,25000000.000
17820,1997,-24.902344,25000000.000
17821,2007,-20.019531,25000000.000
17822,2019,-14.160156,25000000.000
17823,2020,-13.671875,25000000.000
17824,2043,-2.441406,25000000.000
17825,2057,4.394531,25000000.000
17826,2069,10.253906,25000000.000
17827,2070,10.742188,25000000.000
17828,2092,21.484375,25000000.000
17829,2103,26.855469,25000000.000
17830,2112,31.250000,25000000.000
17831,2113,31.738281,25000000.000
17832,2124,37.109375,25000000.000
17833,2128,39.062500,25000000.000
17834,2130,40.039062,25000000.000
17835,2129,39.550781,25000000.000
17836,2127,38.574219,25000000.000
17837,2123,36.621094,25000000.000
17838,2119,34.667969,25000000.000
17839,2117,33.691406,25000000.000
17840,2105,27.832031,25000000.000
17841,2095,22.949219,25000000.000
17842,2083,17.089844,25000000.000
17843,2081,16.113281,25000000.000
17844,2056,3.906250,25000000.000
17845,2040,-3.906250,25000000.000
17846,2028,-9.765625,25000000.000
17847,2026,-10.742188,25000000.000
17848,2000,-23.437500,25000000.000
17849,1988,-29.296875,25000000.000
17850,1978,-34.179688,25000000.000
17851,1978,-34.179688,25000000.000
17852,1965,-40.527344,25000000.000
17853,1961,-42.480469,25000000.000
17854,1960,-42.968750,25000000.000
17855,1960,-42.968750,25000000.000
17856,1962,-41.992188,25000000.000
17857,1968,-39.062500,25000000.000
17858,1974,-36.132812,25000000.000
17859,1973,-36.621094,25000000.000
17860,1988,-29.296875,25000000.000
17861,2002,-22.460938,25000000.000
17862,2010,-18.554688,25000000.000
17863,2011,-18.066406,25000000.000
17864,2033,-7.324219,25000000.000
17865,2045,-1.464844,25000000.000
17866,2058,4.882812,25000000.000
17867,2060,5.859375,25000000.000
17868,2082,16.601562,25000000.000
17869,2094,22.460938,25000000.000
17870,2104,27.343750,25000000.000
17871,2104,27.343750,25000000.000
17872,2118,34.179688,25000000.000
17873,2124,37.109375,25000000.000
17874,2128,39.062500,25000000.000
17875,2127,38.574219,25000000.000
17876,2129,39.550781,25000000.000
17877,2127,38.574219,25000000.000
17878,2124,37.109375,25000000.000
17879,2121,35.644531,25000000.000
17880,2112,31.250000,25000000.000
17881,2103,26.855469,25000000.000
17882,2091,20.996094,25000000.000
17883,2091,20.996094,25000000.000
17884,2069,10.253906,25000000.000
17885,2054,2.929688,25000000.000
17886,2039,-4.394531,25000000.000
17887,2038,-4.882812,25000000.000
17888,2011,-18.066406,25000000.000
17889,1999,-23.925781,25000000.000
17890,1987,-29.785156,25000000.000
17891,1986,-30.273438,25000000.000
17892,1969,-38.574219,25000000.000
17893,1964,-41.015625,25000000.000
17894,1960,-42.968750,25000000.000
17895,1960,-42.968750,25000000.000
17896,1959,-43.457031,25000000.000
17897,1963,-41.503906,25000000.000
17898,1968,-39.062500,25000000.000
17899,1968,-39.062500,25000000.000
17900,1981,-32.714844,25000000.000
17901,1989,-28.808594,25000000.000
17902,1998,-24.414062,25000000.000
17903,1999,-23.925781,25000000.000
17904,2024,-11.718750,25000000.000
17905,2035,-6.347656,25000000.000
17906,2047,-0.488281,25000000.000
17907,2048,0.000000,25000000.000
17908,2072,11.718750,25000000.000
17909,2084,17.578125,25000000.000
17910,2095,22.949219,25000000.000
17911,2097,23.925781,25000000.000
17912,2114,32.226562,25000000.000
17913,2120,35.156250,25000000.000
17914,2126,38.085938,25000000.000
17915,2125,37.597656,25000000.000
17916,2129,39.550781,25000000.000
17917,2128,39.062500,25000000.000
17918,2127,38.574219,25000000.000
17919,2127,38.574219,25000000.000
17920,2117,33.691406,25000000.000
17921,2110,30.273438,25000000.000
17922,2102,26.367188,25000000.000
17923,2101,25.878906,25000000.000
17924,2079,15.136719,25000000.000
17925,2067,9.277344,25000000.000
17926,2054,2.929688,25000000.000
17927,2051,1.464844,25000000.000
17928,2023,-12.207031,25000000.000
17929,2010,-18.554688,25000000.000
17930,1997,-24.902344,25000000.000
17931,1995,-25.878906,25000000.000
17932,1976,-35.156250,25000000.000
17933,1969,-38.574219,25000000.000
17934,1964,-41.015625,25000000.000
17935,1963,-41.503906,25000000.000
17936,1959,-43.457031,25000000.000
17937,1961,-42.480469,25000000.000
17938,1966,-40.039062,25000000.000
17939,1965,-40.527344,25000000.000
17940,1976,-35.156250,25000000.000
17941,1983,-31.738281,25000000.000
17942,1992,-27.343750,25000000.000
17943,1992,-27.343750,25000000.000
17944,2013,-17.089844,25000000.000
17945,2023,-12.207031,25000000.000
17946,2038,-4.882812,25000000.000
17947,2038,-4.882812,25000000.000
17948,2063,7.324219,25000000.000
17949,2075,13.183594,25000000.000
17950,2087,19.042969,25000000.000
17951,2088,19.531250,25000000.000
17952,2107,28.808594,25000000.000
17953,2116,33.203125,25000000.000
17954,2121,35.644531,25000000.000
17955,2122,36.132812,25000000.000
17956,2130,40.039062,25000000.000
17957,2130,40.039062,25000000.000
17958,2129,39.550781,25000000.000
17959,2129,39.550781,25000000.000
17960,2123,36.621094,25000000.000
17961,2117,33.691406,25000000.000
17962,2109,29.785156,25000000.000
17963,2108,29.296875,25000000.000
17964,2090,20.507812,25000000.000
17965,2076,13.671875,25000000.000
17966,2063,7.324219,25000000.000
17967,2062,6.835938,25000000.000
17968,2035,-6.347656,25000000.000
17969,2021,-13.183594,25000000.000
17970,2008,-19.531250,25000000.000
17971,2005,-20.996094,25000000.000
17972,1984,-31.250000,25000000.000
17973,1976,-35.156250,25000000.000
17974,1968,-39.062500,25000000.000
17975,1968,-39.062500,25000000.000
17976,1962,-41.992188,25000000.000
17977,1960,-42.968750,25000000.000
17978,1962,-41.992188,25000000.000
17979,1963,-41.503906,25000000.000
17980,1971,-37.597656,25000000.000
17981,1977,-34.667969,25000000.000
17982,1985,-30.761719,25000000.000
17983,1985,-30.761719,25000000.000
17984,2004,-21.484375,25000000.000
17985,2015,-16.113281,25000000.000
17986,2027,-10.253906,25000000.000
17987,2028,-9.765625,25000000.000
17988,2052,1.953125,25000000.000
17989,2064,7.812500,25000000.000
17990,2077,14.160156,25000000.000
17991,2078,14.648438,25000000.000
17992,2099,24.902344,25000000.000
17993,2108,29.296875,25000000.000
17994,2116,33.203125,25000000.000
17995,2116,33.203125,25000000.000
17996,2126,38.085938,25000000.000
17997,2129,39.550781,25000000.000
17998,2130,40.039062,25000000.000
17999,2128,39.062500,25000000.000
18000,2125,37.597656,25000000.000
18001,2120,35.156250,25000000.000
18002,2115,32.714844,25000000.000
18003,2114,32.226562,25000000.000
18004,2099,24.902344,25000000.000
18005,2087,19.042969,25000000.000
18006,2075,13.183594,25000000.000
18007,2074,12.695312,25000000.000
18008,2047,-0.488281,25000000.000
18009,2033,-7.324219,25000000.000
18010,2019,-14.160156,25000000.000
18011,2018,-14.648438,25000000.000
18012,1992,-27.343750,25000000.000
18013,1982,-32.226562,25000000.000
18014,1974,-36.132812,25000000.000
18015,1973,-36.621094,25000000.000
18016,1963,-41.503906,25000000.000
18017,1960,-42.968750,25000000.000
18018,1959,-43.457031,25000000.000
18019,1959,-43.457031,25000000.000
18020,1966,-40.039062,25000000.000
18021,1971,-37.597656,25000000.000
18022,1978,-34.179688,25000000.000
18023,1979,-33.691406,25000000.000
18024,1996,-25.390625,25000000.000
18025,2005,-20.996094,25000000.000
18026,2017,-15.136719,25000000.000
18027,2017,-15.136719,25000000.000
18028,2041,-3.417969,25000000.000
18029,2053,2.441406,25000000.000
18030,2065,8.300781,25000000.000
18031,2067,9.277344,25000000.000
18032,2090,20.507812,25000000.000
18033,2100,25.390625,25000000.000
18034,2108,29.296875,25000000.000
18035,2110,30.273438,25000000.000
18036,2121,35.644531,25000000.000
18037,2126,38.085938,25000000.000
18038,2128,39.062500,25000000.000
18039,2127,38.574219,25000000.000
18040,2127,38.574219,25000000.000
18041,2123,36.621094,25000000.000
18042,2119,34.667969,25000000.000
18043,2119,34.667969,25000000.000
18044,2105,27.832031,25000000.000
18045,2095,22.949219,25000000.000
18046,2084,17.578125,25000000.000
18047,2082,16.601562,25000000.000
18048,2059,5.371094,25000000.000
18049,2044,-1.953125,25000000.000
18050,2030,-8.789062,25000000.000
18051,2028,-9.765625,25000000.000
18052,2002,-22.460938,25000000.000
18053,1991,-27.832031,25000000.000
18054,1981,-32.714844,25000000.000
18055,1980,-33.203125,25000000.000
18056,1966,-40.039062,25000000.000
18057,1963,-41.503906,25000000.000
18058,1960,-42.968750,25000000.000
18059,1959,-43.457031,25000000.000
18060,1962,-41.992188,25000000.000
18061,1967,-39.550781,25000000.000
18062,1971,-37.597656,25000000.000
18063,1972,-37.109375,25000000.000
18064,1987,-29.785156,25000000.000
18065,1996,-25.390625,25000000.000
18066,2007,-20.019531,25000000.000
18067,2008,-19.531250,25000000.000
18068,2030,-8.789062,25000000.000
18069,2042,-2.929688,25000000.000
18070,2055,3.417969,25000000.000
18071,2056,3.906250,25000000.000
18072,2080,15.625000,25000000.000
18073,2091,20.996094,25000000.000
18074,2102,26.367188,25000000.000
18075,2102,26.367188,25000000.000
18076,2118,34.179688,25000000.000
18077,2122,36.132812,25000000.000
18078,2127,38.574219,25000000.000
18079,2128,39.062500,25000000.000
18080,2129,39.550781,25000000.000
18081,2127,38.574219,25000000.000
18082,2123,36.621094,25000000.000
18083,2123,36.621094,25000000.000
18084,2111,30.761719,25000000.000
18085,2105,27.832031,25000000.000
18086,2095,22.949219,25000000.000
18087,2095,22.949219,25000000.000
18088,2071,11.230469,25000000.000
18089,2057,4.394531,25000000.000
18090,2043,-2.441406,25000000.000
18091,2042,-2.929688,25000000.000
18092,2014,-16.601562,25000000.000
18093,2000,-23.437500,25000000.000
18094,1989,-28.808594,25000000.000
18095,1989,-28.808594,25000000.000
18096,1971,-37.597656,25000000.000
18097,1965,-40.527344,25000000.000
18098,1961,-42.480469,25000000.000
18099,1961,-42.480469,25000000.000
18100,1960,-42.968750,25000000.000
18101,1963,-41.503906,25000000.000
18102,1963,-41.503906,25000000.000
18103,1964,-41.015625,25000000.000
18104,1980,-33.203125,25000000.000
18105,1988,-29.296875,25000000.000
18106,1996,-25.390625,25000000.000
18107,1998,-24.414062,25000000.000
18108,2020,-13.671875,25000000.000
18109,2032,-7.812500,25000000.000
18110,2044,-1.953125,25000000.000
18111,2046,-0.976562,25000000.000
18112,2070,10.742188,25000000.000
18113,2082,16.601562,25000000.000
18114,2093,21.972656,25000000.000
18115,2094,22.460938,25000000.000
18116,2112,31.250000,25000000.000
18117,2119,34.667969,25000000.000
18118,2125,37.597656,25000000.000
18119,2125,37.597656,25000000.000
18120,2129,39.550781,25000000.000
18121,2129,39.550781,25000000.000
18122,2127,38.574219,25000000.000
18123,2127,38.574219,25000000.000
18124,2119,34.667969,25000000.000
18125,2112,31.250000,25000000.000
18126,2103,26.855469,25000000.000
18127,2102,26.367188,25000000.000
18128,2081,16.113281,25000000.000
18129,2068,9.765625,25000000.000
18130,2055,3.417969,25000000.000
18131,2053,2.441406,25000000.000
18132,2025,-11.230469,25000000.000
18133,2012,-17.578125,25000000.000
18134,1998,-24.414062,25000000.000
18135,1998,-24.414062,25000000.000
18136,1976,-35.156250,25000000.000
18137,1969,-38.574219,25000000.000
18138,1964,-41.015625,25000000.000
18139,1963,-41.503906,25000000.000
18140,1960,-42.968750,25000000.000
18141,1960,-42.968750,25000000.000
18142,1963,-41.503906,25000000.000
18143,1963,-41.503906,25000000.000
18144,1973,-36.621094,25000000.000
18145,1981,-32.714844,25000000.000
18146,1990,-28.320312,25000000.000
18147,1991,-27.832031,25000000.000
18148,2011,-18.066406,25000000.000
18149,2023,-12.207031,25000000.000
18150,2035,-6.347656,25000000.000
18151,2036,-5.859375,25000000.000
18152,2060,5.859375,25000000.000
18153,2073,12.207031,25000000.000
18154,2085,18.066406,25000000.000
18155,2086,18.554688,25000000.000
18156,2105,27.832031,25000000.000
18157,2115,32.714844,25000000.000
18158,2120,35.156250,25000000.000
18159,2120,35.156250,25000000.000
18160,2128,39.062500,25000000.000
18161,2129,39.550781,25000000.000
18162,2130,40.039062,25000000.000
18163,2128,39.062500,25000000.000
18164,2123,36.621094,25000000.000
18165,2117,33.691406,25000000.000
18166,2110,30.273438,25000000.000
18167,2110,30.273438,25000000.000
18168,2092,21.484375,25000000.000
18169,2081,16.113281,25000000.000
18170,2068,9.765625,25000000.000
18171,2066,8.789062,25000000.000
18172,2040,-3.906250,25000000.000
18173,2024,-11.718750,25000000.000
18174,2012,-17.578125,25000000.000
18175,2010,-18.554688,25000000.000
18176,1987,-29.785156,25000000.000
18177,1977,-34.667969,25000000.000
18178,1970,-38.085938,25000000.000
18179,1969,-38.574219,25000000.000
18180,1961,-42.480469,25000000.000
18181,1960,-42.968750,25000000.000
18182,1962,-41.992188,25000000.000
18183,1961,-42.480469,25000000.000
18184,1969,-38.574219,25000000.000
18185,1975,-35.644531,25000000.000
18186,1982,-32.226562,25000000.000
18187,1984,-31.250000,25000000.000
18188,2001,-22.949219,25000000.000
18189,2012,-17.578125,25000000.000
18190,2023,-12.207031,25000000.000
18191,2025,-11.230469,25000000.000
18192,2049,0.488281,25000000.000
18193,2061,6.347656,25000000.000
18194,2074,12.695312,25000000.000
18195,2075,13.183594,25000000.000
18196,2097,23.925781,25000000.000
18197,2107,28.808594,25000000.000
18198,2115,32.714844,25000000.000
18199,2115,32.714844,25000000.000
18200,2126,38.085938,25000000.000
18201,2130,40.039062,25000000.000
18202,2131,40.527344,25000000.000
18203,2131,40.527344,25000000.000
18204,2126,38.085938,25000000.000
18205,2122,36.132812,25000000.000
18206,2118,34.179688,25000000.000
18207,2117,33.691406,25000000.000
18208,2105,27.832031,25000000.000
18209,2090,20.507812,25000000.000
18210,2076,13.671875,25000000.000
18211,2081,16.113281,25000000.000
18212,2051,1.464844,25000000.000
18213,2037,-5.371094,25000000.000
18214,2023,-12.207031,25000000.000
18215,2021,-13.183594,25000000.000
18216,1997,-24.902344,25000000.000
18217,1985,-30.761719,25000000.000
18218,1976,-35.156250,25000000.000
18219,1974,-36.132812,25000000.000
18220,1963,-41.503906,25000000.000
18221,1960,-42.968750,25000000.000
18222,1960,-42.968750,25000000.000
18223,1960,-42.968750,25000000.000
18224,1965,-40.527344,25000000.000
18225,1969,-38.574219,25000000.000
18226,1975,-35.644531,25000000.000
18227,1975,-35.644531,25000000.000
18228,1992,-27.343750,25000000.000
18229,2001,-22.949219,25000000.000
18230,2013,-17.089844,25000000.000
18231,2014,-16.601562,25000000.000
18232,2037,-5.371094,25000000.000
18233,2050,0.976562,25000000.000
18234,2063,7.324219,25000000.000
18235,2065,8.300781,25000000.000
18236,2087,19.042969,25000000.000
18237,2097,23.925781,25000000.000
18238,2107,28.808594,25000000.000
18239,2107,28.808594,25000000.000
18240,2120,35.156250,25000000.000
18241,2124,37.109375,25000000.000
18242,2128,39.062500,25000000.000
18243,2127,38.574219,25000000.000
18244,2127,38.574219,25000000.000
18245,2125,37.597656,25000000.000
18246,2121,35.644531,25000000.000
18247,2121,35.644531,25000000.000
18248,2108,29.296875,25000000.000
18249,2098,24.414062,25000000.000
18250,2088,19.531250,25000000.000
18251,2085,18.066406,25000000.000
18252,2064,7.812500,25000000.000
18253,2048,0.000000,25000000.000
18254,2034,-6.835938,25000000.000
18255,2032,-7.812500,25000000.000
18256,2006,-20.507812,25000000.000
18257,1994,-26.367188,25000000.000
18258,1983,-31.738281,25000000.000
18259,1982,-32.226562,25000000.000
18260,1967,-39.550781,25000000.000
18261,1963,-41.503906,25000000.000
18262,1959,-43.457031,25000000.000
18263,1960,-42.968750,25000000.000
18264,1960,-42.968750,25000000.000
18265,1965,-40.527344,25000000.000
18266,1970,-38.085938,25000000.000
18267,1971,-37.597656,25000000.000
18268,1984,-31.250000,25000000.000
18269,1994,-26.367188,25000000.000
18270,2004,-21.484375,25000000.000
18271,2004,-21.484375,25000000.000
18272,2026,-10.742188,25000000.000
18273,2039,-4.394531,25000000.000
18274,2052,1.953125,25000000.000
18275,2054,2.929688,25000000.000
18276,2077,14.160156,25000000.000
18277,2090,20.507812,25000000.000
18278,2100,25.390625,25000000.000
18279,2100,25.390625,25000000.000
18280,2116,33.203125,25000000.000
18281,2121,35.644531,25000000.000
18282,2126,38.085938,25000000.000
18283,2126,38.085938,25000000.000
18284,2129,39.550781,25000000.000
18285,2128,39.062500,25000000.000
18286,2126,38.085938,25000000.000
18287,2125,37.597656,25000000.000
18288,2116,33.203125,25000000.000
18289,2107,28.808594,25000000.000
18290,2098,24.414062,25000000.000
18291,2096,23.437500,25000000.000
18292,2073,12.207031,25000000.000
18293,2060,5.859375,25000000.000
18294,2047,-0.488281,25000000.000
18295,2044,-1.953125,25000000.000
18296,2018,-14.648438,25000000.000
18297,2004,-21.484375,25000000.000
18298,1991,-27.832031,25000000.000
18299,1990,-28.320312,25000000.000
18300,1973,-36.621094,25000000.000
18301,1967,-39.550781,25000000.000
18302,1961,-42.480469,25000000.000
18303,1960,-42.968750,25000000.000
18304,1959,-43.457031,25000000.000
18305,1961,-42.480469,25000000.000
18306,1965,-40.527344,25000000.000
18307,1964,-41.015625,25000000.000
18308,1978,-34.179688,25000000.000
18309,1986,-30.273438,25000000.000
18310,1995,-25.878906,25000000.000
18311,1995,-25.878906,25000000.000
18312,2016,-15.625000,25000000.000
18313,2028,-9.765625,25000000.000
18314,2042,-2.929688,25000000.000
18315,2042,-2.929688,25000000.000
18316,2066,8.789062,25000000.000
18317,2078,14.648438,25000000.000
18318,2089,20.019531,25000000.000
18319,2092,21.484375,25000000.000
18320,2110,30.273438,25000000.000
18321,2118,34.179688,25000000.000
18322,2124,37.109375,25000000.000
18323,2124,37.109375,25000000.000
18324,2129,39.550781,25000000.000
18325,2129,39.550781,25000000.000
18326,2128,39.062500,25000000.000
18327,2128,39.062500,25000000.000
18328,2120,35.156250,25000000.000
18329,2114,32.226562,25000000.000
18330,2106,28.320312,25000000.000
18331,2106,28.320312,25000000.000
18332,2086,18.554688,25000000.000
18333,2073,12.207031,25000000.000
18334,2059,5.371094,25000000.000
18335,2059,5.371094,25000000.000
18336,2030,-8.789062,25000000.000
18337,2018,-14.648438,25000000.000
18338,2003,-21.972656,25000000.000
18339,2001,-22.949219,25000000.000
18340,1980,-33.203125,25000000.000
18341,1972,-37.109375,25000000.000
18342,1966,-40.039062,25000000.000
18343,1965,-40.527344,25000000.000
18344,1961,-42.480469,25000000.000
18345,1961,-42.480469,25000000.000
18346,1963,-41.503906,25000000.000
18347,1961,-42.480469,25000000.000
18348,1973,-36.621094,25000000.000
18349,1978,-34.179688,25000000.000
18350,1987,-29.785156,25000000.000
18351,1987,-29.785156,25000000.000
18352,2008,-19.531250,25000000.000
18353,2019,-14.160156,25000000.000
18354,2032,-7.812500,25000000.000
18355,2033,-7.324219,25000000.000
18356,2056,3.906250,25000000.000
18357,2069,10.253906,25000000.000
18358,2081,16.113281,25000000.000
18359,2082,16.601562,25000000.000
18360,2103,26.855469,25000000.000
18361,2111,30.761719,25000000.000
18362,2116,33.203125,25000000.000
18363,2119,34.667969,25000000.000
18364,2128,39.062500,25000000.000
18365,2128,39.062500,25000000.000
18366,2130,40.039062,25000000.000
18367,2129,39.550781,25000000.000
18368,2125,37.597656,25000000.000
18369,2119,34.667969,25000000.000
18370,2113,31.738281,25000000.000
18371,2113,31.738281,25000000.000
18372,2095,22.949219,25000000.000
18373,2083,17.089844,25000000.000
18374,2070,10.742188,25000000.000
18375,2069,10.253906,25000000.000
18376,2043,-2.441406,25000000.000
18377,2028,-9.765625,25000000.000
18378,2014,-16.601562,25000000.000
18379,2012,-17.578125,25000000.000
18380,1989,-28.808594,25000000.000
18381,1979,-33.691406,25000000.000
18382,1971,-37.597656,25000000.000
18383,1970,-38.085938,25000000.000
18384,1961,-42.480469,25000000.000
18385,1960,-42.968750,25000000.000
18386,1959,-43.457031,25000000.000
18387,1960,-42.968750,25000000.000
18388,1967,-39.550781,25000000.000
18389,1973,-36.621094,25000000.000
18390,1980,-33.203125,25000000.000
18391,1981,-32.714844,25000000.000
18392,1998,-24.414062,25000000.000
18393,2010,-18.554688,25000000.000
18394,2021,-13.183594,25000000.000
18395,2022,-12.695312,25000000.000
18396,2046,-0.976562,25000000.000
18397,2059,5.371094,25000000.000
18398,2072,11.718750,25000000.000
18399,2073,12.207031,25000000.000
18400,2095,22.949219,25000000.000
18401,2104,27.343750,25000000.000
18402,2113,31.738281,25000000.000
18403,2114,32.226562,25000000.000
18404,2125,37.597656,25000000.000
18405,2129,39.550781,25000000.000
18406,2129,39.550781,25000000.000
18407,2129,39.550781,25000000.000
18408,2127,38.574219,25000000.000
18409,2122,36.132812,25000000.000
18410,2118,34.179688,25000000.000
18411,2118,34.179688,25000000.000
18412,2103,26.855469,25000000.000
18413,2092,21.484375,25000000.000
18414,2082,16.601562,25000000.000
18415,2081,16.113281,25000000.000
18416,2056,3.906250,25000000.000
18417,2040,-3.906250,25000000.000
18418,2026,-10.742188,25000000.000
18419,2025,-11.230469,25000000.000
18420,1999,-23.925781,25000000.000
18421,1987,-29.785156,25000000.000
18422,1978,-34.179688,25000000.000
18423,1977,-34.667969,25000000.000
18424,1964,-41.015625,25000000.000
18425,1961,-42.480469,25000000.000
18426,1959,-43.457031,25000000.000
18427,1960,-42.968750,25000000.000
18428,1963,-41.503906,25000000.000
18429,1968,-39.062500,25000000.000
18430,1975,-35.644531,25000000.000
18431,1974,-36.132812,25000000.000
18432,1990,-28.320312,25000000.000
18433,1999,-23.925781,25000000.000
18434,2011,-18.066406,25000000.000
18435,2011,-18.066406,25000000.000
18436,2034,-6.835938,25000000.000
18437,2047,-0.488281,25000000.000
18438,2059,5.371094,25000000.000
18439,2063,7.324219,25000000.000
18440,2085,18.066406,25000000.000
18441,2096,23.437500,25000000.000
18442,2105,27.832031,25000000.000
18443,2106,28.320312,25000000.000
18444,2119,34.667969,25000000.000
18445,2124,37.109375,25000000.000
18446,2128,39.062500,25000000.000
18447,2127,38.574219,25000000.000
18448,2128,39.062500,25000000.000
18449,2126,38.085938,25000000.000
18450,2121,35.644531,25000000.000
18451,2121,35.644531,25000000.000
18452,2109,29.785156,25000000.000
18453,2100,25.390625,25000000.000
18454,2091,20.996094,25000000.000
18455,2090,20.507812,25000000.000
18456,2065,8.300781,25000000.000
18457,2050,0.976562,25000000.000
18458,2037,-5.371094,25000000.000
18459,2036,-5.859375,25000000.000
18460,2009,-19.042969,25000000.000
18461,1996,-25.390625,25000000.000
18462,1985,-30.761719,25000000.000
18463,1984,-31.250000,25000000.000
18464,1968,-39.062500,25000000.000
18465,1964,-41.015625,25000000.000
18466,1961,-42.480469,25000000.000
18467,1961,-42.480469,25000000.000
18468,1960,-42.968750,25000000.000
18469,1964,-41.015625,25000000.000
18470,1969,-38.574219,25000000.000
18471,1969,-38.574219,25000000.000
18472,1983,-31.738281,25000000.000
18473,1991,-27.832031,25000000.000
18474,2002,-22.460938,25000000.000
18475,2003,-21.972656,25000000.000
18476,2024,-11.718750,25000000.000
18477,2037,-5.371094,25000000.000
18478,2049,0.488281,25000000.000
18479,2050,0.976562,25000000.000
18480,2075,13.183594,25000000.000
18481,2087,19.042969,25000000.000
18482,2097,23.925781,25000000.000
18483,2098,24.414062,25000000.000
18484,2114,32.226562,25000000.000
18485,2120,35.156250,25000000.000
18486,2124,37.109375,25000000.000
18487,2125,37.597656,25000000.000
18488,2128,39.062500,25000000.000
18489,2127,38.574219,25000000.000
18490,2125,37.597656,25000000.000
18491,2125,37.597656,25000000.000
18492,2116,33.203125,25000000.000
18493,2108,29.296875,25000000.000
18494,2100,25.390625,25000000.000
18495,2099,24.902344,25000000.000
18496,2076,13.671875,25000000.000
18497,2064,7.812500,25000000.000
18498,2050,0.976562,25000000.000
18499,2049,0.488281,25000000.000
18500,2020,-13.671875,25000000.000
18501,2007,-20.019531,25000000.000
18502,1995,-25.878906,25000000.000
18503,1993,-26.855469,25000000.000
18504,1974,-36.132812,25000000.000
18505,1968,-39.062500,25000000.000
18506,1964,-41.015625,25000000.000
18507,1963,-41.503906,25000000.000
18508,1960,-42.968750,25000000.000
18509,1962,-41.992188,25000000.000
18510,1965,-40.527344,25000000.000
18511,1966,-40.039062,25000000.000
18512,1976,-35.156250,25000000.000
18513,1984,-31.250000,25000000.000
18514,1993,-26.855469,25000000.000
18515,1993,-26.855469,25000000.000
18516,2015,-16.113281,25000000.000
18517,2027,-10.253906,25000000.000
18518,2039,-4.394531,25000000.000
18519,2040,-3.906250,25000000.000
18520,2065,8.300781,25000000.000
18521,2078,14.648438,25000000.000
18522,2088,19.531250,25000000.000
18523,2090,20.507812,25000000.000
18524,2109,29.785156,25000000.000
18525,2115,32.714844,25000000.000
18526,2122,36.132812,25000000.000
18527,2122,36.132812,25000000.000
18528,2129,39.550781,25000000.000
18529,2129,39.550781,25000000.000
18530,2129,39.550781,25000000.000
18531,2128,39.062500,25000000.000
18532,2121,35.644531,25000000.000
18533,2116,33.203125,25000000.000
18534,2108,29.296875,25000000.000
18535,2107,28.808594,25000000.000
18536,2087,19.042969,25000000.000
18537,2077,14.160156,25000000.000
18538,2064,7.812500,25000000.000
18539,2061,6.347656,25000000.000
18540,2033,-7.324219,25000000.000
18541,2019,-14.160156,25000000.000
18542,2006,-20.507812,25000000.000
18543,2005,-20.996094,25000000.000
18544,1982,-32.226562,25000000.000
18545,1974,-36.132812,25000000.000
18546,1968,-39.062500,25000000.000
18547,1967,-39.550781,25000000.000
18548,1961,-42.480469,25000000.000
18549,1960,-42.968750,25000000.000
18550,1961,-42.480469,25000000.000
18551,1962,-41.992188,25000000.000
18552,1970,-38.085938,25000000.000
18553,1978,-34.179688,25000000.000
18554,1986,-30.273438,25000000.000
18555,1986,-30.273438,25000000.000
18556,2006,-20.507812,25000000.000
18557,2019,-14.160156,25000000.000
18558,2028,-9.765625,25000000.000
18559,2034,-6.835938,25000000.000
18560,2053,2.441406,25000000.000
18561,2066,8.789062,25000000.000
18562,2079,15.136719,25000000.000
18563,2080,15.625000,25000000.000
18564,2101,25.878906,25000000.000
18565,2109,29.785156,25000000.000
18566,2117,33.691406,25000000.000
18567,2118,34.179688,25000000.000
18568,2126,38.085938,25000000.000
18569,2128,39.062500,25000000.000
18570,2129,39.550781,25000000.000
18571,2129,39.550781,25000000.000
18572,2124,37.109375,25000000.000
18573,2120,35.156250,25000000.000
18574,2114,32.226562,25000000.000
18575,2114,32.226562,25000000.000
18576,2097,23.925781,25000000.000
18577,2087,19.042969,25000000.000
18578,2074,12.695312,25000000.000
18579,2072,11.718750,25000000.000
18580,2046,-0.976562,25000000.000
18581,2032,-7.812500,25000000.000
18582,2017,-15.136719,25000000.000
18583,2016,-15.625000,25000000.000
18584,1991,-27.832031,25000000.000
18585,1982,-32.226562,25000000.000
18586,1973,-36.621094,25000000.000
18587,1973,-36.621094,25000000.000
18588,1962,-41.992188,25000000.000
18589,1961,-42.480469,25000000.000
18590,1962,-41.992188,25000000.000
18591,1961,-42.480469,25000000.000
18592,1966,-40.039062,25000000.000
18593,1972,-37.109375,25000000.000
18594,1978,-34.179688,25000000.000
18595,1979,-33.691406,25000000.000
18596,1996,-25.390625,25000000.000
18597,2007,-20.019531,25000000.000
18598,2019,-14.160156,25000000.000
18599,2019,-14.160156,25000000.000
18600,2045,-1.464844,25000000.000
18601,2057,4.394531,25000000.000
18602,2068,9.765625,25000000.000
18603,2070,10.742188,25000000.000
18604,2092,21.484375,25000000.000
18605,2102,26.367188,25000000.000
18606,2110,30.273438,25000000.000
18607,2112,31.250000,25000000.000
18608,2123,36.621094,25000000.000
18609,2127,38.574219,25000000.000
18610,2128,39.062500,25000000.000
18611,2128,39.062500,25000000.000
18612,2128,39.062500,25000000.000
18613,2125,37.597656,25000000.000
18614,2120,35.156250,25000000.000
18615,2119,34.667969,25000000.000
18616,2105,27.832031,25000000.000
18617,2096,23.437500,25000000.000
18618,2084,17.578125,25000000.000
18619,2083,17.089844,25000000.000
18620,2059,5.371094,25000000.000
18621,2043,-2.441406,25000000.000
18622,2029,-9.277344,25000000.000
18623,2028,-9.765625,25000000.000
18624,2002,-22.460938,25000000.000
18625,1990,-28.320312,25000000.000
18626,1979,-33.691406,25000000.000
18627,1978,-34.179688,25000000.000
18628,1965,-40.527344,25000000.000
18629,1961,-42.480469,25000000.000
18630,1958,-43.945312,25000000.000
18631,1959,-43.457031,25000000.000
18632,1962,-41.992188,25000000.000
18633,1967,-39.550781,25000000.000
18634,1972,-37.109375,25000000.000
18635,1971,-37.597656,25000000.000
18636,1987,-29.785156,25000000.000
18637,1996,-25.390625,25000000.000
18638,2007,-20.019531,25000000.000
18639,2008,-19.531250,25000000.000
18640,2030,-8.789062,25000000.000
18641,2043,-2.441406,25000000.000
18642,2056,3.906250,25000000.000
18643,2058,4.882812,25000000.000
18644,2082,16.601562,25000000.000
18645,2092,21.484375,25000000.000
18646,2102,26.367188,25000000.000
18647,2104,27.343750,25000000.000
18648,2119,34.667969,25000000.000
18649,2124,37.109375,25000000.000
18650,2127,38.574219,25000000.000
18651,2127,38.574219,25000000.000
18652,2129,39.550781,25000000.000
18653,2127,38.574219,25000000.000
18654,2123,36.621094,25000000.000
18655,2123,36.621094,25000000.000
18656,2112,31.250000,25000000.000
18657,2104,27.343750,25000000.000
18658,2094,22.460938,25000000.000
18659,2093,21.972656,25000000.000
18660,2069,10.253906,25000000.000
18661,2056,3.906250,25000000.000
18662,2041,-3.417969,25000000.000
18663,2040,-3.906250,25000000.000
18664,2012,-17.578125,25000000.000
18665,2000,-23.437500,25000000.000
18666,1988,-29.296875,25000000.000
18667,1987,-29.785156,25000000.000
18668,1970,-38.085938,25000000.000
18669,1964,-41.015625,25000000.000
18670,1960,-42.968750,25000000.000
18671,1960,-42.968750,25000000.000
18672,1960,-42.968750,25000000.000
18673,1962,-41.992188,25000000.000
18674,1967,-39.550781,25000000.000
18675,1967,-39.550781,25000000.000
18676,1980,-33.203125,25000000.000
18677,1988,-29.296875,25000000.000
18678,1999,-23.925781,25000000.000
18679,1999,-23.925781,25000000.000
18680,2021,-13.183594,25000000.000
18681,2033,-7.324219,25000000.000
18682,2046,-0.976562,25000000.000
18683,2046,-0.976562,25000000.000
18684,2071,11.230469,25000000.000
18685,2083,17.089844,25000000.000
18686,2094,22.460938,25000000.000
18687,2096,23.437500,25000000.000
18688,2113,31.738281,25000000.000
18689,2119,34.667969,25000000.000
18690,2126,38.085938,25000000.000
18691,2125,37.597656,25000000.000
18692,2129,39.550781,25000000.000
18693,2128,39.062500,25000000.000
18694,2126,38.085938,25000000.000
18695,2126,38.085938,25000000.000
18696,2118,34.179688,25000000.000
18697,2112,31.250000,25000000.000
18698,2102,26.367188,25000000.000
18699,2102,26.367188,25000000.000
18700,2082,16.601562,25000000.000
18701,2069,10.253906,25000000.000
18702,2054,2.929688,25000000.000
18703,2054,2.929688,25000000.000
18704,2025,-11.230469,25000000.000
18705,2011,-18.066406,25000000.000
18706,1998,-24.414062,25000000.000
18707,1997,-24.902344,25000000.000
18708,1978,-34.179688,25000000.000
18709,1969,-38.574219,25000000.000
18710,1964,-41.015625,25000000.000
18711,1963,-41.503906,25000000.000
18712,1960,-42.968750,25000000.000
18713,1961,-42.480469,25000000.000
18714,1964,-41.015625,25000000.000
18715,1965,-40.527344,25000000.000
18716,1974,-36.132812,25000000.000
18717,1981,-32.714844,25000000.000
18718,1991,-27.832031,25000000.000
18719,1991,-27.832031,25000000.000
18720,2011,-18.066406,25000000.000
18721,2023,-12.207031,25000000.000
18722,2035,-6.347656,25000000.000
18723,2037,-5.371094,25000000.000
18724,2060,5.859375,25000000.000
18725,2074,12.695312,25000000.000
18726,2086,18.554688,25000000.000
18727,2086,18.554688,25000000.000
18728,2106,28.320312,25000000.000
18729,2114,32.226562,25000000.000
18730,2120,35.156250,25000000.000
18731,2120,35.156250,25000000.000
18732,2128,39.062500,25000000.000
18733,2129,39.550781,25000000.000
18734,2128,39.062500,25000000.000
18735,2127,38.574219,25000000.000
18736,2122,36.132812,25000000.000
18737,2117,33.691406,25000000.000
18738,2110,30.273438,25000000.000
18739,2109,29.785156,25000000.000
18740,2091,20.996094,25000000.000
18741,2080,15.625000,25000000.000
18742,2067,9.277344,25000000.000
18743,2065,8.300781,25000000.000
18744,2038,-4.882812,25000000.000
18745,2024,-11.718750,25000000.000
18746,2010,-18.554688,25000000.000
18747,2009,-19.042969,25000000.000
18748,1985,-30.761719,25000000.000
18749,1976,-35.156250,25000000.000
18750,1969,-38.574219,25000000.000
18751,1968,-39.062500,25000000.000
18752,1960,-42.968750,25000000.000
18753,1960,-42.968750,25000000.000
18754,1959,-43.457031,25000000.000
18755,1961,-42.480469,25000000.000
18756,1969,-38.574219,25000000.000
18757,1975,-35.644531,25000000.000
18758,1982,-32.226562,25000000.000
18759,1984,-31.250000,25000000.000
18760,2000,-23.437500,25000000.000
18761,2011,-18.066406,25000000.000
18762,2024,-11.718750,25000000.000
18763,2026,-10.742188,25000000.000
18764,2049,0.488281,25000000.000
18765,2063,7.324219,25000000.000
18766,2075,13.183594,25000000.000
18767,2076,13.671875,25000000.000
18768,2098,24.414062,25000000.000
18769,2107,28.808594,25000000.000
18770,2115,32.714844,25000000.000
18771,2115,32.714844,25000000.000
18772,2126,38.085938,25000000.000
18773,2129,39.550781,25000000.000
18774,2130,40.039062,25000000.000
18775,2129,39.550781,25000000.000
18776,2126,38.085938,25000000.000
18777,2123,36.621094,25000000.000
18778,2116,33.203125,25000000.000
18779,2115,32.714844,25000000.000
18780,2099,24.902344,25000000.000
18781,2090,20.507812,25000000.000
18782,2078,14.648438,25000000.000
18783,2076,13.671875,25000000.000
18784,2049,0.488281,25000000.000
18785,2035,-6.347656,25000000.000
18786,2021,-13.183594,25000000.000
18787,2020,-13.671875,25000000.000
18788,1995,-25.878906,25000000.000
18789,1984,-31.250000,25000000.000
18790,1975,-35.644531,25000000.000
18791,1974,-36.132812,25000000.000
18792,1963,-41.503906,25000000.000
18793,1960,-42.968750,25000000.000
18794,1960,-42.968750,25000000.000
18795,1960,-42.968750,25000000.000
18796,1964,-41.015625,25000000.000
18797,1969,-38.574219,25000000.000
18798,1976,-35.156250,25000000.000
18799,1975,-35.644531,25000000.000
18800,1993,-26.855469,25000000.000
18801,2003,-21.972656,25000000.000
18802,2015,-16.113281,25000000.000
18803,2015,-16.113281,25000000.000
18804,2039,-4.394531,25000000.000
18805,2053,2.441406,25000000.000
18806,2064,7.812500,25000000.000
18807,2066,8.789062,25000000.000
18808,2089,20.019531,25000000.000
18809,2099,24.902344,25000000.000
18810,2107,28.808594,25000000.000
18811,2109,29.785156,25000000.000
18812,2122,36.132812,25000000.000
18813,2125,37.597656,25000000.000
18814,2128,39.062500,25000000.000
18815,2128,39.062500,25000000.000
18816,2127,38.574219,25000000.000
18817,2124,37.109375,25000000.000
18818,2121,35.644531,25000000.000
18819,2119,34.667969,25000000.000
18820,2106,28.320312,25000000.000
18821,2097,23.925781,25000000.000
18822,2086,18.554688,25000000.000
18823,2084,17.578125,25000000.000
18824,2061,6.347656,25000000.000
18825,2047,-0.488281,25000000.000
18826,2032,-7.812500,25000000.000
18827,2031,-8.300781,25000000.000
18828,2004,-21.484375,25000000.000
18829,1992,-27.343750,25000000.000
18830,1982,-32.226562,25000000.000
18831,1981,-32.714844,25000000.000
18832,1967,-39.550781,25000000.000
18833,1962,-41.992188,25000000.000
18834,1959,-43.457031,25000000.000
18835,1960,-42.968750,25000000.000
18836,1961,-42.480469,25000000.000
18837,1964,-41.015625,25000000.000
18838,1971,-37.597656,25000000.000
18839,1971,-37.597656,25000000.000
18840,1985,-30.761719,25000000.000
18841,1994,-26.367188,25000000.000
18842,2005,-20.996094,25000000.000
18843,2005,-20.996094,25000000.000
18844,2029,-9.277344,25000000.000
18845,2040,-3.906250,25000000.000
18846,2054,2.929688,25000000.000
18847,2055,3.417969,25000000.000
18848,2079,15.136719,25000000.000
18849,2090,20.507812,25000000.000
18850,2100,25.390625,25000000.000
18851,2101,25.878906,25000000.000
18852,2117,33.691406,25000000.000
18853,2122,36.132812,25000000.000
18854,2126,38.085938,25000000.000
18855,2126,38.085938,25000000.000
18856,2128,39.062500,25000000.000
18857,2127,38.574219,25000000.000
18858,2124,37.109375,25000000.000
18859,2123,36.621094,25000000.000
18860,2114,32.226562,25000000.000
18861,2105,27.832031,25000000.000
18862,2097,23.925781,25000000.000
18863,2095,22.949219,25000000.000
18864,2073,12.207031,25000000.000
18865,2058,4.882812,25000000.000
18866,2045,-1.464844,25000000.000
18867,2044,-1.953125,25000000.000
18868,2017,-15.136719,25000000.000
18869,2003,-21.972656,25000000.000
18870,1991,-27.832031,25000000.000
18871,1990,-28.320312,25000000.000
18872,1973,-36.621094,25000000.000
18873,1966,-40.039062,25000000.000
18874,1962,-41.992188,25000000.000
18875,1961,-42.480469,25000000.000
18876,1959,-43.457031,25000000.000
18877,1962,-41.992188,25000000.000
18878,1966,-40.039062,25000000.000
18879,1966,-40.039062,25000000.000
18880,1977,-34.667969,25000000.000
18881,1987,-29.785156,25000000.000
18882,1996,-25.390625,25000000.000
18883,1998,-24.414062,25000000.000
18884,2018,-14.648438,25000000.000
18885,2030,-8.789062,25000000.000
18886,2044,-1.953125,25000000.000
18887,2044,-1.953125,25000000.000
18888,2069,10.253906,25000000.000
18889,2081,16.113281,25000000.000
18890,2092,21.484375,25000000.000
18891,2093,21.972656,25000000.000
18892,2112,31.250000,25000000.000
18893,2119,34.667969,25000000.000
18894,2124,37.109375,25000000.000
18895,2124,37.109375,25000000.000
18896,2128,39.062500,25000000.000
18897,2129,39.550781,25000000.000
18898,2127,38.574219,25000000.000
18899,2128,39.062500,25000000.000
18900,2118,34.179688,25000000.000
18901,2113,31.738281,25000000.000
18902,2104,27.343750,25000000.000
18903,2104,27.343750,25000000.000
18904,2083,17.089844,25000000.000
18905,2070,10.742188,25000000.000
18906,2054,2.929688,25000000.000
18907,2057,4.394531,25000000.000
18908,2031,-8.300781,25000000.000
18909,2014,-16.601562,25000000.000
18910,2002,-22.460938,25000000.000
18911,2000,-23.437500,25000000.000
18912,1980,-33.203125,25000000.000
18913,1972,-37.109375,25000000.000
18914,1965,-40.527344,25000000.000
18915,1966,-40.039062,25000000.000
18916,1960,-42.968750,25000000.000
18917,1961,-42.480469,25000000.000
18918,1963,-41.503906,25000000.000
18919,1963,-41.503906,25000000.000
18920,1974,-36.132812,25000000.000
18921,1980,-33.203125,25000000.000
18922,1988,-29.296875,25000000.000
18923,1989,-28.808594,25000000.000
18924,2009,-19.042969,25000000.000
18925,2019,-14.160156,25000000.000
18926,2033,-7.324219,25000000.000
18927,2033,-7.324219,25000000.000
18928,2058,4.882812,25000000.000
18929,2071,11.230469,25000000.000
18930,2082,16.601562,25000000.000
18931,2083,17.089844,25000000.000
18932,2103,26.855469,25000000.000
18933,2112,31.250000,25000000.000
18934,2118,34.179688,25000000.000
18935,2119,34.667969,25000000.000
18936,2127,38.574219,25000000.000
18937,2129,39.550781,25000000.000
18938,2129,39.550781,25000000.000
18939,2128,39.062500,25000000.000
18940,2123,36.621094,25000000.000
18941,2119,34.667969,25000000.000
18942,2113,31.738281,25000000.000
18943,2111,30.761719,25000000.000
18944,2093,21.972656,25000000.000
18945,2081,16.113281,25000000.000
18946,2071,11.230469,25000000.000
18947,2068,9.765625,25000000.000
18948,2041,-3.417969,25000000.000
18949,2026,-10.742188,25000000.000
18950,2014,-16.601562,25000000.000
18951,2011,-18.066406,25000000.000
18952,1989,-28.808594,25000000.000
18953,1979,-33.691406,25000000.000
18954,1971,-37.597656,25000000.000
18955,1971,-37.597656,25000000.000
18956,1962,-41.992188,25000000.000
18957,1961,-42.480469,25000000.000
18958,1960,-42.968750,25000000.000
18959,1961,-42.480469,25000000.000
18960,1968,-39.062500,25000000.000
18961,1974,-36.132812,25000000.000
18962,1981,-32.714844,25000000.000
18963,1982,-32.226562,25000000.000
18964,2000,-23.437500,25000000.000
18965,2011,-18.066406,25000000.000
18966,2023,-12.207031,25000000.000
18967,2024,-11.718750,25000000.000
18968,2048,0.000000,25000000.000
18969,2060,5.859375,25000000.000
18970,2074,12.695312,25000000.000
18971,2075,13.183594,25000000.000
18972,2097,23.925781,25000000.000
18973,2106,28.320312,25000000.000
18974,2113,31.738281,25000000.000
18975,2115,32.714844,25000000.000
18976,2125,37.597656,25000000.000
18977,2129,39.550781,25000000.000
18978,2129,39.550781,25000000.000
18979,2129,39.550781,25000000.000
18980,2126,38.085938,25000000.000
18981,2122,36.132812,25000000.000
18982,2118,34.179688,25000000.000
18983,2118,34.179688,25000000.000
18984,2102,26.367188,25000000.000
18985,2092,21.484375,25000000.000
18986,2081,16.113281,25000000.000
18987,2079,15.136719,25000000.000
18988,2053,2.441406,25000000.000
18989,2039,-4.394531,25000000.000
18990,2024,-11.718750,25000000.000
18991,2022,-12.695312,25000000.000
18992,1997,-24.902344,25000000.000
18993,1985,-30.761719,25000000.000
18994,1976,-35.156250,25000000.000
18995,1975,-35.644531,25000000.000
18996,1962,-41.992188,25000000.000
18997,1960,-42.968750,25000000.000
18998,1959,-43.457031,25000000.000
18999,1959,-43.457031,25000000.000
19000,1964,-41.015625,25000000.000
19001,1968,-39.062500,25000000.000
19002,1974,-36.132812,25000000.000
19003,1975,-35.644531,25000000.000
19004,1990,-28.320312,25000000.000
19005,2001,-22.949219,25000000.000
19006,2011,-18.066406,25000000.000
19007,2013,-17.089844,25000000.000
19008,2037,-5.371094,25000000.000
19009,2049,0.488281,25000000.000
19010,2062,6.835938,25000000.000
19011,2063,7.324219,25000000.000
19012,2086,18.554688,25000000.000
19013,2097,23.925781,25000000.000
19014,2106,28.320312,25000000.000
19015,2107,28.808594,25000000.000
19016,2121,35.644531,25000000.000
19017,2126,38.085938,25000000.000
19018,2127,38.574219,25000000.000
19019,2128,39.062500,25000000.000
19020,2127,38.574219,25000000.000
19021,2125,37.597656,25000000.000
19022,2121,35.644531,25000000.000
19023,2121,35.644531,25000000.000
19024,2109,29.785156,25000000.000
19025,2100,25.390625,25000000.000
19026,2090,20.507812,25000000.000
19027,2089,20.019531,25000000.000
19028,2064,7.812500,25000000.000
19029,2050,0.976562,25000000.000
19030,2035,-6.347656,25000000.000
19031,2035,-6.347656,25000000.000
19032,2007,-20.019531,25000000.000
19033,1995,-25.878906,25000000.000
19034,1983,-31.738281,25000000.000
19035,1983,-31.738281,25000000.000
19036,1969,-38.574219,25000000.000
19037,1962,-41.992188,25000000.000
19038,1959,-43.457031,25000000.000
19039,1959,-43.457031,25000000.000
19040,1960,-42.968750,25000000.000
19041,1963,-41.503906,25000000.000
19042,1969,-38.574219,25000000.000
19043,1969,-38.574219,25000000.000
19044,1984,-31.250000,25000000.000
19045,1993,-26.855469,25000000.000
19046,2002,-22.460938,25000000.000
19047,2003,-21.972656,25000000.000
19048,2025,-11.230469,25000000.000
19049,2038,-4.882812,25000000.000
19050,2052,1.953125,25000000.000
19051,2052,1.953125,25000000.000
19052,2076,13.671875,25000000.000
19053,2088,19.531250,25000000.000
19054,2099,24.902344,25000000.000
19055,2100,25.390625,25000000.000
19056,2114,32.226562,25000000.000
19057,2121,35.644531,25000000.000
19058,2125,37.597656,25000000.000
19059,2125,37.597656,25000000.000
19060,2127,38.574219,25000000.000
19061,2127,38.574219,25000000.000
19062,2125,37.597656,25000000.000
19063,2124,37.109375,25000000.000
19064,2114,32.226562,25000000.000
19065,2108,29.296875,25000000.000
19066,2098,24.414062,25000000.000
19067,2097,23.925781,25000000.000
19068,2076,13.671875,25000000.000
19069,2063,7.324219,25000000.000
19070,2050,0.976562,25000000.000
19071,2048,0.000000,25000000.000
19072,2020,-13.671875,25000000.000
19073,2006,-20.507812,25000000.000
19074,1993,-26.855469,25000000.000
19075,1993,-26.855469,25000000.000
19076,1973,-36.621094,25000000.000
19077,1968,-39.062500,25000000.000
19078,1962,-41.992188,25000000.000
19079,1962,-41.992188,25000000.000
19080,1960,-42.968750,25000000.000
19081,1962,-41.992188,25000000.000
19082,1965,-40.527344,25000000.000
19083,1966,-40.039062,25000000.000
19084,1976,-35.156250,25000000.000
19085,1984,-31.250000,25000000.000
19086,1994,-26.367188,25000000.000
19087,1995,-25.878906,25000000.000
19088,2014,-16.601562,25000000.000
19089,2028,-9.765625,25000000.000
19090,2039,-4.394531,25000000.000
19091,2042,-2.929688,25000000.000
19092,2065,8.300781,25000000.000
19093,2077,14.160156,25000000.000
19094,2090,20.507812,25000000.000
19095,2091,20.996094,25000000.000
19096,2109,29.785156,25000000.000
19097,2116,33.203125,25000000.000
19098,2122,36.132812,25000000.000
19099,2123,36.621094,25000000.000
19100,2129,39.550781,25000000.000
19101,2130,40.039062,25000000.000
19102,2128,39.062500,25000000.000
19103,2128,39.062500,25000000.000
19104,2121,35.644531,25000000.000
19105,2115,32.714844,25000000.000
19106,2108,29.296875,25000000.000
19107,2107,28.808594,25000000.000
19108,2087,19.042969,25000000.000
19109,2075,13.183594,25000000.000
19110,2062,6.835938,25000000.000
19111,2060,5.859375,25000000.000
19112,2032,-7.812500,25000000.000
19113,2019,-14.160156,25000000.000
19114,2005,-20.996094,25000000.000
19115,2002,-22.460938,25000000.000
19116,1984,-31.250000,25000000.000
19117,1972,-37.109375,25000000.000
19118,1965,-40.527344,25000000.000
19119,1967,-39.550781,25000000.000
19120,1960,-42.968750,25000000.000
19121,1960,-42.968750,25000000.000
19122,1962,-41.992188,25000000.000
19123,1961,-42.480469,25000000.000
19124,1970,-38.085938,25000000.000
19125,1977,-34.667969,25000000.000
19126,1986,-30.273438,25000000.000
19127,1987,-29.785156,25000000.000
19128,2007,-20.019531,25000000.000
19129,2017,-15.136719,25000000.000
19130,2030,-8.789062,25000000.000
19131,2031,-8.300781,25000000.000
19132,2056,3.906250,25000000.000
19133,2069,10.253906,25000000.000
19134,2081,16.113281,25000000.000
19135,2081,16.113281,25000000.000
19136,2102,26.367188,25000000.000
19137,2111,30.761719,25000000.000
19138,2118,34.179688,25000000.000
19139,2119,34.667969,25000000.000
19140,2127,38.574219,25000000.000
19141,2130,40.039062,25000000.000
19142,2130,40.039062,25000000.000
19143,2129,39.550781,25000000.000
19144,2124,37.109375,25000000.000
19145,2119,34.667969,25000000.000
19146,2114,32.226562,25000000.000
19147,2114,32.226562,25000000.000
19148,2097,23.925781,25000000.000
19149,2086,18.554688,25000000.000
19150,2071,11.230469,25000000.000
19151,2071,11.230469,25000000.000
19152,2044,-1.953125,25000000.000
19153,2030,-8.789062,25000000.000
19154,2016,-15.625000,25000000.000
19155,2013,-17.089844,25000000.000
19156,1990,-28.320312,25000000.000
19157,1980,-33.203125,25000000.000
19158,1971,-37.597656,25000000.000
19159,1970,-38.085938,25000000.000
19160,1962,-41.992188,25000000.000
19161,1960,-42.968750,25000000.000
19162,1960,-42.968750,25000000.000
19163,1961,-42.480469,25000000.000
19164,1967,-39.550781,25000000.000
19165,1973,-36.621094,25000000.000
19166,1979,-33.691406,25000000.000
19167,1980,-33.203125,25000000.000
19168,1997,-24.902344,25000000.000
19169,2007,-20.019531,25000000.000
19170,2020,-13.671875,25000000.000
19171,2020,-13.671875,25000000.000
19172,2044,-1.953125,25000000.000
19173,2056,3.906250,25000000.000
19174,2070,10.742188,25000000.000
19175,2071,11.230469,25000000.000
19176,2094,22.460938,25000000.000
19177,2104,27.343750,25000000.000
19178,2112,31.250000,25000000.000
19179,2113,31.738281,25000000.000
19180,2124,37.109375,25000000.000
19181,2128,39.062500,25000000.000
19182,2129,39.550781,25000000.000
19183,2129,39.550781,25000000.000
19184,2127,38.574219,25000000.000
19185,2124,37.109375,25000000.000
19186,2119,34.667969,25000000.000
19187,2119,34.667969,25000000.000
19188,2104,27.343750,25000000.000
19189,2094,22.460938,25000000.000
19190,2082,16.601562,25000000.000
19191,2081,16.113281,25000000.000
19192,2057,4.394531,25000000.000
19193,2042,-2.929688,25000000.000
19194,2027,-10.253906,25000000.000
19195,2026,-10.742188,25000000.000
19196,2000,-23.437500,25000000.000
19197,1988,-29.296875,25000000.000
19198,1979,-33.691406,25000000.000
19199,1978,-34.179688,25000000.000
19200,1964,-41.015625,25000000.000
19201,1961,-42.480469,25000000.000
19202,1958,-43.945312,25000000.000
19203,1959,-43.457031,25000000.000
19204,1963,-41.503906,25000000.000
19205,1966,-40.039062,25000000.000
19206,1974,-36.132812,25000000.000
19207,1973,-36.621094,25000000.000
19208,1988,-29.296875,25000000.000
19209,1999,-23.925781,25000000.000
19210,2009,-19.042969,25000000.000
19211,2010,-18.554688,25000000.000
19212,2033,-7.324219,25000000.000
19213,2047,-0.488281,25000000.000
19214,2059,5.371094,25000000.000
19215,2060,5.859375,25000000.000
19216,2083,17.089844,25000000.000
19217,2094,22.460938,25000000.000
19218,2104,27.343750,25000000.000
19219,2105,27.832031,25000000.000
19220,2118,34.179688,25000000.000
19221,2123,36.621094,25000000.000
19222,2126,38.085938,25000000.000
19223,2127,38.574219,25000000.000
19224,2129,39.550781,25000000.000
19225,2125,37.597656,25000000.000
19226,2121,35.644531,25000000.000
19227,2121,35.644531,25000000.000
19228,2112,31.250000,25000000.000
19229,2102,26.367188,25000000.000
19230,2092,21.484375,25000000.000
19231,2091,20.996094,25000000.000
19232,2067,9.277344,25000000.000
19233,2054,2.929688,25000000.000
19234,2040,-3.906250,25000000.000
19235,2037,-5.371094,25000000.000
19236,2011,-18.066406,25000000.000
19237,1999,-23.925781,25000000.000
19238,1988,-29.296875,25000000.000
19239,1986,-30.273438,25000000.000
19240,1969,-38.574219,25000000.000
19241,1965,-40.527344,25000000.000
19242,1960,-42.968750,25000000.000
19243,1960,-42.968750,25000000.000
19244,1960,-42.968750,25000000.000
19245,1963,-41.503906,25000000.000
19246,1968,-39.062500,25000000.000
19247,1969,-38.574219,25000000.000
19248,1981,-32.714844,25000000.000
19249,1989,-28.808594,25000000.000
19250,1999,-23.925781,25000000.000
19251,2000,-23.437500,25000000.000
19252,2022,-12.695312,25000000.000
19253,2034,-6.835938,25000000.000
19254,2044,-1.953125,25000000.000
19255,2049,0.488281,25000000.000
19256,2077,14.160156,25000000.000
19257,2085,18.066406,25000000.000
19258,2095,22.949219,25000000.000
19259,2097,23.925781,25000000.000
19260,2113,31.738281,25000000.000
19261,2120,35.156250,25000000.000
19262,2124,37.109375,25000000.000
19263,2125,37.597656,25000000.000
19264,2129,39.550781,25000000.000
19265,2128,39.062500,25000000.000
19266,2126,38.085938,25000000.000
19267,2126,38.085938,25000000.000
19268,2117,33.691406,25000000.000
19269,2110,30.273438,25000000.000
19270,2101,25.878906,25000000.000
19271,2099,24.902344,25000000.000
19272,2079,15.136719,25000000.000
19273,2066,8.789062,25000000.000
19274,2052,1.953125,25000000.000
19275,2051,1.464844,25000000.000
19276,2022,-12.695312,25000000.000
19277,2010,-18.554688,25000000.000
19278,1997,-24.902344,25000000.000
19279,1996,-25.390625,25000000.000
19280,1976,-35.156250,25000000.000
19281,1968,-39.062500,25000000.000
19282,1963,-41.503906,25000000.000
19283,1963,-41.503906,25000000.000
19284,1960,-42.968750,25000000.000
19285,1961,-42.480469,25000000.000
19286,1964,-41.015625,25000000.000
19287,1965,-40.527344,25000000.000
19288,1975,-35.644531,25000000.000
19289,1983,-31.738281,25000000.000
19290,1993,-26.855469,25000000.000
19291,1993,-26.855469,25000000.000
19292,2012,-17.578125,25000000.000
19293,2026,-10.742188,25000000.000
19294,2039,-4.394531,25000000.000
19295,2040,-3.906250,25000000.000
19296,2064,7.812500,25000000.000
19297,2076,13.671875,25000000.000
19298,2088,19.531250,25000000.000
19299,2089,20.019531,25000000.000
19300,2107,28.808594,25000000.000
19301,2114,32.226562,25000000.000
19302,2121,35.644531,25000000.000
19303,2122,36.132812,25000000.000
19304,2128,39.062500,25000000.000
19305,2128,39.062500,25000000.000
19306,2127,38.574219,25000000.000
19307,2128,39.062500,25000000.000
19308,2120,35.156250,25000000.000
19309,2115,32.714844,25000000.000
19310,2108,29.296875,25000000.000
19311,2107,28.808594,25000000.000
19312,2088,19.531250,25000000.000
19313,2078,14.648438,25000000.000
19314,2064,7.812500,25000000.000
19315,2062,6.835938,25000000.000
19316,2035,-6.347656,25000000.000
19317,2022,-12.695312,25000000.000
19318,2003,-21.972656,25000000.000
19319,2006,-20.507812,25000000.000
19320,1986,-30.273438,25000000.000
19321,1976,-35.156250,25000000.000
19322,1967,-39.550781,25000000.000
19323,1967,-39.550781,25000000.000
19324,1960,-42.968750,25000000.000
19325,1962,-41.992188,25000000.000
19326,1961,-42.480469,25000000.000
19327,1962,-41.992188,25000000.000
19328,1970,-38.085938,25000000.000
19329,1977,-34.667969,25000000.000
19330,1984,-31.250000,25000000.000
19331,1985,-30.761719,25000000.000
19332,2004,-21.484375,25000000.000
19333,2015,-16.113281,25000000.000
19334,2028,-9.765625,25000000.000
19335,2028,-9.765625,25000000.000
19336,2053,2.441406,25000000.000
19337,2065,8.300781,25000000.000
19338,2078,14.648438,25000000.000
19339,2079,15.136719,25000000.000
19340,2100,25.390625,25000000.000
19341,2109,29.785156,25000000.000
19342,2117,33.691406,25000000.000
19343,2117,33.691406,25000000.000
19344,2126,38.085938,25000000.000
19345,2129,39.550781,25000000.000
19346,2130,40.039062,25000000.000
19347,2129,39.550781,25000000.000
19348,2126,38.085938,25000000.000
19349,2120,35.156250,25000000.000
19350,2116,33.203125,25000000.000
19351,2115,32.714844,25000000.000
19352,2099,24.902344,25000000.000
19353,2088,19.531250,25000000.000
19354,2076,13.671875,25000000.000
19355,2074,12.695312,25000000.000
19356,2048,0.000000,25000000.000
19357,2033,-7.324219,25000000.000
19358,2019,-14.160156,25000000.000
19359,2018,-14.648438,25000000.000
19360,1994,-26.367188,25000000.000
19361,1983,-31.738281,25000000.000
19362,1974,-36.132812,25000000.000
19363,1974,-36.132812,25000000.000
19364,1963,-41.503906,25000000.000
19365,1961,-42.480469,25000000.000
19366,1960,-42.968750,25000000.000
19367,1960,-42.968750,25000000.000
19368,1965,-40.527344,25000000.000
19369,1970,-38.085938,25000000.000
19370,1977,-34.667969,25000000.000
19371,1977,-34.667969,25000000.000
19372,1995,-25.878906,25000000.000
19373,2005,-20.996094,25000000.000
19374,2016,-15.625000,25000000.000
19375,2017,-15.136719,25000000.000
19376,2041,-3.417969,25000000.000
19377,2054,2.929688,25000000.000
19378,2067,9.277344,25000000.000
19379,2068,9.765625,25000000.000
19380,2091,20.996094,25000000.000
19381,2100,25.390625,25000000.000
19382,2109,29.785156,25000000.000
19383,2110,30.273438,25000000.000
19384,2122,36.132812,25000000.000
19385,2125,37.597656,25000000.000
19386,2128,39.062500,25000000.000
19387,2129,39.550781,25000000.000
19388,2127,38.574219,25000000.000
19389,2124,37.109375,25000000.000
19390,2119,34.667969,25000000.000
19391,2118,34.179688,25000000.000
19392,2107,28.808594,25000000.000
19393,2097,23.925781,25000000.000
19394,2085,18.066406,25000000.000
19395,2084,17.578125,25000000.000
19396,2060,5.859375,25000000.000
19397,2045,-1.464844,25000000.000
19398,2030,-8.789062,25000000.000
19399,2028,-9.765625,25000000.000
19400,2002,-22.460938,25000000.000
19401,1991,-27.832031,25000000.000
19402,1980,-33.203125,25000000.000
19403,1979,-33.691406,25000000.000
19404,1965,-40.527344,25000000.000
19405,1960,-42.968750,25000000.000
19406,1959,-43.457031,25000000.000
19407,1960,-42.968750,25000000.000
19408,1961,-42.480469,25000000.000
19409,1965,-40.527344,25000000.000
19410,1970,-38.085938,25000000.000
19411,1972,-37.109375,25000000.000
19412,1986,-30.273438,25000000.000
19413,1997,-24.902344,25000000.000
19414,2005,-20.996094,25000000.000
19415,2008,-19.531250,25000000.000
19416,2030,-8.789062,25000000.000
19417,2043,-2.441406,25000000.000
19418,2056,3.906250,25000000.000
19419,2058,4.882812,25000000.000
19420,2080,15.625000,25000000.000
19421,2092,21.484375,25000000.000
19422,2103,26.855469,25000000.000
19423,2103,26.855469,25000000.000
19424,2118,34.179688,25000000.000
19425,2123,36.621094,25000000.000
19426,2126,38.085938,25000000.000
19427,2126,38.085938,25000000.000
19428,2129,39.550781,25000000.000
19429,2127,38.574219,25000000.000
19430,2122,36.132812,25000000.000
19431,2122,36.132812,25000000.000
19432,2112,31.250000,25000000.000
19433,2104,27.343750,25000000.000
19434,2096,23.437500,25000000.000
19435,2093,21.972656,25000000.000
19436,2072,11.718750,25000000.000
19437,2058,4.882812,25000000.000
19438,2045,-1.464844,25000000.000
19439,2042,-2.929688,25000000.000
19440,2015,-16.113281,25000000.000
19441,2001,-22.949219,25000000.000
19442,1989,-28.808594,25000000.000
19443,1988,-29.296875,25000000.000
19444,1971,-37.597656,25000000.000
19445,1965,-40.527344,25000000.000
19446,1961,-42.480469,25000000.000
19447,1961,-42.480469,25000000.000
19448,1958,-43.945312,25000000.000
19449,1962,-41.992188,25000000.000
19450,1967,-39.550781,25000000.000
19451,1967,-39.550781,25000000.000
19452,1978,-34.179688,25000000.000
19453,1988,-29.296875,25000000.000
19454,1997,-24.902344,25000000.000
19455,1997,-24.902344,25000000.000
19456,2021,-13.183594,25000000.000
19457,2033,-7.324219,25000000.000
19458,2045,-1.464844,25000000.000
19459,2047,-0.488281,25000000.000
19460,2070,10.742188,25000000.000
19461,2083,17.089844,25000000.000
19462,2094,22.460938,25000000.000
19463,2096,23.437500,25000000.000
19464,2111,30.761719,25000000.000
19465,2118,34.179688,25000000.000
19466,2123,36.621094,25000000.000
19467,2124,37.109375,25000000.000
19468,2130,40.039062,25000000.000
19469,2128,39.062500,25000000.000
19470,2127,38.574219,25000000.000
19471,2127,38.574219,25000000.000
19472,2119,34.667969,25000000.000
19473,2112,31.250000,25000000.000
19474,2104,27.343750,25000000.000
19475,2103,26.855469,25000000.000
19476,2082,16.601562,25000000.000
19477,2070,10.742188,25000000.000
19478,2056,3.906250,25000000.000
19479,2054,2.929688,25000000.000
19480,2026,-10.742188,25000000.000
19481,2013,-17.089844,25000000.000
19482,1998,-24.414062,25000000.000
19483,1999,-23.925781,25000000.000
19484,1979,-33.691406,25000000.000
19485,1970,-38.085938,25000000.000
19486,1965,-40.527344,25000000.000
19487,1965,-40.527344,25000000.000
19488,1960,-42.968750,25000000.000
19489,1961,-42.480469,25000000.000
19490,1963,-41.503906,25000000.000
19491,1962,-41.992188,25000000.000
19492,1973,-36.621094,25000000.000
19493,1981,-32.714844,25000000.000
19494,1990,-28.320312,25000000.000
19495,1990,-28.320312,25000000.000
19496,2011,-18.066406,25000000.000
19497,2023,-12.207031,25000000.000
19498,2036,-5.859375,25000000.000
19499,2036,-5.859375,25000000.000
19500,2061,6.347656,25000000.000
19501,2074,12.695312,25000000.000
19502,2085,18.066406,25000000.000
19503,2087,19.042969,25000000.000
19504,2105,27.832031,25000000.000
19505,2113,31.738281,25000000.000
19506,2119,34.667969,25000000.000
19507,2121,35.644531,25000000.000
19508,2128,39.062500,25000000.000
19509,2129,39.550781,25000000.000
19510,2129,39.550781,25000000.000
19511,2128,39.062500,25000000.000
19512,2123,36.621094,25000000.000
19513,2117,33.691406,25000000.000
19514,2111,30.761719,25000000.000
19515,2109,29.785156,25000000.000
19516,2093,21.972656,25000000.000
19517,2081,16.113281,25000000.000
19518,2068,9.765625,25000000.000
19519,2066,8.789062,25000000.000
19520,2040,-3.906250,25000000.000
19521,2026,-10.742188,25000000.000
19522,2011,-18.066406,25000000.000
19523,2010,-18.554688,25000000.000
19524,1987,-29.785156,25000000.000
19525,1977,-34.667969,25000000.000
19526,1971,-37.597656,25000000.000
19527,1969,-38.574219,25000000.000
19528,1960,-42.968750,25000000.000
19529,1960,-42.968750,25000000.000
19530,1961,-42.480469,25000000.000
19531,1962,-41.992188,25000000.000
19532,1968,-39.062500,25000000.000
19533,1973,-36.621094,25000000.000
19534,1982,-32.226562,25000000.000
19535,1982,-32.226562,25000000.000
19536,2000,-23.437500,25000000.000
19537,2012,-17.578125,25000000.000
19538,2023,-12.207031,25000000.000
19539,2024,-11.718750,25000000.000
19540,2049,0.488281,25000000.000
19541,2062,6.835938,25000000.000
19542,2075,13.183594,25000000.000
19543,2075,13.183594,25000000.000
19544,2096,23.437500,25000000.000
19545,2106,28.320312,25000000.000
19546,2115,32.714844,25000000.000
19547,2115,32.714844,25000000.000
19548,2126,38.085938,25000000.000
19549,2127,38.574219,25000000.000
19550,2128,39.062500,25000000.000
19551,2130,40.039062,25000000.000
19552,2126,38.085938,25000000.000
19553,2122,36.132812,25000000.000
19554,2116,33.203125,25000000.000
19555,2116,33.203125,25000000.000
19556,2100,25.390625,25000000.000
19557,2091,20.996094,25000000.000
19558,2079,15.136719,25000000.000
19559,2078,14.648438,25000000.000
19560,2052,1.953125,25000000.000
19561,2037,-5.371094,25000000.000
19562,2022,-12.695312,25000000.000
19563,2021,-13.183594,25000000.000
19564,1997,-24.902344,25000000.000
19565,1985,-30.761719,25000000.000
19566,1976,-35.156250,25000000.000
19567,1975,-35.644531,25000000.000
19568,1963,-41.503906,25000000.000
19569,1959,-43.457031,25000000.000
19570,1959,-43.457031,25000000.000
19571,1959,-43.457031,25000000.000
19572,1963,-41.503906,25000000.000
19573,1967,-39.550781,25000000.000
19574,1974,-36.132812,25000000.000
19575,1975,-35.644531,25000000.000
19576,1991,-27.832031,25000000.000
19577,2001,-22.949219,25000000.000
19578,2012,-17.578125,25000000.000
19579,2014,-16.601562,25000000.000
19580,2038,-4.882812,25000000.000
19581,2051,1.464844,25000000.000
19582,2063,7.324219,25000000.000
19583,2065,8.300781,25000000.000
19584,2089,20.019531,25000000.000
19585,2098,24.414062,25000000.000
19586,2108,29.296875,25000000.000
19587,2108,29.296875,25000000.000
19588,2121,35.644531,25000000.000
19589,2125,37.597656,25000000.000
19590,2128,39.062500,25000000.000
19591,2128,39.062500,25000000.000
19592,2127,38.574219,25000000.000
19593,2126,38.085938,25000000.000
19594,2120,35.156250,25000000.000
19595,2120,35.156250,25000000.000
19596,2107,28.808594,25000000.000
19597,2098,24.414062,25000000.000
19598,2088,19.531250,25000000.000
19599,2087,19.042969,25000000.000
19600,2064,7.812500,25000000.000
19601,2048,0.000000,25000000.000
19602,2035,-6.347656,25000000.000
19603,2030,-8.789062,25000000.000
19604,2006,-20.507812,25000000.000
19605,1992,-27.343750,25000000.000
19606,1982,-32.226562,25000000.000
19607,1981,-32.714844,25000000.000
19608,1965,-40.527344,25000000.000
19609,1963,-41.503906,25000000.000
19610,1959,-43.457031,25000000.000
19611,1959,-43.457031,25000000.000
19612,1960,-42.968750,25000000.000
19613,1964,-41.015625,25000000.000
19614,1969,-38.574219,25000000.000
19615,1970,-38.085938,25000000.000
19616,1984,-31.250000,25000000.000
19617,1993,-26.855469,25000000.000
19618,2004,-21.484375,25000000.000
19619,2004,-21.484375,25000000.000
19620,2027,-10.253906,25000000.000
19621,2039,-4.394531,25000000.000
19622,2053,2.441406,25000000.000
19623,2054,2.929688,25000000.000
19624,2078,14.648438,25000000.000
19625,2088,19.531250,25000000.000
19626,2099,24.902344,25000000.000
19627,2100,25.390625,25000000.000
19628,2115,32.714844,25000000.000
19629,2122,36.132812,25000000.000
19630,2127,38.574219,25000000.000
19631,2127,38.574219,25000000.000
19632,2128,39.062500,25000000.000
19633,2127,38.574219,25000000.000
19634,2124,37.109375,25000000.000
19635,2124,37.109375,25000000.000
19636,2115,32.714844,25000000.000
19637,2106,28.320312,25000000.000
19638,2098,24.414062,25000000.000
19639,2096,23.437500,25000000.000
19640,2075,13.183594,25000000.000
19641,2062,6.835938,25000000.000
19642,2048,0.000000,25000000.000
19643,2046,-0.976562,25000000.000
19644,2018,-14.648438,25000000.000
19645,2005,-20.996094,25000000.000
19646,1993,-26.855469,25000000.000
19647,1992,-27.343750,25000000.000
19648,1974,-36.132812,25000000.000
19649,1967,-39.550781,25000000.000
19650,1962,-41.992188,25000000.000
19651,1963,-41.503906,25000000.000
19652,1960,-42.968750,25000000.000
19653,1961,-42.480469,25000000.000
19654,1965,-40.527344,25000000.000
19655,1965,-40.527344,25000000.000
19656,1977,-34.667969,25000000.000
19657,1985,-30.761719,25000000.000
19658,1995,-25.878906,25000000.000
19659,1995,-25.878906,25000000.000
19660,2017,-15.136719,25000000.000
19661,2029,-9.277344,25000000.000
19662,2042,-2.929688,25000000.000
19663,2043,-2.441406,25000000.000
19664,2067,9.277344,25000000.000
19665,2080,15.625000,25000000.000
19666,2091,20.996094,25000000.000
19667,2092,21.484375,25000000.000
19668,2110,30.273438,25000000.000
19669,2116,33.203125,25000000.000
19670,2122,36.132812,25000000.000
19671,2122,36.132812,25000000.000
19672,2128,39.062500,25000000.000
19673,2129,39.550781,25000000.000
19674,2127,38.574219,25000000.000
19675,2127,38.574219,25000000.000
19676,2120,35.156250,25000000.000
19677,2113,31.738281,25000000.000
19678,2106,28.320312,25000000.000
19679,2105,27.832031,25000000.000
19680,2085,18.066406,25000000.000
19681,2073,12.207031,25000000.000
19682,2059,5.371094,25000000.000
19683,2058,4.882812,25000000.000
19684,2032,-7.812500,25000000.000
19685,2018,-14.648438,25000000.000
19686,2004,-21.484375,25000000.000
19687,2002,-22.460938,25000000.000
19688,1982,-32.226562,25000000.000
19689,1974,-36.132812,25000000.000
19690,1967,-39.550781,25000000.000
19691,1966,-40.039062,25000000.000
19692,1960,-42.968750,25000000.000
19693,1960,-42.968750,25000000.000
19694,1962,-41.992188,25000000.000
19695,1963,-41.503906,25000000.000
19696,1972,-37.109375,25000000.000
19697,1979,-33.691406,25000000.000
19698,1987,-29.785156,25000000.000
19699,1988,-29.296875,25000000.000
19700,2007,-20.019531,25000000.000
19701,2019,-14.160156,25000000.000
19702,2031,-8.300781,25000000.000
19703,2034,-6.835938,25000000.000
19704,2057,4.394531,25000000.000
19705,2070,10.742188,25000000.000
19706,2084,17.578125,25000000.000
19707,2083,17.089844,25000000.000
19708,2103,26.855469,25000000.000
19709,2112,31.250000,25000000.000
19710,2119,34.667969,25000000.000
19711,2119,34.667969,25000000.000
19712,2127,38.574219,25000000.000
19713,2129,39.550781,25000000.000
19714,2129,39.550781,25000000.000
19715,2129,39.550781,25000000.000
19716,2124,37.109375,25000000.000
19717,2119,34.667969,25000000.000
19718,2113,31.738281,25000000.000
19719,2112,31.250000,25000000.000
19720,2094,22.460938,25000000.000
19721,2083,17.089844,25000000.000
19722,2072,11.718750,25000000.000
19723,2069,10.253906,25000000.000
19724,2043,-2.441406,25000000.000
19725,2029,-9.277344,25000000.000
19726,2014,-16.601562,25000000.000
19727,2013,-17.089844,25000000.000
19728,1989,-28.808594,25000000.000
19729,1980,-33.203125,25000000.000
19730,1972,-37.109375,25000000.000
19731,1971,-37.597656,25000000.000
19732,1962,-41.992188,25000000.000
19733,1960,-42.968750,25000000.000
19734,1960,-42.968750,25000000.000
19735,1961,-42.480469,25000000.000
19736,1967,-39.550781,25000000.000
19737,1973,-36.621094,25000000.000
19738,1980,-33.203125,25000000.000
19739,1981,-32.714844,25000000.000
19740,1998,-24.414062,25000000.000
19741,2009,-19.042969,25000000.000
19742,2021,-13.183594,25000000.000
19743,2022,-12.695312,25000000.000
19744,2046,-0.976562,25000000.000
19745,2059,5.371094,25000000.000
19746,2072,11.718750,25000000.000
19747,2073,12.207031,25000000.000
19748,2095,22.949219,25000000.000
19749,2104,27.343750,25000000.000
19750,2112,31.250000,25000000.000
19751,2114,32.226562,25000000.000
19752,2124,37.109375,25000000.000
19753,2129,39.550781,25000000.000
19754,2129,39.550781,25000000.000
19755,2129,39.550781,25000000.000
19756,2127,38.574219,25000000.000
19757,2123,36.621094,25000000.000
19758,2119,34.667969,25000000.000
19759,2118,34.179688,25000000.000
19760,2103,26.855469,25000000.000
19761,2093,21.972656,25000000.000
19762,2082,16.601562,25000000.000
19763,2081,16.113281,25000000.000
19764,2055,3.417969,25000000.000
19765,2041,-3.417969,25000000.000
19766,2027,-10.253906,25000000.000
19767,2025,-11.230469,25000000.000
19768,1999,-23.925781,25000000.000
19769,1988,-29.296875,25000000.000
19770,1977,-34.667969,25000000.000
19771,1977,-34.667969,25000000.000
19772,1964,-41.015625,25000000.000
19773,1961,-42.480469,25000000.000
19774,1959,-43.457031,25000000.000
19775,1959,-43.457031,25000000.000
19776,1962,-41.992188,25000000.000
19777,1966,-40.039062,25000000.000
19778,1973,-36.621094,25000000.000
19779,1974,-36.132812,25000000.000
19780,1989,-28.808594,25000000.000
19781,1998,-24.414062,25000000.000
19782,2011,-18.066406,25000000.000
19783,2012,-17.578125,25000000.000
19784,2035,-6.347656,25000000.000
19785,2048,0.000000,25000000.000
19786,2060,5.859375,25000000.000
19787,2062,6.835938,25000000.000
19788,2085,18.066406,25000000.000
19789,2096,23.437500,25000000.000
19790,2105,27.832031,25000000.000
19791,2107,28.808594,25000000.000
19792,2120,35.156250,25000000.000
19793,2124,37.109375,25000000.000
19794,2128,39.062500,25000000.000
19795,2127,38.574219,25000000.000
19796,2128,39.062500,25000000.000
19797,2125,37.597656,25000000.000
19798,2122,36.132812,25000000.000
19799,2121,35.644531,25000000.000
19800,2109,29.785156,25000000.000
19801,2101,25.878906,25000000.000
19802,2091,20.996094,25000000.000
19803,2090,20.507812,25000000.000
19804,2067,9.277344,25000000.000
19805,2053,2.441406,25000000.000
19806,2038,-4.882812,25000000.000
19807,2036,-5.859375,25000000.000
19808,2011,-18.066406,25000000.000
19809,1997,-24.902344,25000000.000
19810,1986,-30.273438,25000000.000
19811,1985,-30.761719,25000000.000
19812,1969,-38.574219,25000000.000
19813,1963,-41.503906,25000000.000
19814,1960,-42.968750,25000000.000
19815,1959,-43.457031,25000000.000
19816,1960,-42.968750,25000000.000
19817,1962,-41.992188,25000000.000
19818,1967,-39.550781,25000000.000
19819,1968,-39.062500,25000000.000
19820,1981,-32.714844,25000000.000
19821,1990,-28.320312,25000000.000
19822,2000,-23.437500,25000000.000
19823,2001,-22.949219,25000000.000
19824,2024,-11.718750,25000000.000
19825,2037,-5.371094,25000000.000
19826,2050,0.976562,25000000.000
19827,2051,1.464844,25000000.000
19828,2075,13.183594,25000000.000
19829,2086,18.554688,25000000.000
19830,2098,24.414062,25000000.000
19831,2098,24.414062,25000000.000
19832,2114,32.226562,25000000.000
19833,2120,35.156250,25000000.000
19834,2124,37.109375,25000000.000
19835,2124,37.109375,25000000.000
19836,2129,39.550781,25000000.000
19837,2127,38.574219,25000000.000
19838,2125,37.597656,25000000.000
19839,2125,37.597656,25000000.000
19840,2115,32.714844,25000000.000
19841,2108,29.296875,25000000.000
19842,2099,24.902344,25000000.000
19843,2098,24.414062,25000000.000
19844,2078,14.648438,25000000.000
19845,2064,7.812500,25000000.000
19846,2050,0.976562,25000000.000
19847,2050,0.976562,25000000.000
19848,2021,-13.183594,25000000.000
19849,2008,-19.531250,25000000.000
19850,1995,-25.878906,25000000.000
19851,1995,-25.878906,25000000.000
19852,1974,-36.132812,25000000.000
19853,1967,-39.550781,25000000.000
19854,1962,-41.992188,25000000.000
19855,1962,-41.992188,25000000.000
19856,1959,-43.457031,25000000.000
19857,1961,-42.480469,25000000.000
19858,1964,-41.015625,25000000.000
19859,1963,-41.503906,25000000.000
19860,1977,-34.667969,25000000.000
19861,1984,-31.250000,25000000.000
19862,1993,-26.855469,25000000.000
19863,1994,-26.367188,25000000.000
19864,2014,-16.601562,25000000.000
19865,2026,-10.742188,25000000.000
19866,2039,-4.394531,25000000.000
19867,2040,-3.906250,25000000.000
19868,2064,7.812500,25000000.000
19869,2078,14.648438,25000000.000
19870,2089,20.019531,25000000.000
19871,2091,20.996094,25000000.000
19872,2108,29.296875,25000000.000
19873,2117,33.691406,25000000.000
19874,2123,36.621094,25000000.000
19875,2123,36.621094,25000000.000
19876,2129,39.550781,25000000.000
19877,2129,39.550781,25000000.000
19878,2128,39.062500,25000000.000
19879,2128,39.062500,25000000.000
19880,2123,36.621094,25000000.000
19881,2115,32.714844,25000000.000
19882,2108,29.296875,25000000.000
19883,2108,29.296875,25000000.000
19884,2089,20.019531,25000000.000
19885,2076,13.671875,25000000.000
19886,2064,7.812500,25000000.000
19887,2062,6.835938,25000000.000
19888,2034,-6.835938,25000000.000
19889,2019,-14.160156,25000000.000
19890,2008,-19.531250,25000000.000
19891,2006,-20.507812,25000000.000
19892,1983,-31.738281,25000000.000
19893,1975,-35.644531,25000000.000
19894,1967,-39.550781,25000000.000
19895,1966,-40.039062,25000000.000
19896,1960,-42.968750,25000000.000
19897,1960,-42.968750,25000000.000
19898,1961,-42.480469,25000000.000
19899,1963,-41.503906,25000000.000
19900,1970,-38.085938,25000000.000
19901,1976,-35.156250,25000000.000
19902,1984,-31.250000,25000000.000
19903,1985,-30.761719,25000000.000
19904,2005,-20.996094,25000000.000
19905,2016,-15.625000,25000000.000
19906,2028,-9.765625,25000000.000
19907,2030,-8.789062,25000000.000
19908,2053,2.441406,25000000.000
19909,2066,8.789062,25000000.000
19910,2079,15.136719,25000000.000
19911,2080,15.625000,25000000.000
19912,2101,25.878906,25000000.000
19913,2109,29.785156,25000000.000
19914,2118,34.179688,25000000.000
19915,2118,34.179688,25000000.000
19916,2127,38.574219,25000000.000
19917,2128,39.062500,25000000.000
19918,2128,39.062500,25000000.000
19919,2127,38.574219,25000000.000
19920,2125,37.597656,25000000.000
19921,2120,35.156250,25000000.000
19922,2113,31.738281,25000000.000
19923,2113,31.738281,25000000.000
19924,2096,23.437500,25000000.000
19925,2086,18.554688,25000000.000
19926,2074,12.695312,25000000.000
19927,2073,12.207031,25000000.000
19928,2047,-0.488281,25000000.000
19929,2033,-7.324219,25000000.000
19930,2017,-15.136719,25000000.000
19931,2017,-15.136719,25000000.000
19932,1993,-26.855469,25000000.000
19933,1982,-32.226562,25000000.000
19934,1973,-36.621094,25000000.000
19935,1972,-37.109375,25000000.000
19936,1962,-41.992188,25000000.000
19937,1961,-42.480469,25000000.000
19938,1960,-42.968750,25000000.000
19939,1961,-42.480469,25000000.000
19940,1966,-40.039062,25000000.000
19941,1972,-37.109375,25000000.000
19942,1978,-34.179688,25000000.000
19943,1979,-33.691406,25000000.000
19944,1996,-25.390625,25000000.000
19945,2006,-20.507812,25000000.000
19946,2018,-14.648438,25000000.000
19947,2020,-13.671875,25000000.000
19948,2044,-1.953125,25000000.000
19949,2056,3.906250,25000000.000
19950,2072,11.718750,25000000.000
19951,2068,9.765625,25000000.000
19952,2088,19.531250,25000000.000
19953,2101,25.878906,25000000.000
19954,2112,31.250000,25000000.000
19955,2111,30.761719,25000000.000
19956,2124,37.109375,25000000.000
19957,2127,38.574219,25000000.000
19958,2128,39.062500,25000000.000
19959,2127,38.574219,25000000.000
19960,2127,38.574219,25000000.000
19961,2122,36.132812,25000000.000
19962,2118,34.179688,25000000.000
19963,2117,33.691406,25000000.000
19964,2104,27.343750,25000000.000
19965,2095,22.949219,25000000.000
19966,2083,17.089844,25000000.000
19967,2083,17.089844,25000000.000
19968,2058,4.882812,25000000.000
19969,2044,-1.953125,25000000.000
19970,2030,-8.789062,25000000.000
19971,2028,-9.765625,25000000.000
19972,2002,-22.460938,25000000.000
19973,1990,-28.320312,25000000.000
19974,1979,-33.691406,25000000.000
19975,1978,-34.179688,25000000.000
19976,1965,-40.527344,25000000.000
19977,1962,-41.992188,25000000.000
19978,1959,-43.457031,25000000.000
19979,1959,-43.457031,25000000.000
19980,1961,-42.480469,25000000.000
19981,1965,-40.527344,25000000.000
19982,1972,-37.109375,25000000.000
19983,1971,-37.597656,25000000.000
19984,1987,-29.785156,25000000.000
19985,1997,-24.902344,25000000.000
19986,2007,-20.019531,25000000.000
19987,2007,-20.019531,25000000.000
19988,2031,-8.300781,25000000.000
19989,2045,-1.464844,25000000.000
19990,2058,4.882812,25000000.000
19991,2059,5.371094,25000000.000
19992,2082,16.601562,25000000.000
19993,2093,21.972656,25000000.000
19994,2104,27.343750,25000000.000
19995,2104,27.343750,25000000.000
19996,2118,34.179688,25000000.000
19997,2123,36.621094,25000000.000
19998,2128,39.062500,25000000.000
19999,2126,38.085938,25000000.000
20000,2128,39.062500,25000000.000
20001,2126,38.085938,25000000.000
20002,2122,36.132812,25000000.000
20003,2123,36.621094,25000000.000
20004,2112,31.250000,25000000.000
20005,2102,26.367188,25000000.000
20006,2093,21.972656,25000000.000
20007,2092,21.484375,25000000.000
20008,2070,10.742188,25000000.000
20009,2056,3.906250,25000000.000
20010,2042,-2.929688,25000000.000
20011,2040,-3.906250,25000000.000
20012,2013,-17.089844,25000000.000
20013,1999,-23.925781,25000000.000
20014,1987,-29.785156,25000000.000
20015,1986,-30.273438,25000000.000
20016,1970,-38.085938,25000000.000
20017,1965,-40.527344,25000000.000
20018,1961,-42.480469,25000000.000
20019,1960,-42.968750,25000000.000
20020,1959,-43.457031,25000000.000
20021,1962,-41.992188,25000000.000
20022,1967,-39.550781,25000000.000
20023,1967,-39.550781,25000000.000
20024,1980,-33.203125,25000000.000
20025,1989,-28.808594,25000000.000
20026,1998,-24.414062,25000000.000
20027,2000,-23.437500,25000000.000
20028,2021,-13.183594,25000000.000
20029,2035,-6.347656,25000000.000
20030,2046,-0.976562,25000000.000
20031,2048,0.000000,25000000.000
20032,2074,12.695312,25000000.000
20033,2084,17.578125,25000000.000
20034,2094,22.460938,25000000.000
20035,2096,23.437500,25000000.000
20036,2114,32.226562,25000000.000
20037,2120,35.156250,25000000.000
20038,2125,37.597656,25000000.000
20039,2125,37.597656,25000000.000
20040,2129,39.550781,25000000.000
20041,2127,38.574219,25000000.000
20042,2125,37.597656,25000000.000
20043,2125,37.597656,25000000.000
20044,2117,33.691406,25000000.000
20045,2110,30.273438,25000000.000
20046,2102,26.367188,25000000.000
20047,2101,25.878906,25000000.000
20048,2081,16.113281,25000000.000
20049,2068,9.765625,25000000.000
20050,2053,2.441406,25000000.000
20051,2052,1.953125,25000000.000
20052,2025,-11.230469,25000000.000
20053,2012,-17.578125,25000000.000
20054,1998,-24.414062,25000000.000
20055,1997,-24.902344,25000000.000
20056,1977,-34.667969,25000000.000
20057,1970,-38.085938,25000000.000
20058,1964,-41.015625,25000000.000
20059,1963,-41.503906,25000000.000
20060,1959,-43.457031,25000000.000
20061,1960,-42.968750,25000000.000
20062,1963,-41.503906,25000000.000
20063,1963,-41.503906,25000000.000
20064,1974,-36.132812,25000000.000
20065,1982,-32.226562,25000000.000
20066,1991,-27.832031,25000000.000
20067,1992,-27.343750,25000000.000
20068,2012,-17.578125,25000000.000
20069,2024,-11.718750,25000000.000
20070,2036,-5.859375,25000000.000
20071,2038,-4.882812,25000000.000
20072,2064,7.812500,25000000.000
20073,2074,12.695312,25000000.000
20074,2087,19.042969,25000000.000
20075,2087,19.042969,25000000.000
20076,2107,28.808594,25000000.000
20077,2114,32.226562,25000000.000
20078,2121,35.644531,25000000.000
20079,2121,35.644531,25000000.000
20080,2129,39.550781,25000000.000
20081,2130,40.039062,25000000.000
20082,2129,39.550781,25000000.000
20083,2128,39.062500,25000000.000
20084,2122,36.132812,25000000.000
20085,2117,33.691406,25000000.000
20086,2110,30.273438,25000000.000
20087,2108,29.296875,25000000.000
20088,2091,20.996094,25000000.000
20089,2079,15.136719,25000000.000
20090,2066,8.789062,25000000.000
20091,2065,8.300781,25000000.000
20092,2038,-4.882812,25000000.000
20093,2023,-12.207031,25000000.000
20094,2009,-19.042969,25000000.000
20095,2007,-20.019531,25000000.000
20096,1985,-30.761719,25000000.000
20097,1975,-35.644531,25000000.000
20098,1968,-39.062500,25000000.000
20099,1967,-39.550781,25000000.000
20100,1959,-43.457031,25000000.000
20101,1959,-43.457031,25000000.000
20102,1960,-42.968750,25000000.000
20103,1960,-42.968750,25000000.000
20104,1968,-39.062500,25000000.000
20105,1975,-35.644531,25000000.000
20106,1983,-31.738281,25000000.000
20107,1984,-31.250000,25000000.000
20108,2002,-22.460938,25000000.000
20109,2014,-16.601562,25000000.000
20110,2025,-11.230469,25000000.000
20111,2026,-10.742188,25000000.000
20112,2050,0.976562,25000000.000
20113,2064,7.812500,25000000.000
20114,2077,14.160156,25000000.000
20115,2079,15.136719,25000000.000
20116,2099,24.902344,25000000.000
20117,2108,29.296875,25000000.000
20118,2115,32.714844,25000000.000
20119,2116,33.203125,25000000.000
20120,2126,38.085938,25000000.000
20121,2127,38.574219,25000000.000
20122,2129,39.550781,25000000.000
20123,2129,39.550781,25000000.000
20124,2127,38.574219,25000000.000
20125,2120,35.156250,25000000.000
20126,2115,32.714844,25000000.000
20127,2115,32.714844,25000000.000
20128,2100,25.390625,25000000.000
20129,2090,20.507812,25000000.000
20130,2078,14.648438,25000000.000
20131,2075,13.183594,25000000.000
20132,2050,0.976562,25000000.000
20133,2036,-5.859375,25000000.000
20134,2022,-12.695312,25000000.000
20135,2020,-13.671875,25000000.000
20136,1996,-25.390625,25000000.000
20137,1985,-30.761719,25000000.000
20138,1975,-35.644531,25000000.000
20139,1974,-36.132812,25000000.000
20140,1962,-41.992188,25000000.000
20141,1960,-42.968750,25000000.000
20142,1959,-43.457031,25000000.000
20143,1959,-43.457031,25000000.000
20144,1964,-41.015625,25000000.000
20145,1969,-38.574219,25000000.000
20146,1976,-35.156250,25000000.000
20147,1976,-35.156250,25000000.000
20148,1994,-26.367188,25000000.000
20149,2004,-21.484375,25000000.000
20150,2015,-16.113281,25000000.000
20151,2017,-15.136719,25000000.000
20152,2040,-3.906250,25000000.000
20153,2053,2.441406,25000000.000
20154,2066,8.789062,25000000.000
20155,2066,8.789062,25000000.000
20156,2089,20.019531,25000000.000
20157,2100,25.390625,25000000.000
20158,2108,29.296875,25000000.000
20159,2110,30.273438,25000000.000
20160,2121,35.644531,25000000.000
20161,2126,38.085938,25000000.000
20162,2128,39.062500,25000000.000
20163,2128,39.062500,25000000.000
20164,2127,38.574219,25000000.000
20165,2123,36.621094,25000000.000
20166,2120,35.156250,25000000.000
20167,2119,34.667969,25000000.000
20168,2108,29.296875,25000000.000
20169,2097,23.925781,25000000.000
20170,2087,19.042969,25000000.000
20171,2084,17.578125,25000000.000
20172,2061,6.347656,25000000.000
20173,2048,0.000000,25000000.000
20174,2032,-7.812500,25000000.000
20175,2031,-8.300781,25000000.000
20176,2005,-20.996094,25000000.000
20177,1993,-26.855469,25000000.000
20178,1982,-32.226562,25000000.000
20179,1981,-32.714844,25000000.000
20180,1966,-40.039062,25000000.000
20181,1963,-41.503906,25000000.000
20182,1959,-43.457031,25000000.000
20183,1960,-42.968750,25000000.000
20184,1961,-42.480469,25000000.000
20185,1964,-41.015625,25000000.000
20186,1970,-38.085938,25000000.000
20187,1971,-37.597656,25000000.000
20188,1985,-30.761719,25000000.000
20189,1996,-25.390625,25000000.000
20190,2005,-20.996094,25000000.000
20191,2006,-20.507812,25000000.000
20192,2028,-9.765625,25000000.000
20193,2041,-3.417969,25000000.000
20194,2055,3.417969,25000000.000
20195,2056,3.906250,25000000.000
20196,2080,15.625000,25000000.000
20197,2091,20.996094,25000000.000
20198,2101,25.878906,25000000.000
20199,2102,26.367188,25000000.000
20200,2116,33.203125,25000000.000
20201,2122,36.132812,25000000.000
20202,2126,38.085938,25000000.000
20203,2127,38.574219,25000000.000
20204,2128,39.062500,25000000.000
20205,2126,38.085938,25000000.000
20206,2124,37.109375,25000000.000
20207,2123,36.621094,25000000.000
20208,2113,31.738281,25000000.000
20209,2105,27.832031,25000000.000
20210,2096,23.437500,25000000.000
20211,2095,22.949219,25000000.000
20212,2074,12.695312,25000000.000
20213,2060,5.859375,25000000.000
20214,2046,-0.976562,25000000.000
20215,2044,-1.953125,25000000.000
20216,2016,-15.625000,25000000.000
20217,2004,-21.484375,25000000.000
20218,1991,-27.832031,25000000.000
20219,1989,-28.808594,25000000.000
20220,1971,-37.597656,25000000.000
20221,1965,-40.527344,25000000.000
20222,1961,-42.480469,25000000.000
20223,1960,-42.968750,25000000.000
20224,1962,-41.992188,25000000.000
20225,1961,-42.480469,25000000.000
20226,1967,-39.550781,25000000.000
20227,1964,-41.015625,25000000.000
20228,1978,-34.179688,25000000.000
20229,1987,-29.785156,25000000.000
20230,1996,-25.390625,25000000.000
20231,1997,-24.902344,25000000.000
20232,2019,-14.160156,25000000.000
20233,2031,-8.300781,25000000.000
20234,2044,-1.953125,25000000.000
20235,2044,-1.953125,25000000.000
20236,2070,10.742188,25000000.000
20237,2082,16.601562,25000000.000
20238,2093,21.972656,25000000.000
20239,2094,22.460938,25000000.000
20240,2112,31.250000,25000000.000
20241,2119,34.667969,25000000.000
20242,2125,37.597656,25000000.000
20243,2124,37.109375,25000000.000
20244,2129,39.550781,25000000.000
20245,2129,39.550781,25000000.000
20246,2126,38.085938,25000000.000
20247,2127,38.574219,25000000.000
20248,2119,34.667969,25000000.000
20249,2112,31.250000,25000000.000
20250,2104,27.343750,25000000.000
20251,2102,26.367188,25000000.000
20252,2084,17.578125,25000000.000
20253,2072,11.718750,25000000.000
20254,2058,4.882812,25000000.000
20255,2056,3.906250,25000000.000
20256,2029,-9.277344,25000000.000
20257,2015,-16.113281,25000000.000
20258,2003,-21.972656,25000000.000
20259,2001,-22.949219,25000000.000
20260,1979,-33.691406,25000000.000
20261,1973,-36.621094,25000000.000
20262,1966,-40.039062,25000000.000
20263,1966,-40.039062,25000000.000
20264,1960,-42.968750,25000000.000
20265,1959,-43.457031,25000000.000
20266,1962,-41.992188,25000000.000
20267,1963,-41.503906,25000000.000
20268,1972,-37.109375,25000000.000
20269,1979,-33.691406,25000000.000
20270,1988,-29.296875,25000000.000
20271,1989,-28.808594,25000000.000
20272,2009,-19.042969,25000000.000
20273,2021,-13.183594,25000000.000
20274,2033,-7.324219,25000000.000
20275,2035,-6.347656,25000000.000
20276,2059,5.371094,25000000.000
20277,2071,11.230469,25000000.000
20278,2083,17.089844,25000000.000
20279,2085,18.066406,25000000.000
20280,2105,27.832031,25000000.000
20281,2112,31.250000,25000000.000
20282,2120,35.156250,25000000.000
20283,2121,35.644531,25000000.000
20284,2127,38.574219,25000000.000
20285,2129,39.550781,25000000.000
20286,2129,39.550781,25000000.000
20287,2128,39.062500,25000000.000
20288,2123,36.621094,25000000.000
20289,2117,33.691406,25000000.000
20290,2111,30.761719,25000000.000
20291,2110,30.273438,25000000.000
20292,2093,21.972656,25000000.000
20293,2083,17.089844,25000000.000
20294,2070,10.742188,25000000.000
20295,2070,10.742188,25000000.000
20296,2041,-3.417969,25000000.000
20297,2027,-10.253906,25000000.000
20298,2014,-16.601562,25000000.000
20299,2012,-17.578125,25000000.000
20300,1992,-27.343750,25000000.000
20301,1981,-32.714844,25000000.000
20302,1969,-38.574219,25000000.000
20303,1971,-37.597656,25000000.000
20304,1960,-42.968750,25000000.000
20305,1960,-42.968750,25000000.000
20306,1960,-42.968750,25000000.000
20307,1961,-42.480469,25000000.000
20308,1967,-39.550781,25000000.000
20309,1973,-36.621094,25000000.000
20310,1980,-33.203125,25000000.000
20311,1981,-32.714844,25000000.000
20312,2000,-23.437500,25000000.000
20313,2012,-17.578125,25000000.000
20314,2022,-12.695312,25000000.000
20315,2024,-11.718750,25000000.000
20316,2048,0.000000,25000000.000
20317,2061,6.347656,25000000.000
20318,2074,12.695312,25000000.000
20319,2076,13.671875,25000000.000
20320,2096,23.437500,25000000.000
20321,2107,28.808594,25000000.000
20322,2114,32.226562,25000000.000
20323,2115,32.714844,25000000.000
20324,2124,37.109375,25000000.000
20325,2128,39.062500,25000000.000
20326,2128,39.062500,25000000.000
20327,2130,40.039062,25000000.000
20328,2125,37.597656,25000000.000
20329,2122,36.132812,25000000.000
20330,2117,33.691406,25000000.000
20331,2116,33.203125,25000000.000
20332,2102,26.367188,25000000.000
20333,2092,21.484375,25000000.000
20334,2079,15.136719,25000000.000
20335,2078,14.648438,25000000.000
20336,2053,2.441406,25000000.000
20337,2038,-4.882812,25000000.000
20338,2024,-11.718750,25000000.000
20339,2022,-12.695312,25000000.000
20340,1997,-24.902344,25000000.000
20341,1986,-30.273438,25000000.000
20342,1975,-35.644531,25000000.000
20343,1974,-36.132812,25000000.000
20344,1962,-41.992188,25000000.000
20345,1960,-42.968750,25000000.000
20346,1958,-43.945312,25000000.000
20347,1958,-43.945312,25000000.000
20348,1961,-42.480469,25000000.000
20349,1967,-39.550781,25000000.000
20350,1973,-36.621094,25000000.000
20351,1974,-36.132812,25000000.000
20352,1990,-28.320312,25000000.000
20353,2000,-23.437500,25000000.000
20354,2011,-18.066406,25000000.000
20355,2012,-17.578125,25000000.000
20356,2036,-5.859375,25000000.000
20357,2050,0.976562,25000000.000
20358,2063,7.324219,25000000.000
20359,2064,7.812500,25000000.000
20360,2087,19.042969,25000000.000
20361,2098,24.414062,25000000.000
20362,2107,28.808594,25000000.000
20363,2108,29.296875,25000000.000
20364,2122,36.132812,25000000.000
20365,2125,37.597656,25000000.000
20366,2128,39.062500,25000000.000
20367,2128,39.062500,25000000.000
20368,2127,38.574219,25000000.000
20369,2125,37.597656,25000000.000
20370,2121,35.644531,25000000.000
20371,2121,35.644531,25000000.000
20372,2108,29.296875,25000000.000
20373,2100,25.390625,25000000.000
20374,2090,20.507812,25000000.000
20375,2088,19.531250,25000000.000
20376,2065,8.300781,25000000.000
20377,2050,0.976562,25000000.000
20378,2037,-5.371094,25000000.000
20379,2035,-6.347656,25000000.000
20380,2008,-19.531250,25000000.000
20381,1995,-25.878906,25000000.000
20382,1984,-31.250000,25000000.000
20383,1983,-31.738281,25000000.000
20384,1968,-39.062500,25000000.000
20385,1962,-41.992188,25000000.000
20386,1960,-42.968750,25000000.000
20387,1960,-42.968750,25000000.000
20388,1960,-42.968750,25000000.000
20389,1963,-41.503906,25000000.000
20390,1967,-39.550781,25000000.000
20391,1968,-39.062500,25000000.000
20392,1984,-31.250000,25000000.000
20393,1992,-27.343750,25000000.000
20394,2002,-22.460938,25000000.000
20395,2003,-21.972656,25000000.000
20396,2025,-11.230469,25000000.000
20397,2038,-4.882812,25000000.000
20398,2052,1.953125,25000000.000
20399,2052,1.953125,25000000.000
20400,2077,14.160156,25000000.000
20401,2089,20.019531,25000000.000
20402,2099,24.902344,25000000.000
20403,2101,25.878906,25000000.000
20404,2116,33.203125,25000000.000
20405,2122,36.132812,25000000.000
20406,2126,38.085938,25000000.000
20407,2127,38.574219,25000000.000
20408,2129,39.550781,25000000.000
20409,2128,39.062500,25000000.000
20410,2125,37.597656,25000000.000
20411,2125,37.597656,25000000.000
20412,2117,33.691406,25000000.000
20413,2109,29.785156,25000000.000
20414,2098,24.414062,25000000.000
20415,2098,24.414062,25000000.000
20416,2077,14.160156,25000000.000
20417,2063,7.324219,25000000.000
20418,2049,0.488281,25000000.000
20419,2047,-0.488281,25000000.000
20420,2019,-14.160156,25000000.000
20421,2006,-20.507812,25000000.000
20422,1994,-26.367188,25000000.000
20423,1993,-26.855469,25000000.000
20424,1974,-36.132812,25000000.000
20425,1966,-40.039062,25000000.000
20426,1962,-41.992188,25000000.000
20427,1962,-41.992188,25000000.000
20428,1959,-43.457031,25000000.000
20429,1959,-43.457031,25000000.000
20430,1963,-41.503906,25000000.000
20431,1963,-41.503906,25000000.000
20432,1977,-34.667969,25000000.000
20433,1984,-31.250000,25000000.000
20434,1993,-26.855469,25000000.000
20435,1994,-26.367188,25000000.000
20436,2016,-15.625000,25000000.000
20437,2028,-9.765625,25000000.000
20438,2042,-2.929688,25000000.000
20439,2043,-2.441406,25000000.000
20440,2067,9.277344,25000000.000
20441,2080,15.625000,25000000.000
20442,2091,20.996094,25000000.000
20443,2093,21.972656,25000000.000
20444,2111,30.761719,25000000.000
20445,2118,34.179688,25000000.000
20446,2122,36.132812,25000000.000
20447,2124,37.109375,25000000.000
20448,2128,39.062500,25000000.000
20449,2129,39.550781,25000000.000
20450,2127,38.574219,25000000.000
20451,2127,38.574219,25000000.000
20452,2120,35.156250,25000000.000
20453,2115,32.714844,25000000.000
20454,2106,28.320312,25000000.000
20455,2105,27.832031,25000000.000
20456,2087,19.042969,25000000.000
20457,2074,12.695312,25000000.000
20458,2061,6.347656,25000000.000
20459,2060,5.859375,25000000.000
20460,2033,-7.324219,25000000.000
20461,2018,-14.648438,25000000.000
20462,2005,-20.996094,25000000.000
20463,2004,-21.484375,25000000.000
20464,1982,-32.226562,25000000.000
20465,1973,-36.621094,25000000.000
20466,1966,-40.039062,25000000.000
20467,1965,-40.527344,25000000.000
20468,1960,-42.968750,25000000.000
20469,1959,-43.457031,25000000.000
20470,1962,-41.992188,25000000.000
20471,1962,-41.992188,25000000.000
20472,1970,-38.085938,25000000.000
20473,1978,-34.179688,25000000.000
20474,1986,-30.273438,25000000.000
20475,1987,-29.785156,25000000.000
20476,2006,-20.507812,25000000.000
20477,2018,-14.648438,25000000.000
20478,2031,-8.300781,25000000.000
20479,2032,-7.812500,25000000.000
20480,2056,3.906250,25000000.000
20481,2070,10.742188,25000000.000
20482,2082,16.601562,25000000.000
20483,2083,17.089844,25000000.000
20484,2103,26.855469,25000000.000
20485,2113,31.738281,25000000.000
20486,2120,35.156250,25000000.000
20487,2120,35.156250,25000000.000
20488,2128,39.062500,25000000.000
20489,2129,39.550781,25000000.000
20490,2130,40.039062,25000000.000
20491,2130,40.039062,25000000.000
20492,2126,38.085938,25000000.000
20493,2120,35.156250,25000000.000
20494,2113,31.738281,25000000.000
20495,2113,31.738281,25000000.000
20496,2096,23.437500,25000000.000
20497,2085,18.066406,25000000.000
20498,2072,11.718750,25000000.000
20499,2071,11.230469,25000000.000
20500,2044,-1.953125,25000000.000
20501,2030,-8.789062,25000000.000
20502,2015,-16.113281,25000000.000
20503,2015,-16.113281,25000000.000
20504,1990,-28.320312,25000000.000
20505,1980,-33.203125,25000000.000
20506,1971,-37.597656,25000000.000
20507,1972,-37.109375,25000000.000
20508,1961,-42.480469,25000000.000
20509,1960,-42.968750,25000000.000
20510,1959,-43.457031,25000000.000
20511,1960,-42.968750,25000000.000
20512,1967,-39.550781,25000000.000
20513,1972,-37.109375,25000000.000
20514,1979,-33.691406,25000000.000
20515,1979,-33.691406,25000000.000
20516,1998,-24.414062,25000000.000
20517,2008,-19.531250,25000000.000
20518,2020,-13.671875,25000000.000
20519,2020,-13.671875,25000000.000
20520,2046,-0.976562,25000000.000
20521,2058,4.882812,25000000.000
20522,2071,11.230469,25000000.000
20523,2073,12.207031,25000000.000
20524,2093,21.972656,25000000.000
20525,2102,26.367188,25000000.000
20526,2112,31.250000,25000000.000
20527,2114,32.226562,25000000.000
20528,2124,37.109375,25000000.000
20529,2128,39.062500,25000000.000
20530,2129,39.550781,25000000.000
20531,2129,39.550781,25000000.000
20532,2126,38.085938,25000000.000
20533,2127,38.574219,25000000.000
20534,2122,36.132812,25000000.000
20535,2120,35.156250,25000000.000
20536,2104,27.343750,25000000.000
20537,2093,21.972656,25000000.000
20538,2083,17.089844,25000000.000
20539,2082,16.601562,25000000.000
20540,2057,4.394531,25000000.000
20541,2043,-2.441406,25000000.000
20542,2028,-9.765625,25000000.000
20543,2026,-10.742188,25000000.000
20544,2000,-23.437500,25000000.000
20545,1988,-29.296875,25000000.000
20546,1978,-34.179688,25000000.000
20547,1977,-34.667969,25000000.000
20548,1964,-41.015625,25000000.000
20549,1960,-42.968750,25000000.000
20550,1958,-43.945312,25000000.000
20551,1958,-43.945312,25000000.000
20552,1961,-42.480469,25000000.000
20553,1965,-40.527344,25000000.000
20554,1971,-37.597656,25000000.000
20555,1972,-37.109375,25000000.000
20556,1987,-29.785156,25000000.000
20557,1997,-24.902344,25000000.000
20558,2008,-19.531250,25000000.000
20559,2010,-18.554688,25000000.000
20560,2033,-7.324219,25000000.000
20561,2047,-0.488281,25000000.000
20562,2060,5.859375,25000000.000
20563,2060,5.859375,25000000.000
20564,2083,17.089844,25000000.000
20565,2095,22.949219,25000000.000
20566,2104,27.343750,25000000.000
20567,2105,27.832031,25000000.000
20568,2120,35.156250,25000000.000
20569,2124,37.109375,25000000.000
20570,2127,38.574219,25000000.000
20571,2128,39.062500,25000000.000
20572,2128,39.062500,25000000.000
20573,2125,37.597656,25000000.000
20574,2124,37.109375,25000000.000
20575,2121,35.644531,25000000.000
20576,2111,30.761719,25000000.000
20577,2102,26.367188,25000000.000
20578,2091,20.996094,25000000.000
20579,2091,20.996094,25000000.000
20580,2068,9.765625,25000000.000
20581,2055,3.417969,25000000.000
20582,2040,-3.906250,25000000.000
20583,2039,-4.394531,25000000.000
20584,2011,-18.066406,25000000.000
20585,1999,-23.925781,25000000.000
20586,1987,-29.785156,25000000.000
20587,1985,-30.761719,25000000.000
20588,1968,-39.062500,25000000.000
20589,1963,-41.503906,25000000.000
20590,1959,-43.457031,25000000.000
20591,1959,-43.457031,25000000.000
20592,1958,-43.945312,25000000.000
20593,1961,-42.480469,25000000.000
20594,1966,-40.039062,25000000.000
20595,1966,-40.039062,25000000.000
20596,1980,-33.203125,25000000.000
20597,1989,-28.808594,25000000.000
20598,1999,-23.925781,25000000.000
20599,2000,-23.437500,25000000.000
20600,2023,-12.207031,25000000.000
20601,2036,-5.859375,25000000.000
20602,2049,0.488281,25000000.000
20603,2051,1.464844,25000000.000
20604,2074,12.695312,25000000.000
20605,2086,18.554688,25000000.000
20606,2097,23.925781,25000000.000
20607,2098,24.414062,25000000.000
20608,2115,32.714844,25000000.000
20609,2121,35.644531,25000000.000
20610,2125,37.597656,25000000.000
20611,2126,38.085938,25000000.000
20612,2128,39.062500,25000000.000
20613,2127,38.574219,25000000.000
20614,2126,38.085938,25000000.000
20615,2125,37.597656,25000000.000
20616,2116,33.203125,25000000.000
20617,2110,30.273438,25000000.000
20618,2102,26.367188,25000000.000
20619,2100,25.390625,25000000.000
20620,2079,15.136719,25000000.000
20621,2066,8.789062,25000000.000
20622,2051,1.464844,25000000.000
20623,2050,0.976562,25000000.000
20624,2024,-11.718750,25000000.000
20625,2010,-18.554688,25000000.000
20626,1997,-24.902344,25000000.000
20627,1996,-25.390625,25000000.000
20628,1977,-34.667969,25000000.000
20629,1968,-39.062500,25000000.000
20630,1963,-41.503906,25000000.000
20631,1963,-41.503906,25000000.000
20632,1958,-43.945312,25000000.000
20633,1961,-42.480469,25000000.000
20634,1963,-41.503906,25000000.000
20635,1963,-41.503906,25000000.000
20636,1973,-36.621094,25000000.000
20637,1982,-32.226562,25000000.000
20638,1992,-27.343750,25000000.000
20639,1991,-27.832031,25000000.000
20640,2013,-17.089844,25000000.000
20641,2026,-10.742188,25000000.000
20642,2039,-4.394531,25000000.000
20643,2039,-4.394531,25000000.000
20644,2065,8.300781,25000000.000
20645,2078,14.648438,25000000.000
20646,2089,20.019531,25000000.000
20647,2090,20.507812,25000000.000
20648,2106,28.320312,25000000.000
20649,2119,34.667969,25000000.000
20650,2123,36.621094,25000000.000
20651,2122,36.132812,25000000.000
20652,2128,39.062500,25000000.000
20653,2129,39.550781,25000000.000
20654,2128,39.062500,25000000.000
20655,2128,39.062500,25000000.000
20656,2122,36.132812,25000000.000
20657,2116,33.203125,25000000.000
20658,2109,29.785156,25000000.000
20659,2108,29.296875,25000000.000
20660,2090,20.507812,25000000.000
20661,2078,14.648438,25000000.000
20662,2065,8.300781,25000000.000
20663,2063,7.324219,25000000.000
20664,2036,-5.859375,25000000.000
20665,2022,-12.695312,25000000.000
20666,2008,-19.531250,25000000.000
20667,2008,-19.531250,25000000.000
20668,1984,-31.250000,25000000.000
20669,1975,-35.644531,25000000.000
20670,1967,-39.550781,25000000.000
20671,1968,-39.062500,25000000.000
20672,1960,-42.968750,25000000.000
20673,1959,-43.457031,25000000.000
20674,1961,-42.480469,25000000.000
20675,1960,-42.968750,25000000.000
20676,1969,-38.574219,25000000.000
20677,1976,-35.156250,25000000.000
20678,1983,-31.738281,25000000.000
20679,1984,-31.250000,25000000.000
20680,2003,-21.972656,25000000.000
20681,2015,-16.113281,25000000.000
20682,2026,-10.742188,25000000.000
20683,2028,-9.765625,25000000.000
20684,2053,2.441406,25000000.000
20685,2066,8.789062,25000000.000
20686,2079,15.136719,25000000.000
20687,2079,15.136719,25000000.000
20688,2100,25.390625,25000000.000
20689,2108,29.296875,25000000.000
20690,2116,33.203125,25000000.000
20691,2116,33.203125,25000000.000
20692,2125,37.597656,25000000.000
20693,2128,39.062500,25000000.000
20694,2128,39.062500,25000000.000
20695,2128,39.062500,25000000.000
20696,2124,37.109375,25000000.000
20697,2120,35.156250,25000000.000
20698,2114,32.226562,25000000.000
20699,2114,32.226562,25000000.000
20700,2098,24.414062,25000000.000
20701,2087,19.042969,25000000.000
20702,2075,13.183594,25000000.000
20703,2075,13.183594,25000000.000
20704,2048,0.000000,25000000.000
20705,2034,-6.835938,25000000.000
20706,2019,-14.160156,25000000.000
20707,2018,-14.648438,25000000.000
20708,1993,-26.855469,25000000.000
20709,1983,-31.738281,25000000.000
20710,1974,-36.132812,25000000.000
20711,1973,-36.621094,25000000.000
20712,1963,-41.503906,25000000.000
20713,1960,-42.968750,25000000.000
20714,1960,-42.968750,25000000.000
20715,1960,-42.968750,25000000.000
20716,1965,-40.527344,25000000.000
20717,1970,-38.085938,25000000.000
20718,1977,-34.667969,25000000.000
20719,1978,-34.179688,25000000.000
20720,1994,-26.367188,25000000.000
20721,2005,-20.996094,25000000.000
20722,2017,-15.136719,25000000.000
20723,2018,-14.648438,25000000.000
20724,2042,-2.929688,25000000.000
20725,2055,3.417969,25000000.000
20726,2068,9.765625,25000000.000
20727,2069,10.253906,25000000.000
20728,2091,20.996094,25000000.000
20729,2101,25.878906,25000000.000
20730,2109,29.785156,25000000.000
20731,2111,30.761719,25000000.000
20732,2123,36.621094,25000000.000
20733,2126,38.085938,25000000.000
20734,2127,38.574219,25000000.000
20735,2128,39.062500,25000000.000
20736,2127,38.574219,25000000.000
20737,2125,37.597656,25000000.000
20738,2120,35.156250,25000000.000
20739,2120,35.156250,25000000.000
20740,2106,28.320312,25000000.000
20741,2097,23.925781,25000000.000
20742,2084,17.578125,25000000.000
20743,2084,17.578125,25000000.000
20744,2060,5.859375,25000000.000
20745,2045,-1.464844,25000000.000
20746,2031,-8.300781,25000000.000
20747,2030,-8.789062,25000000.000
20748,2004,-21.484375,25000000.000
20749,1992,-27.343750,25000000.000
20750,1980,-33.203125,25000000.000
20751,1979,-33.691406,25000000.000
20752,1965,-40.527344,25000000.000
20753,1961,-42.480469,25000000.000
20754,1959,-43.457031,25000000.000
20755,1958,-43.945312,25000000.000
20756,1961,-42.480469,25000000.000
20757,1965,-40.527344,25000000.000
20758,1970,-38.085938,25000000.000
20759,1971,-37.597656,25000000.000
20760,1985,-30.761719,25000000.000
20761,1996,-25.390625,25000000.000
20762,2006,-20.507812,25000000.000
20763,2009,-19.042969,25000000.000
20764,2030,-8.789062,25000000.000
20765,2043,-2.441406,25000000.000
20766,2056,3.906250,25000000.000
20767,2058,4.882812,25000000.000
20768,2082,16.601562,25000000.000
20769,2093,21.972656,25000000.000
20770,2103,26.855469,25000000.000
20771,2104,27.343750,25000000.000
20772,2117,33.691406,25000000.000
20773,2123,36.621094,25000000.000
20774,2126,38.085938,25000000.000
20775,2127,38.574219,25000000.000
20776,2128,39.062500,25000000.000
20777,2126,38.085938,25000000.000
20778,2122,36.132812,25000000.000
20779,2123,36.621094,25000000.000
20780,2113,31.738281,25000000.000
20781,2105,27.832031,25000000.000
20782,2095,22.949219,25000000.000
20783,2094,22.460938,25000000.000
20784,2071,11.230469,25000000.000
20785,2058,4.882812,25000000.000
20786,2043,-2.441406,25000000.000
20787,2041,-3.417969,25000000.000
20788,2015,-16.113281,25000000.000
20789,2001,-22.949219,25000000.000
20790,1991,-27.832031,25000000.000
20791,1987,-29.785156,25000000.000
20792,1970,-38.085938,25000000.000
20793,1965,-40.527344,25000000.000
20794,1961,-42.480469,25000000.000
20795,1960,-42.968750,25000000.000
20796,1959,-43.457031,25000000.000
20797,1962,-41.992188,25000000.000
20798,1965,-40.527344,25000000.000
20799,1965,-40.527344,25000000.000
20800,1978,-34.179688,25000000.000
20801,1987,-29.785156,25000000.000
20802,1997,-24.902344,25000000.000
20803,1998,-24.414062,25000000.000
20804,2019,-14.160156,25000000.000
20805,2033,-7.324219,25000000.000
20806,2045,-1.464844,25000000.000
20807,2046,-0.976562,25000000.000
20808,2071,11.230469,25000000.000
20809,2084,17.578125,25000000.000
20810,2096,23.437500,25000000.000
20811,2096,23.437500,25000000.000
20812,2113,31.738281,25000000.000
20813,2120,35.156250,25000000.000
20814,2124,37.109375,25000000.000
20815,2125,37.597656,25000000.000
20816,2129,39.550781,25000000.000
20817,2128,39.062500,25000000.000
20818,2128,39.062500,25000000.000
20819,2126,38.085938,25000000.000
20820,2118,34.179688,25000000.000
20821,2112,31.250000,25000000.000
20822,2103,26.855469,25000000.000
20823,2103,26.855469,25000000.000
20824,2083,17.089844,25000000.000
20825,2071,11.230469,25000000.000
20826,2056,3.906250,25000000.000
20827,2055,3.417969,25000000.000
20828,2028,-9.765625,25000000.000
20829,2013,-17.089844,25000000.000
20830,2001,-22.949219,25000000.000
20831,1999,-23.925781,25000000.000
20832,1978,-34.179688,25000000.000
20833,1970,-38.085938,25000000.000
20834,1964,-41.015625,25000000.000
20835,1964,-41.015625,25000000.000
20836,1960,-42.968750,25000000.000
20837,1960,-42.968750,25000000.000
20838,1963,-41.503906,25000000.000
20839,1963,-41.503906,25000000.000
20840,1972,-37.109375,25000000.000
20841,1981,-32.714844,25000000.000
20842,1990,-28.320312,25000000.000
20843,1990,-28.320312,25000000.000
20844,2010,-18.554688,25000000.000
20845,2022,-12.695312,25000000.000
20846,2035,-6.347656,25000000.000
20847,2037,-5.371094,25000000.000
20848,2061,6.347656,25000000.000
20849,2074,12.695312,25000000.000
20850,2086,18.554688,25000000.000
20851,2087,19.042969,25000000.000
20852,2106,28.320312,25000000.000
20853,2114,32.226562,25000000.000
20854,2119,34.667969,25000000.000
20855,2120,35.156250,25000000.000
20856,2128,39.062500,25000000.000
20857,2129,39.550781,25000000.000
20858,2128,39.062500,25000000.000
20859,2127,38.574219,25000000.000
20860,2121,35.644531,25000000.000
20861,2116,33.203125,25000000.000
20862,2109,29.785156,25000000.000
20863,2109,29.785156,25000000.000
20864,2092,21.484375,25000000.000
20865,2080,15.625000,25000000.000
20866,2067,9.277344,25000000.000
20867,2066,8.789062,25000000.000
20868,2039,-4.394531,25000000.000
20869,2025,-11.230469,25000000.000
20870,2011,-18.066406,25000000.000
20871,2010,-18.554688,25000000.000
20872,1988,-29.296875,25000000.000
20873,1978,-34.179688,25000000.000
20874,1971,-37.597656,25000000.000
20875,1969,-38.574219,25000000.000
20876,1961,-42.480469,25000000.000
20877,1959,-43.457031,25000000.000
20878,1960,-42.968750,25000000.000
20879,1961,-42.480469,25000000.000
20880,1968,-39.062500,25000000.000
20881,1974,-36.132812,25000000.000
20882,1982,-32.226562,25000000.000
20883,1983,-31.738281,25000000.000
20884,2001,-22.949219,25000000.000
20885,2011,-18.066406,25000000.000
20886,2024,-11.718750,25000000.000
20887,2025,-11.230469,25000000.000
20888,2050,0.976562,25000000.000
20889,2063,7.324219,25000000.000
20890,2076,13.671875,25000000.000
20891,2076,13.671875,25000000.000
20892,2098,24.414062,25000000.000
20893,2108,29.296875,25000000.000
20894,2116,33.203125,25000000.000
20895,2116,33.203125,25000000.000
20896,2126,38.085938,25000000.000
20897,2129,39.550781,25000000.000
20898,2129,39.550781,25000000.000
20899,2129,39.550781,25000000.000
20900,2127,38.574219,25000000.000
20901,2123,36.621094,25000000.000
20902,2117,33.691406,25000000.000
20903,2116,33.203125,25000000.000
20904,2101,25.878906,25000000.000
20905,2091,20.996094,25000000.000
20906,2079,15.136719,25000000.000
20907,2078,14.648438,25000000.000
20908,2052,1.953125,25000000.000
20909,2037,-5.371094,25000000.000
20910,2023,-12.207031,25000000.000
20911,2022,-12.695312,25000000.000
20912,1997,-24.902344,25000000.000
20913,1985,-30.761719,25000000.000
20914,1975,-35.644531,25000000.000
20915,1974,-36.132812,25000000.000
20916,1962,-41.992188,25000000.000
20917,1960,-42.968750,25000000.000
20918,1959,-43.457031,25000000.000
20919,1959,-43.457031,25000000.000
20920,1963,-41.503906,25000000.000
20921,1967,-39.550781,25000000.000
20922,1974,-36.132812,25000000.000
20923,1974,-36.132812,25000000.000
20924,1992,-27.343750,25000000.000
20925,2001,-22.949219,25000000.000
20926,2014,-16.601562,25000000.000
20927,2014,-16.601562,25000000.000
20928,2039,-4.394531,25000000.000
20929,2052,1.953125,25000000.000
20930,2065,8.300781,25000000.000
20931,2066,8.789062,25000000.000
20932,2089,20.019531,25000000.000
20933,2099,24.902344,25000000.000
20934,2106,28.320312,25000000.000
20935,2108,29.296875,25000000.000
20936,2122,36.132812,25000000.000
20937,2125,37.597656,25000000.000
20938,2128,39.062500,25000000.000
20939,2127,38.574219,25000000.000
20940,2128,39.062500,25000000.000
20941,2125,37.597656,25000000.000
20942,2120,35.156250,25000000.000
20943,2120,35.156250,25000000.000
20944,2107,28.808594,25000000.000
20945,2099,24.902344,25000000.000
20946,2089,20.019531,25000000.000
20947,2087,19.042969,25000000.000
20948,2062,6.835938,25000000.000
20949,2049,0.488281,25000000.000
20950,2034,-6.835938,25000000.000
20951,2032,-7.812500,25000000.000
20952,2006,-20.507812,25000000.000
20953,1993,-26.855469,25000000.000
20954,1983,-31.738281,25000000.000
20955,1982,-32.226562,25000000.000
20956,1968,-39.062500,25000000.000
20957,1962,-41.992188,25000000.000
20958,1960,-42.968750,25000000.000
20959,1960,-42.968750,25000000.000
20960,1960,-42.968750,25000000.000
20961,1964,-41.015625,25000000.000
20962,1968,-39.062500,25000000.000
20963,1969,-38.574219,25000000.000
20964,1984,-31.250000,25000000.000
20965,1993,-26.855469,25000000.000
20966,2004,-21.484375,25000000.000
20967,2005,-20.996094,25000000.000
20968,2029,-9.277344,25000000.000
20969,2040,-3.906250,25000000.000
20970,2053,2.441406,25000000.000
20971,2054,2.929688,25000000.000
20972,2080,15.625000,25000000.000
20973,2090,20.507812,25000000.000
20974,2100,25.390625,25000000.000
20975,2101,25.878906,25000000.000
20976,2116,33.203125,25000000.000
20977,2122,36.132812,25000000.000
20978,2125,37.597656,25000000.000
20979,2127,38.574219,25000000.000
20980,2128,39.062500,25000000.000
20981,2127,38.574219,25000000.000
20982,2124,37.109375,25000000.000
20983,2124,37.109375,25000000.000
20984,2114,32.226562,25000000.000
20985,2106,28.320312,25000000.000
20986,2097,23.925781,25000000.000
20987,2096,23.437500,25000000.000
20988,2074,12.695312,25000000.000
20989,2061,6.347656,25000000.000
20990,2047,-0.488281,25000000.000
20991,2046,-0.976562,25000000.000
20992,2019,-14.160156,25000000.000
20993,2005,-20.996094,25000000.000
20994,1992,-27.343750,25000000.000
20995,1992,-27.343750,25000000.000
20996,1977,-34.667969,25000000.000
20997,1963,-41.503906,25000000.000
20998,1959,-43.457031,25000000.000
20999,1962,-41.992188,25000000.000
21000,1960,-42.968750,25000000.000
21001,1961,-42.480469,25000000.000
21002,1965,-40.527344,25000000.000
21003,1965,-40.527344,25000000.000
21004,1977,-34.667969,25000000.000
21005,1985,-30.761719,25000000.000
21006,1996,-25.390625,25000000.000
21007,1996,-25.390625,25000000.000
21008,2018,-14.648438,25000000.000
21009,2029,-9.277344,25000000.000
21010,2043,-2.441406,25000000.000
21011,2043,-2.441406,25000000.000
21012,2070,10.742188,25000000.000
21013,2081,16.113281,25000000.000
21014,2092,21.484375,25000000.000
21015,2093,21.972656,25000000.000
21016,2111,30.761719,25000000.000
21017,2118,34.179688,25000000.000
21018,2124,37.109375,25000000.000
21019,2123,36.621094,25000000.000
21020,2129,39.550781,25000000.000
21021,2129,39.550781,25000000.000
21022,2127,38.574219,25000000.000
21023,2127,38.574219,25000000.000
21024,2120,35.156250,25000000.000
21025,2113,31.738281,25000000.000
21026,2107,28.808594,25000000.000
21027,2103,26.855469,25000000.000
21028,2086,18.554688,25000000.000
21029,2074,12.695312,25000000.000
21030,2059,5.371094,25000000.000
21031,2056,3.906250,25000000.000
21032,2031,-8.300781,25000000.000
21033,2017,-15.136719,25000000.000
21034,2004,-21.484375,25000000.000
21035,2003,-21.972656,25000000.000
21036,1981,-32.714844,25000000.000
21037,1973,-36.621094,25000000.000
21038,1967,-39.550781,25000000.000
21039,1966,-40.039062,25000000.000
21040,1960,-42.968750,25000000.000
21041,1960,-42.968750,25000000.000
21042,1961,-42.480469,25000000.000
21043,1961,-42.480469,25000000.000
21044,1971,-37.597656,25000000.000
21045,1978,-34.179688,25000000.000
21046,1987,-29.785156,25000000.000
21047,1987,-29.785156,25000000.000
21048,2007,-20.019531,25000000.000
21049,2019,-14.160156,25000000.000
21050,2032,-7.812500,25000000.000
21051,2033,-7.324219,25000000.000
21052,2058,4.882812,25000000.000
21053,2070,10.742188,25000000.000
21054,2083,17.089844,25000000.000
21055,2083,17.089844,25000000.000
21056,2104,27.343750,25000000.000
21057,2112,31.250000,25000000.000
21058,2119,34.667969,25000000.000
21059,2120,35.156250,25000000.000
21060,2127,38.574219,25000000.000
21061,2129,39.550781,25000000.000
21062,2129,39.550781,25000000.000
21063,2129,39.550781,25000000.000
21064,2124,37.109375,25000000.000
21065,2119,34.667969,25000000.000
21066,2112,31.250000,25000000.000
21067,2111,30.761719,25000000.000
21068,2095,22.949219,25000000.000
21069,2083,17.089844,25000000.000
21070,2072,11.718750,25000000.000
21071,2069,10.253906,25000000.000
21072,2042,-2.929688,25000000.000
21073,2029,-9.277344,25000000.000
21074,2015,-16.113281,25000000.000
21075,2013,-17.089844,25000000.000
21076,1989,-28.808594,25000000.000
21077,1979,-33.691406,25000000.000
21078,1971,-37.597656,25000000.000
21079,1970,-38.085938,25000000.000
21080,1961,-42.480469,25000000.000
21081,1959,-43.457031,25000000.000
21082,1960,-42.968750,25000000.000
21083,1962,-41.992188,25000000.000
21084,1967,-39.550781,25000000.000
21085,1971,-37.597656,25000000.000
21086,1979,-33.691406,25000000.000
21087,1980,-33.203125,25000000.000
21088,1999,-23.925781,25000000.000
21089,2009,-19.042969,25000000.000
21090,2020,-13.671875,25000000.000
21091,2023,-12.207031,25000000.000
21092,2046,-0.976562,25000000.000
21093,2059,5.371094,25000000.000
21094,2072,11.718750,25000000.000
21095,2074,12.695312,25000000.000
21096,2095,22.949219,25000000.000
21097,2104,27.343750,25000000.000
21098,2113,31.738281,25000000.000
21099,2113,31.738281,25000000.000
21100,2124,37.109375,25000000.000
21101,2126,38.085938,25000000.000
21102,2127,38.574219,25000000.000
21103,2127,38.574219,25000000.000
21104,2124,37.109375,25000000.000
21105,2122,36.132812,25000000.000
21106,2117,33.691406,25000000.000
21107,2117,33.691406,25000000.000
21108,2103,26.855469,25000000.000
21109,2093,21.972656,25000000.000
21110,2082,16.601562,25000000.000
21111,2081,16.113281,25000000.000
21112,2055,3.417969,25000000.000
21113,2041,-3.417969,25000000.000
21114,2027,-10.253906,25000000.000
21115,2024,-11.718750,25000000.000
21116,2000,-23.437500,25000000.000
21117,1987,-29.785156,25000000.000
21118,1978,-34.179688,25000000.000
21119,1976,-35.156250,25000000.000
21120,1964,-41.015625,25000000.000
21121,1960,-42.968750,25000000.000
21122,1958,-43.945312,25000000.000
21123,1959,-43.457031,25000000.000
21124,1961,-42.480469,25000000.000
21125,1966,-40.039062,25000000.000
21126,1972,-37.109375,25000000.000
21127,1972,-37.109375,25000000.000
21128,1988,-29.296875,25000000.000
21129,1998,-24.414062,25000000.000
21130,2008,-19.531250,25000000.000
21131,2010,-18.554688,25000000.000
21132,2035,-6.347656,25000000.000
21133,2048,0.000000,25000000.000
21134,2060,5.859375,25000000.000
21135,2062,6.835938,25000000.000
21136,2085,18.066406,25000000.000
21137,2096,23.437500,25000000.000
21138,2106,28.320312,25000000.000
21139,2107,28.808594,25000000.000
21140,2120,35.156250,25000000.000
21141,2124,37.109375,25000000.000
21142,2127,38.574219,25000000.000
21143,2127,38.574219,25000000.000
21144,2129,39.550781,25000000.000
21145,2127,38.574219,25000000.000
21146,2120,35.156250,25000000.000
21147,2122,36.132812,25000000.000
21148,2111,30.761719,25000000.000
21149,2101,25.878906,25000000.000
21150,2091,20.996094,25000000.000
21151,2089,20.019531,25000000.000
21152,2067,9.277344,25000000.000
21153,2053,2.441406,25000000.000
21154,2038,-4.882812,25000000.000
21155,2037,-5.371094,25000000.000
21156,2010,-18.554688,25000000.000
21157,1996,-25.390625,25000000.000
21158,1986,-30.273438,25000000.000
21159,1984,-31.250000,25000000.000
21160,1968,-39.062500,25000000.000
21161,1963,-41.503906,25000000.000
21162,1960,-42.968750,25000000.000
21163,1960,-42.968750,25000000.000
21164,1959,-43.457031,25000000.000
21165,1962,-41.992188,25000000.000
21166,1966,-40.039062,25000000.000
21167,1967,-39.550781,25000000.000
21168,1980,-33.203125,25000000.000
21169,1989,-28.808594,25000000.000
21170,2000,-23.437500,25000000.000
21171,2002,-22.460938,25000000.000
21172,2024,-11.718750,25000000.000
21173,2039,-4.394531,25000000.000
21174,2050,0.976562,25000000.000
21175,2051,1.464844,25000000.000
21176,2077,14.160156,25000000.000
21177,2088,19.531250,25000000.000
21178,2099,24.902344,25000000.000
21179,2099,24.902344,25000000.000
21180,2115,32.714844,25000000.000
21181,2121,35.644531,25000000.000
21182,2125,37.597656,25000000.000
21183,2125,37.597656,25000000.000
21184,2128,39.062500,25000000.000
21185,2128,39.062500,25000000.000
21186,2125,37.597656,25000000.000
21187,2125,37.597656,25000000.000
21188,2116,33.203125,25000000.000
21189,2109,29.785156,25000000.000
21190,2100,25.390625,25000000.000
21191,2099,24.902344,25000000.000
21192,2078,14.648438,25000000.000
21193,2065,8.300781,25000000.000
21194,2051,1.464844,25000000.000
21195,2049,0.488281,25000000.000
21196,2022,-12.695312,25000000.000
21197,2008,-19.531250,25000000.000
21198,1996,-25.390625,25000000.000
21199,1994,-26.367188,25000000.000
21200,1977,-34.667969,25000000.000
21201,1969,-38.574219,25000000.000
21202,1963,-41.503906,25000000.000
21203,1962,-41.992188,25000000.000
21204,1960,-42.968750,25000000.000
21205,1960,-42.968750,25000000.000
21206,1965,-40.527344,25000000.000
21207,1965,-40.527344,25000000.000
21208,1976,-35.156250,25000000.000
21209,1983,-31.738281,25000000.000
21210,1993,-26.855469,25000000.000
21211,1994,-26.367188,25000000.000
21212,2015,-16.113281,25000000.000
21213,2027,-10.253906,25000000.000
21214,2039,-4.394531,25000000.000
21215,2040,-3.906250,25000000.000
21216,2065,8.300781,25000000.000
21217,2077,14.160156,25000000.000
21218,2089,20.019531,25000000.000
21219,2090,20.507812,25000000.000
21220,2108,29.296875,25000000.000
21221,2115,32.714844,25000000.000
21222,2121,35.644531,25000000.000
21223,2122,36.132812,25000000.000
21224,2127,38.574219,25000000.000
21225,2128,39.062500,25000000.000
21226,2127,38.574219,25000000.000
21227,2127,38.574219,25000000.000
21228,2120,35.156250,25000000.000
21229,2114,32.226562,25000000.000
21230,2107,28.808594,25000000.000
21231,2106,28.320312,25000000.000
21232,2089,20.019531,25000000.000
21233,2076,13.671875,25000000.000
21234,2063,7.324219,25000000.000
21235,2062,6.835938,25000000.000
21236,2035,-6.347656,25000000.000
21237,2021,-13.183594,25000000.000
21238,2007,-20.019531,25000000.000
21239,2006,-20.507812,25000000.000
21240,1985,-30.761719,25000000.000
21241,1975,-35.644531,25000000.000
21242,1969,-38.574219,25000000.000
21243,1968,-39.062500,25000000.000
21244,1961,-42.480469,25000000.000
21245,1960,-42.968750,25000000.000
21246,1963,-41.503906,25000000.000
21247,1963,-41.503906,25000000.000
21248,1970,-38.085938,25000000.000
21249,1977,-34.667969,25000000.000
21250,1986,-30.273438,25000000.000
21251,1987,-29.785156,25000000.000
21252,2006,-20.507812,25000000.000
21253,2017,-15.136719,25000000.000
21254,2030,-8.789062,25000000.000
21255,2031,-8.300781,25000000.000
21256,2055,3.417969,25000000.000
21257,2068,9.765625,25000000.000
21258,2079,15.136719,25000000.000
21259,2082,16.601562,25000000.000
21260,2102,26.367188,25000000.000
21261,2110,30.273438,25000000.000
21262,2118,34.179688,25000000.000
21263,2119,34.667969,25000000.000
21264,2126,38.085938,25000000.000
21265,2128,39.062500,25000000.000
21266,2128,39.062500,25000000.000
21267,2127,38.574219,25000000.000
21268,2124,37.109375,25000000.000
21269,2119,34.667969,25000000.000
21270,2113,31.738281,25000000.000
21271,2112,31.250000,25000000.000
21272,2097,23.925781,25000000.000
21273,2087,19.042969,25000000.000
21274,2074,12.695312,25000000.000
21275,2073,12.207031,25000000.000
21276,2046,-0.976562,25000000.000
21277,2034,-6.835938,25000000.000
21278,2018,-14.648438,25000000.000
21279,2017,-15.136719,25000000.000
21280,1993,-26.855469,25000000.000
21281,1982,-32.226562,25000000.000
21282,1974,-36.132812,25000000.000
21283,1973,-36.621094,25000000.000
21284,1962,-41.992188,25000000.000
21285,1960,-42.968750,25000000.000
21286,1960,-42.968750,25000000.000
21287,1960,-42.968750,25000000.000
21288,1966,-40.039062,25000000.000
21289,1971,-37.597656,25000000.000
21290,1978,-34.179688,25000000.000
21291,1979,-33.691406,25000000.000
21292,1996,-25.390625,25000000.000
21293,2007,-20.019531,25000000.000
21294,2018,-14.648438,25000000.000
21295,2019,-14.160156,25000000.000
21296,2043,-2.441406,25000000.000
21297,2056,3.906250,25000000.000
21298,2069,10.253906,25000000.000
21299,2071,11.230469,25000000.000
21300,2092,21.484375,25000000.000
21301,2102,26.367188,25000000.000
21302,2111,30.761719,25000000.000
21303,2111,30.761719,25000000.000
21304,2122,36.132812,25000000.000
21305,2127,38.574219,25000000.000
21306,2127,38.574219,25000000.000
21307,2128,39.062500,25000000.000
21308,2127,38.574219,25000000.000
21309,2124,37.109375,25000000.000
21310,2117,33.691406,25000000.000
21311,2118,34.179688,25000000.000
21312,2104,27.343750,25000000.000
21313,2094,22.460938,25000000.000
21314,2084,17.578125,25000000.000
21315,2082,16.601562,25000000.000
21316,2058,4.882812,25000000.000
21317,2043,-2.441406,25000000.000
21318,2029,-9.277344,25000000.000
21319,2028,-9.765625,25000000.000
21320,2002,-22.460938,25000000.000
21321,1991,-27.832031,25000000.000
21322,1980,-33.203125,25000000.000
21323,1979,-33.691406,25000000.000
21324,1965,-40.527344,25000000.000
21325,1960,-42.968750,25000000.000
21326,1959,-43.457031,25000000.000
21327,1959,-43.457031,25000000.000
21328,1961,-42.480469,25000000.000
21329,1964,-41.015625,25000000.000
21330,1970,-38.085938,25000000.000
21331,1971,-37.597656,25000000.000
21332,1986,-30.273438,25000000.000
21333,1997,-24.902344,25000000.000
21334,2008,-19.531250,25000000.000
21335,2008,-19.531250,25000000.000
21336,2031,-8.300781,25000000.000
21337,2044,-1.953125,25000000.000
21338,2057,4.394531,25000000.000
21339,2059,5.371094,25000000.000
21340,2083,17.089844,25000000.000
21341,2095,22.949219,25000000.000
21342,2104,27.343750,25000000.000
21343,2105,27.832031,25000000.000
21344,2119,34.667969,25000000.000
21345,2127,38.574219,25000000.000
21346,2123,36.621094,25000000.000
21347,2131,40.527344,25000000.000
21348,2128,39.062500,25000000.000
21349,2126,38.085938,25000000.000
21350,2122,36.132812,25000000.000
21351,2122,36.132812,25000000.000
21352,2111,30.761719,25000000.000
21353,2102,26.367188,25000000.000
21354,2093,21.972656,25000000.000
21355,2092,21.484375,25000000.000
21356,2068,9.765625,25000000.000
21357,2056,3.906250,25000000.000
21358,2041,-3.417969,25000000.000
21359,2040,-3.906250,25000000.000
21360,2013,-17.089844,25000000.000
21361,2000,-23.437500,25000000.000
21362,1989,-28.808594,25000000.000
21363,1988,-29.296875,25000000.000
21364,1971,-37.597656,25000000.000
21365,1964,-41.015625,25000000.000
21366,1961,-42.480469,25000000.000
21367,1960,-42.968750,25000000.000
21368,1959,-43.457031,25000000.000
21369,1961,-42.480469,25000000.000
21370,1966,-40.039062,25000000.000
21371,1967,-39.550781,25000000.000
21372,1980,-33.203125,25000000.000
21373,1987,-29.785156,25000000.000
21374,1999,-23.925781,25000000.000
21375,1999,-23.925781,25000000.000
21376,2022,-12.695312,25000000.000
21377,2034,-6.835938,25000000.000
21378,2048,0.000000,25000000.000
21379,2049,0.488281,25000000.000
21380,2071,11.230469,25000000.000
21381,2084,17.578125,25000000.000
21382,2096,23.437500,25000000.000
21383,2096,23.437500,25000000.000
21384,2112,31.250000,25000000.000
21385,2120,35.156250,25000000.000
21386,2124,37.109375,25000000.000
21387,2125,37.597656,25000000.000
21388,2128,39.062500,25000000.000
21389,2127,38.574219,25000000.000
21390,2125,37.597656,25000000.000
21391,2125,37.597656,25000000.000
21392,2117,33.691406,25000000.000
21393,2110,30.273438,25000000.000
21394,2102,26.367188,25000000.000
21395,2100,25.390625,25000000.000
21396,2081,16.113281,25000000.000
21397,2068,9.765625,25000000.000
21398,2054,2.929688,25000000.000
21399,2053,2.441406,25000000.000
21400,2027,-10.253906,25000000.000
21401,2013,-17.089844,25000000.000
21402,1998,-24.414062,25000000.000
21403,1999,-23.925781,25000000.000
21404,1977,-34.667969,25000000.000
21405,1970,-38.085938,25000000.000
21406,1964,-41.015625,25000000.000
21407,1965,-40.527344,25000000.000
21408,1959,-43.457031,25000000.000
21409,1960,-42.968750,25000000.000
21410,1963,-41.503906,25000000.000
21411,1963,-41.503906,25000000.000
21412,1974,-36.132812,25000000.000
21413,1981,-32.714844,25000000.000
21414,1990,-28.320312,25000000.000
21415,1991,-27.832031,25000000.000
21416,2013,-17.089844,25000000.000
21417,2023,-12.207031,25000000.000
21418,2037,-5.371094,25000000.000
21419,2038,-4.882812,25000000.000
21420,2062,6.835938,25000000.000
21421,2075,13.183594,25000000.000
21422,2088,19.531250,25000000.000
21423,2088,19.531250,25000000.000
21424,2106,28.320312,25000000.000
21425,2115,32.714844,25000000.000
21426,2120,35.156250,25000000.000
21427,2121,35.644531,25000000.000
21428,2128,39.062500,25000000.000
21429,2128,39.062500,25000000.000
21430,2127,38.574219,25000000.000
21431,2127,38.574219,25000000.000
21432,2122,36.132812,25000000.000
21433,2116,33.203125,25000000.000
21434,2110,30.273438,25000000.000
21435,2109,29.785156,25000000.000
21436,2090,20.507812,25000000.000
21437,2079,15.136719,25000000.000
21438,2067,9.277344,25000000.000
21439,2064,7.812500,25000000.000
21440,2038,-4.882812,25000000.000
21441,2023,-12.207031,25000000.000
21442,2010,-18.554688,25000000.000
21443,2009,-19.042969,25000000.000
21444,1986,-30.273438,25000000.000
21445,1976,-35.156250,25000000.000
21446,1969,-38.574219,25000000.000
21447,1968,-39.062500,25000000.000
21448,1962,-41.992188,25000000.000
21449,1959,-43.457031,25000000.000
21450,1961,-42.480469,25000000.000
21451,1961,-42.480469,25000000.000
21452,1969,-38.574219,25000000.000
21453,1975,-35.644531,25000000.000
21454,1983,-31.738281,25000000.000
21455,1983,-31.738281,25000000.000
21456,2003,-21.972656,25000000.000
21457,2014,-16.601562,25000000.000
21458,2026,-10.742188,25000000.000
21459,2027,-10.253906,25000000.000
21460,2051,1.464844,25000000.000
21461,2064,7.812500,25000000.000
21462,2076,13.671875,25000000.000
21463,2078,14.648438,25000000.000
21464,2098,24.414062,25000000.000
21465,2107,28.808594,25000000.000
21466,2115,32.714844,25000000.000
21467,2115,32.714844,25000000.000
21468,2125,37.597656,25000000.000
21469,2128,39.062500,25000000.000
21470,2128,39.062500,25000000.000
21471,2129,39.550781,25000000.000
21472,2125,37.597656,25000000.000
21473,2120,35.156250,25000000.000
21474,2114,32.226562,25000000.000
21475,2115,32.714844,25000000.000
21476,2099,24.902344,25000000.000
21477,2088,19.531250,25000000.000
21478,2077,14.160156,25000000.000
21479,2075,13.183594,25000000.000
21480,2050,0.976562,25000000.000
21481,2037,-5.371094,25000000.000
21482,2022,-12.695312,25000000.000
21483,2020,-13.671875,25000000.000
21484,1996,-25.390625,25000000.000
21485,1984,-31.250000,25000000.000
21486,1976,-35.156250,25000000.000
21487,1974,-36.132812,25000000.000
21488,1964,-41.015625,25000000.000
21489,1960,-42.968750,25000000.000
21490,1960,-42.968750,25000000.000
21491,1960,-42.968750,25000000.000
21492,1964,-41.015625,25000000.000
21493,1969,-38.574219,25000000.000
21494,1976,-35.156250,25000000.000
21495,1976,-35.156250,25000000.000
21496,1994,-26.367188,25000000.000
21497,2004,-21.484375,25000000.000
21498,2016,-15.625000,25000000.000
21499,2016,-15.625000,25000000.000
21500,2042,-2.929688,25000000.000
21501,2054,2.929688,25000000.000
21502,2067,9.277344,25000000.000
21503,2067,9.277344,25000000.000
21504,2089,20.019531,25000000.000
21505,2099,24.902344,25000000.000
21506,2110,30.273438,25000000.000
21507,2110,30.273438,25000000.000
21508,2121,35.644531,25000000.000
21509,2125,37.597656,25000000.000
21510,2127,38.574219,25000000.000
21511,2128,39.062500,25000000.000
21512,2126,38.085938,25000000.000
21513,2123,36.621094,25000000.000
21514,2120,35.156250,25000000.000
21515,2119,34.667969,25000000.000
21516,2106,28.320312,25000000.000
21517,2096,23.437500,25000000.000
21518,2087,19.042969,25000000.000
21519,2084,17.578125,25000000.000
21520,2061,6.347656,25000000.000
21521,2047,-0.488281,25000000.000
21522,2032,-7.812500,25000000.000
21523,2030,-8.789062,25000000.000
21524,2005,-20.996094,25000000.000
21525,1993,-26.855469,25000000.000
21526,1983,-31.738281,25000000.000
21527,1981,-32.714844,25000000.000
21528,1966,-40.039062,25000000.000
21529,1963,-41.503906,25000000.000
21530,1959,-43.457031,25000000.000
21531,1959,-43.457031,25000000.000
21532,1962,-41.992188,25000000.000
21533,1964,-41.015625,25000000.000
21534,1968,-39.062500,25000000.000
21535,1970,-38.085938,25000000.000
21536,1985,-30.761719,25000000.000
21537,1994,-26.367188,25000000.000
21538,2006,-20.507812,25000000.000
21539,2007,-20.019531,25000000.000
21540,2030,-8.789062,25000000.000
21541,2042,-2.929688,25000000.000
21542,2055,3.417969,25000000.000
21543,2057,4.394531,25000000.000
21544,2079,15.136719,25000000.000
21545,2092,21.484375,25000000.000
21546,2102,26.367188,25000000.000
21547,2102,26.367188,25000000.000
21548,2116,33.203125,25000000.000
21549,2123,36.621094,25000000.000
21550,2126,38.085938,25000000.000
21551,2126,38.085938,25000000.000
21552,2128,39.062500,25000000.000
21553,2125,37.597656,25000000.000
21554,2123,36.621094,25000000.000
21555,2124,37.109375,25000000.000
21556,2112,31.250000,25000000.000
21557,2104,27.343750,25000000.000
21558,2096,23.437500,25000000.000
21559,2095,22.949219,25000000.000
21560,2073,12.207031,25000000.000
21561,2060,5.859375,25000000.000
21562,2046,-0.976562,25000000.000
21563,2044,-1.953125,25000000.000
21564,2017,-15.136719,25000000.000
21565,2003,-21.972656,25000000.000
21566,1992,-27.343750,25000000.000
21567,1990,-28.320312,25000000.000
21568,1972,-37.109375,25000000.000
21569,1966,-40.039062,25000000.000
21570,1962,-41.992188,25000000.000
21571,1962,-41.992188,25000000.000
21572,1959,-43.457031,25000000.000
21573,1961,-42.480469,25000000.000
21574,1965,-40.527344,25000000.000
21575,1965,-40.527344,25000000.000
21576,1978,-34.179688,25000000.000
21577,1986,-30.273438,25000000.000
21578,1995,-25.878906,25000000.000
21579,1996,-25.390625,25000000.000
21580,2017,-15.136719,25000000.000
21581,2030,-8.789062,25000000.000
21582,2044,-1.953125,25000000.000
21583,2046,-0.976562,25000000.000
21584,2070,10.742188,25000000.000
21585,2081,16.113281,25000000.000
21586,2094,22.460938,25000000.000
21587,2094,22.460938,25000000.000
21588,2112,31.250000,25000000.000
21589,2118,34.179688,25000000.000
21590,2124,37.109375,25000000.000
21591,2124,37.109375,25000000.000
21592,2128,39.062500,25000000.000
21593,2129,39.550781,25000000.000
21594,2127,38.574219,25000000.000
21595,2127,38.574219,25000000.000
21596,2120,35.156250,25000000.000
21597,2112,31.250000,25000000.000
21598,2104,27.343750,25000000.000
21599,2104,27.343750,25000000.000
21600,2084,17.578125,25000000.000
21601,2072,11.718750,25000000.000
21602,2058,4.882812,25000000.000
21603,2056,3.906250,25000000.000
21604,2029,-9.277344,25000000.000
21605,2015,-16.113281,25000000.000
21606,2003,-21.972656,25000000.000
21607,2001,-22.949219,25000000.000
21608,1979,-33.691406,25000000.000
21609,1972,-37.109375,25000000.000
21610,1965,-40.527344,25000000.000
21611,1966,-40.039062,25000000.000
21612,1960,-42.968750,25000000.000
21613,1960,-42.968750,25000000.000
21614,1962,-41.992188,25000000.000
21615,1962,-41.992188,25000000.000
21616,1972,-37.109375,25000000.000
21617,1980,-33.203125,25000000.000
21618,1988,-29.296875,25000000.000
21619,1988,-29.296875,25000000.000
21620,2009,-19.042969,25000000.000
21621,2021,-13.183594,25000000.000
21622,2034,-6.835938,25000000.000
21623,2035,-6.347656,25000000.000
21624,2060,5.859375,25000000.000
21625,2071,11.230469,25000000.000
21626,2084,17.578125,25000000.000
21627,2085,18.066406,25000000.000
21628,2105,27.832031,25000000.000
21629,2112,31.250000,25000000.000
21630,2119,34.667969,25000000.000
21631,2119,34.667969,25000000.000
21632,2127,38.574219,25000000.000
21633,2128,39.062500,25000000.000
21634,2127,38.574219,25000000.000
21635,2127,38.574219,25000000.000
21636,2123,36.621094,25000000.000
21637,2117,33.691406,25000000.000
21638,2111,30.761719,25000000.000
21639,2110,30.273438,25000000.000
21640,2093,21.972656,25000000.000
21641,2082,16.601562,25000000.000
21642,2069,10.253906,25000000.000
21643,2068,9.765625,25000000.000
21644,2042,-2.929688,25000000.000
21645,2029,-9.277344,25000000.000
21646,2014,-16.601562,25000000.000
21647,2012,-17.578125,25000000.000
21648,1989,-28.808594,25000000.000
21649,1979,-33.691406,25000000.000
21650,1971,-37.597656,25000000.000
21651,1969,-38.574219,25000000.000
21652,1961,-42.480469,25000000.000
21653,1959,-43.457031,25000000.000
21654,1960,-42.968750,25000000.000
21655,1961,-42.480469,25000000.000
21656,1967,-39.550781,25000000.000
21657,1973,-36.621094,25000000.000
21658,1981,-32.714844,25000000.000
21659,1981,-32.714844,25000000.000
21660,1999,-23.925781,25000000.000
21661,2009,-19.042969,25000000.000
21662,2022,-12.695312,25000000.000
21663,2024,-11.718750,25000000.000
21664,2049,0.488281,25000000.000
21665,2061,6.347656,25000000.000
21666,2074,12.695312,25000000.000
21667,2075,13.183594,25000000.000
21668,2097,23.925781,25000000.000
21669,2107,28.808594,25000000.000
21670,2114,32.226562,25000000.000
21671,2114,32.226562,25000000.000
21672,2125,37.597656,25000000.000
21673,2128,39.062500,25000000.000
21674,2130,40.039062,25000000.000
21675,2129,39.550781,25000000.000
21676,2126,38.085938,25000000.000
21677,2122,36.132812,25000000.000
21678,2117,33.691406,25000000.000
21679,2116,33.203125,25000000.000
21680,2101,25.878906,25000000.000
21681,2092,21.484375,25000000.000
21682,2081,16.113281,25000000.000
21683,2078,14.648438,25000000.000
21684,2053,2.441406,25000000.000
21685,2039,-4.394531,25000000.000
21686,2024,-11.718750,25000000.000
21687,2022,-12.695312,25000000.000
21688,1998,-24.414062,25000000.000
21689,1987,-29.785156,25000000.000
21690,1976,-35.156250,25000000.000
21691,1976,-35.156250,25000000.000
21692,1963,-41.503906,25000000.000
21693,1964,-41.015625,25000000.000
21694,1961,-42.480469,25000000.000
21695,1958,-43.945312,25000000.000
21696,1961,-42.480469,25000000.000
21697,1967,-39.550781,25000000.000
21698,1972,-37.109375,25000000.000
21699,1973,-36.621094,25000000.000
21700,1990,-28.320312,25000000.000
21701,2000,-23.437500,25000000.000
21702,2011,-18.066406,25000000.000
21703,2013,-17.089844,25000000.000
21704,2037,-5.371094,25000000.000
21705,2049,0.488281,25000000.000
21706,2062,6.835938,25000000.000
21707,2065,8.300781,25000000.000
21708,2086,18.554688,25000000.000
21709,2097,23.925781,25000000.000
21710,2106,28.320312,25000000.000
21711,2108,29.296875,25000000.000
21712,2121,35.644531,25000000.000
21713,2125,37.597656,25000000.000
21714,2128,39.062500,25000000.000
21715,2127,38.574219,25000000.000
21716,2128,39.062500,25000000.000
21717,2126,38.085938,25000000.000
21718,2121,35.644531,25000000.000
21719,2120,35.156250,25000000.000
21720,2108,29.296875,25000000.000
21721,2099,24.902344,25000000.000
21722,2088,19.531250,25000000.000
21723,2087,19.042969,25000000.000
21724,2064,7.812500,25000000.000
21725,2050,0.976562,25000000.000
21726,2036,-5.859375,25000000.000
21727,2035,-6.347656,25000000.000
21728,2008,-19.531250,25000000.000
21729,1997,-24.902344,25000000.000
21730,1985,-30.761719,25000000.000
21731,1984,-31.250000,25000000.000
21732,1969,-38.574219,25000000.000
21733,1963,-41.503906,25000000.000
21734,1959,-43.457031,25000000.000
21735,1959,-43.457031,25000000.000
21736,1960,-42.968750,25000000.000
21737,1964,-41.015625,25000000.000
21738,1967,-39.550781,25000000.000
21739,1968,-39.062500,25000000.000
21740,1981,-32.714844,25000000.000
21741,1991,-27.832031,25000000.000
21742,2002,-22.460938,25000000.000
21743,2003,-21.972656,25000000.000
21744,2025,-11.230469,25000000.000
21745,2040,-3.906250,25000000.000
21746,2052,1.953125,25000000.000
21747,2052,1.953125,25000000.000
21748,2077,14.160156,25000000.000
21749,2092,21.484375,25000000.000
21750,2102,26.367188,25000000.000
21751,2103,26.855469,25000000.000
21752,2117,33.691406,25000000.000
21753,2120,35.156250,25000000.000
21754,2126,38.085938,25000000.000
21755,2126,38.085938,25000000.000
21756,2128,39.062500,25000000.000
21757,2128,39.062500,25000000.000
21758,2126,38.085938,25000000.000
21759,2125,37.597656,25000000.000
21760,2116,33.203125,25000000.000
21761,2107,28.808594,25000000.000
21762,2098,24.414062,25000000.000
21763,2098,24.414062,25000000.000
21764,2077,14.160156,25000000.000
21765,2063,7.324219,25000000.000
21766,2049,0.488281,25000000.000
21767,2048,0.000000,25000000.000
21768,2020,-13.671875,25000000.000
21769,2008,-19.531250,25000000.000
21770,1995,-25.878906,25000000.000
21771,1994,-26.367188,25000000.000
21772,1975,-35.644531,25000000.000
21773,1968,-39.062500,25000000.000
21774,1963,-41.503906,25000000.000
21775,1963,-41.503906,25000000.000
21776,1959,-43.457031,25000000.000
21777,1960,-42.968750,25000000.000
21778,1965,-40.527344,25000000.000
21779,1965,-40.527344,25000000.000
21780,1977,-34.667969,25000000.000
21781,1984,-31.250000,25000000.000
21782,1993,-26.855469,25000000.000
21783,1995,-25.878906,25000000.000
21784,2017,-15.136719,25000000.000
21785,2027,-10.253906,25000000.000
21786,2041,-3.417969,25000000.000
21787,2043,-2.441406,25000000.000
21788,2068,9.765625,25000000.000
21789,2080,15.625000,25000000.000
21790,2090,20.507812,25000000.000
21791,2092,21.484375,25000000.000
21792,2109,29.785156,25000000.000
21793,2118,34.179688,25000000.000
21794,2123,36.621094,25000000.000
21795,2123,36.621094,25000000.000
21796,2129,39.550781,25000000.000
21797,2129,39.550781,25000000.000
21798,2128,39.062500,25000000.000
21799,2128,39.062500,25000000.000
21800,2120,35.156250,25000000.000
21801,2114,32.226562,25000000.000
21802,2107,28.808594,25000000.000
21803,2105,27.832031,25000000.000
21804,2086,18.554688,25000000.000
21805,2074,12.695312,25000000.000
21806,2061,6.347656,25000000.000
21807,2060,5.859375,25000000.000
21808,2033,-7.324219,25000000.000
21809,2019,-14.160156,25000000.000
21810,2005,-20.996094,25000000.000
21811,2005,-20.996094,25000000.000
21812,1983,-31.738281,25000000.000
21813,1974,-36.132812,25000000.000
21814,1968,-39.062500,25000000.000
21815,1967,-39.550781,25000000.000
21816,1961,-42.480469,25000000.000
21817,1960,-42.968750,25000000.000
21818,1961,-42.480469,25000000.000
21819,1962,-41.992188,25000000.000
21820,1970,-38.085938,25000000.000
21821,1978,-34.179688,25000000.000
21822,1986,-30.273438,25000000.000
21823,1987,-29.785156,25000000.000
21824,2006,-20.507812,25000000.000
21825,2017,-15.136719,25000000.000
21826,2031,-8.300781,25000000.000
21827,2032,-7.812500,25000000.000
21828,2056,3.906250,25000000.000
21829,2070,10.742188,25000000.000
21830,2080,15.625000,25000000.000
21831,2081,16.113281,25000000.000
21832,2103,26.855469,25000000.000
21833,2112,31.250000,25000000.000
21834,2118,34.179688,25000000.000
21835,2119,34.667969,25000000.000
21836,2127,38.574219,25000000.000
21837,2129,39.550781,25000000.000
21838,2128,39.062500,25000000.000
21839,2128,39.062500,25000000.000
21840,2124,37.109375,25000000.000
21841,2119,34.667969,25000000.000
21842,2112,31.250000,25000000.000
21843,2114,32.226562,25000000.000
21844,2095,22.949219,25000000.000
21845,2083,17.089844,25000000.000
21846,2072,11.718750,25000000.000
21847,2070,10.742188,25000000.000
21848,2045,-1.464844,25000000.000
21849,2031,-8.300781,25000000.000
21850,2016,-15.625000,25000000.000
21851,2015,-16.113281,25000000.000
21852,1991,-27.832031,25000000.000
21853,1980,-33.203125,25000000.000
21854,1973,-36.621094,25000000.000
21855,1972,-37.109375,25000000.000
21856,1962,-41.992188,25000000.000
21857,1960,-42.968750,25000000.000
21858,1960,-42.968750,25000000.000
21859,1959,-43.457031,25000000.000
21860,1965,-40.527344,25000000.000
21861,1970,-38.085938,25000000.000
21862,1978,-34.179688,25000000.000
21863,1978,-34.179688,25000000.000
21864,1996,-25.390625,25000000.000
21865,2008,-19.531250,25000000.000
21866,2020,-13.671875,25000000.000
21867,2021,-13.183594,25000000.000
21868,2045,-1.464844,25000000.000
21869,2059,5.371094,25000000.000
21870,2071,11.230469,25000000.000
21871,2072,11.718750,25000000.000
21872,2094,22.460938,25000000.000
21873,2104,27.343750,25000000.000
21874,2110,30.273438,25000000.000
21875,2112,31.250000,25000000.000
21876,2123,36.621094,25000000.000
21877,2127,38.574219,25000000.000
21878,2127,38.574219,25000000.000
21879,2128,39.062500,25000000.000
21880,2127,38.574219,25000000.000
21881,2123,36.621094,25000000.000
21882,2117,33.691406,25000000.000
21883,2116,33.203125,25000000.000
21884,2102,26.367188,25000000.000
21885,2092,21.484375,25000000.000
21886,2081,16.113281,25000000.000
21887,2080,15.625000,25000000.000
21888,2056,3.906250,25000000.000
21889,2042,-2.929688,25000000.000
21890,2027,-10.253906,25000000.000
21891,2027,-10.253906,25000000.000
21892,2001,-22.949219,25000000.000
21893,1989,-28.808594,25000000.000
21894,1979,-33.691406,25000000.000
21895,1978,-34.179688,25000000.000
21896,1964,-41.015625,25000000.000
21897,1961,-42.480469,25000000.000
21898,1959,-43.457031,25000000.000
21899,1959,-43.457031,25000000.000
21900,1962,-41.992188,25000000.000
21901,1966,-40.039062,25000000.000
21902,1972,-37.109375,25000000.000
21903,1973,-36.621094,25000000.000
21904,1987,-29.785156,25000000.000
21905,1998,-24.414062,25000000.000
21906,2010,-18.554688,25000000.000
21907,2011,-18.066406,25000000.000
21908,2033,-7.324219,25000000.000
21909,2046,-0.976562,25000000.000
21910,2059,5.371094,25000000.000
21911,2060,5.859375,25000000.000
21912,2084,17.578125,25000000.000
21913,2095,22.949219,25000000.000
21914,2104,27.343750,25000000.000
21915,2105,27.832031,25000000.000
21916,2120,35.156250,25000000.000
21917,2123,36.621094,25000000.000
21918,2126,38.085938,25000000.000
21919,2127,38.574219,25000000.000
21920,2127,38.574219,25000000.000
21921,2126,38.085938,25000000.000
21922,2123,36.621094,25000000.000
21923,2123,36.621094,25000000.000
21924,2110,30.273438,25000000.000
21925,2101,25.878906,25000000.000
21926,2092,21.484375,25000000.000
21927,2091,20.996094,25000000.000
21928,2068,9.765625,25000000.000
21929,2054,2.929688,25000000.000
21930,2039,-4.394531,25000000.000
21931,2038,-4.882812,25000000.000
21932,2012,-17.578125,25000000.000
21933,2000,-23.437500,25000000.000
21934,1988,-29.296875,25000000.000
21935,1986,-30.273438,25000000.000
21936,1971,-37.597656,25000000.000
21937,1964,-41.015625,25000000.000
21938,1960,-42.968750,25000000.000
21939,1960,-42.968750,25000000.000
21940,1959,-43.457031,25000000.000
21941,1960,-42.968750,25000000.000
21942,1967,-39.550781,25000000.000
21943,1967,-39.550781,25000000.000
21944,1980,-33.203125,25000000.000
21945,1989,-28.808594,25000000.000
21946,2000,-23.437500,25000000.000
21947,2001,-22.949219,25000000.000
21948,2023,-12.207031,25000000.000
21949,2036,-5.859375,25000000.000
21950,2050,0.976562,25000000.000
21951,2050,0.976562,25000000.000
21952,2075,13.183594,25000000.000
21953,2086,18.554688,25000000.000
21954,2097,23.925781,25000000.000
21955,2098,24.414062,25000000.000
21956,2114,32.226562,25000000.000
21957,2120,35.156250,25000000.000
21958,2125,37.597656,25000000.000
21959,2125,37.597656,25000000.000
21960,2129,39.550781,25000000.000
21961,2129,39.550781,25000000.000
21962,2126,38.085938,25000000.000
21963,2126,38.085938,25000000.000
21964,2116,33.203125,25000000.000
21965,2109,29.785156,25000000.000
21966,2099,24.902344,25000000.000
21967,2100,25.390625,25000000.000
21968,2079,15.136719,25000000.000
21969,2066,8.789062,25000000.000
21970,2052,1.953125,25000000.000
21971,2050,0.976562,25000000.000
21972,2023,-12.207031,25000000.000
21973,2010,-18.554688,25000000.000
21974,1997,-24.902344,25000000.000
21975,1996,-25.390625,25000000.000
21976,1977,-34.667969,25000000.000
21977,1968,-39.062500,25000000.000
21978,1964,-41.015625,25000000.000
21979,1963,-41.503906,25000000.000
21980,1959,-43.457031,25000000.000
21981,1960,-42.968750,25000000.000
21982,1963,-41.503906,25000000.000
21983,1963,-41.503906,25000000.000
21984,1973,-36.621094,25000000.000
21985,1981,-32.714844,25000000.000
21986,1991,-27.832031,25000000.000
21987,1992,-27.343750,25000000.000
21988,2014,-16.601562,25000000.000
21989,2026,-10.742188,25000000.000
21990,2039,-4.394531,25000000.000
21991,2039,-4.394531,25000000.000
21992,2064,7.812500,25000000.000
21993,2077,14.160156,25000000.000
21994,2089,20.019531,25000000.000
21995,2090,20.507812,25000000.000
21996,2108,29.296875,25000000.000
21997,2116,33.203125,25000000.000
21998,2122,36.132812,25000000.000
21999,2124,37.109375,25000000.000
22000,2128,39.062500,25000000.000
22001,2129,39.550781,25000000.000
22002,2130,40.039062,25000000.000
22003,2129,39.550781,25000000.000
22004,2122,36.132812,25000000.000
22005,2116,33.203125,25000000.000
22006,2110,30.273438,25000000.000
22007,2109,29.785156,25000000.000
22008,2089,20.019531,25000000.000
22009,2078,14.648438,25000000.000
22010,2066,8.789062,25000000.000
22011,2062,6.835938,25000000.000
22012,2037,-5.371094,25000000.000
22013,2022,-12.695312,25000000.000
22014,2009,-19.042969,25000000.000
22015,2006,-20.507812,25000000.000
22016,1985,-30.761719,25000000.000
22017,1976,-35.156250,25000000.000
22018,1968,-39.062500,25000000.000
22019,1967,-39.550781,25000000.000
22020,1960,-42.968750,25000000.000
22021,1960,-42.968750,25000000.000
22022,1960,-42.968750,25000000.000
22023,1961,-42.480469,25000000.000
22024,1967,-39.550781,25000000.000
22025,1975,-35.644531,25000000.000
22026,1983,-31.738281,25000000.000
22027,1984,-31.250000,25000000.000
22028,2004,-21.484375,25000000.000
22029,2015,-16.113281,25000000.000
22030,2027,-10.253906,25000000.000
22031,2028,-9.765625,25000000.000
22032,2053,2.441406,25000000.000
22033,2066,8.789062,25000000.000
22034,2079,15.136719,25000000.000
22035,2080,15.625000,25000000.000
22036,2100,25.390625,25000000.000
22037,2109,29.785156,25000000.000
22038,2117,33.691406,25000000.000
22039,2117,33.691406,25000000.000
22040,2125,37.597656,25000000.000
22041,2126,38.085938,25000000.000
22042,2133,41.503906,25000000.000
22043,2123,36.621094,25000000.000
22044,2124,37.109375,25000000.000
22045,2120,35.156250,25000000.000
22046,2114,32.226562,25000000.000
22047,2114,32.226562,25000000.000
22048,2097,23.925781,25000000.000
22049,2087,19.042969,25000000.000
22050,2075,13.183594,25000000.000
22051,2074,12.695312,25000000.000
22052,2049,0.488281,25000000.000
22053,2034,-6.835938,25000000.000
22054,2020,-13.671875,25000000.000
22055,2019,-14.160156,25000000.000
22056,1995,-25.878906,25000000.000
22057,1983,-31.738281,25000000.000
22058,1974,-36.132812,25000000.000
22059,1973,-36.621094,25000000.000
22060,1962,-41.992188,25000000.000
22061,1960,-42.968750,25000000.000
22062,1960,-42.968750,25000000.000
22063,1958,-43.945312,25000000.000
22064,1964,-41.015625,25000000.000
22065,1970,-38.085938,25000000.000
22066,1976,-35.156250,25000000.000
22067,1977,-34.667969,25000000.000
22068,1993,-26.855469,25000000.000
22069,2006,-20.507812,25000000.000
22070,2016,-15.625000,25000000.000
22071,2018,-14.648438,25000000.000
22072,2041,-3.417969,25000000.000
22073,2055,3.417969,25000000.000
22074,2067,9.277344,25000000.000
22075,2068,9.765625,25000000.000
22076,2091,20.996094,25000000.000
22077,2100,25.390625,25000000.000
22078,2110,30.273438,25000000.000
22079,2110,30.273438,25000000.000
22080,2123,36.621094,25000000.000
22081,2125,37.597656,25000000.000
22082,2127,38.574219,25000000.000
22083,2128,39.062500,25000000.000
22084,2128,39.062500,25000000.000
22085,2124,37.109375,25000000.000
22086,2118,34.179688,25000000.000
22087,2118,34.179688,25000000.000
22088,2105,27.832031,25000000.000
22089,2095,22.949219,25000000.000
22090,2084,17.578125,25000000.000
22091,2083,17.089844,25000000.000
22092,2059,5.371094,25000000.000
22093,2045,-1.464844,25000000.000
22094,2032,-7.812500,25000000.000
22095,2029,-9.277344,25000000.000
22096,2005,-20.996094,25000000.000
22097,1993,-26.855469,25000000.000
22098,1982,-32.226562,25000000.000
22099,1981,-32.714844,25000000.000
22100,1966,-40.039062,25000000.000
22101,1962,-41.992188,25000000.000
22102,1959,-43.457031,25000000.000
22103,1959,-43.457031,25000000.000
22104,1960,-42.968750,25000000.000
22105,1964,-41.015625,25000000.000
22106,1970,-38.085938,25000000.000
22107,1971,-37.597656,25000000.000
22108,1986,-30.273438,25000000.000
22109,1996,-25.390625,25000000.000
22110,2007,-20.019531,25000000.000
22111,2007,-20.019531,25000000.000
22112,2031,-8.300781,25000000.000
22113,2045,-1.464844,25000000.000
22114,2057,4.394531,25000000.000
22115,2058,4.882812,25000000.000
22116,2080,15.625000,25000000.000
22117,2093,21.972656,25000000.000
22118,2102,26.367188,25000000.000
22119,2103,26.855469,25000000.000
22120,2117,33.691406,25000000.000
22121,2122,36.132812,25000000.000
22122,2127,38.574219,25000000.000
22123,2126,38.085938,25000000.000
22124,2128,39.062500,25000000.000
22125,2127,38.574219,25000000.000
22126,2124,37.109375,25000000.000
22127,2123,36.621094,25000000.000
22128,2111,30.761719,25000000.000
22129,2103,26.855469,25000000.000
22130,2094,22.460938,25000000.000
22131,2092,21.484375,25000000.000
22132,2070,10.742188,25000000.000
22133,2058,4.882812,25000000.000
22134,2043,-2.441406,25000000.000
22135,2041,-3.417969,25000000.000
22136,2016,-15.625000,25000000.000
22137,2001,-22.949219,25000000.000
22138,1990,-28.320312,25000000.000
22139,1989,-28.808594,25000000.000
22140,1971,-37.597656,25000000.000
22141,1965,-40.527344,25000000.000
22142,1961,-42.480469,25000000.000
22143,1961,-42.480469,25000000.000
22144,1960,-42.968750,25000000.000
22145,1962,-41.992188,25000000.000
22146,1965,-40.527344,25000000.000
22147,1966,-40.039062,25000000.000
22148,1978,-34.179688,25000000.000
22149,1988,-29.296875,25000000.000
22150,1998,-24.414062,25000000.000
22151,1999,-23.925781,25000000.000
22152,2021,-13.183594,25000000.000
22153,2034,-6.835938,25000000.000
22154,2046,-0.976562,25000000.000
22155,2047,-0.488281,25000000.000
22156,2072,11.718750,25000000.000
22157,2084,17.578125,25000000.000
22158,2095,22.949219,25000000.000
22159,2095,22.949219,25000000.000
22160,2112,31.250000,25000000.000
22161,2119,34.667969,25000000.000
22162,2124,37.109375,25000000.000
22163,2125,37.597656,25000000.000
22164,2128,39.062500,25000000.000
22165,2129,39.550781,25000000.000
22166,2126,38.085938,25000000.000
22167,2126,38.085938,25000000.000
22168,2118,34.179688,25000000.000
22169,2111,30.761719,25000000.000
22170,2102,26.367188,25000000.000
22171,2102,26.367188,25000000.000
22172,2081,16.113281,25000000.000
22173,2069,10.253906,25000000.000
22174,2055,3.417969,25000000.000
22175,2054,2.929688,25000000.000
22176,2028,-9.765625,25000000.000
22177,2013,-17.089844,25000000.000
22178,2001,-22.949219,25000000.000
22179,1999,-23.925781,25000000.000
22180,1979,-33.691406,25000000.000
22181,1971,-37.597656,25000000.000
22182,1965,-40.527344,25000000.000
22183,1964,-41.015625,25000000.000
22184,1959,-43.457031,25000000.000
22185,1960,-42.968750,25000000.000
22186,1962,-41.992188,25000000.000
22187,1963,-41.503906,25000000.000
22188,1973,-36.621094,25000000.000
22189,1981,-32.714844,25000000.000
22190,1990,-28.320312,25000000.000
22191,1990,-28.320312,25000000.000
22192,2011,-18.066406,25000000.000
22193,2024,-11.718750,25000000.000
22194,2036,-5.859375,25000000.000
22195,2037,-5.371094,25000000.000
22196,2062,6.835938,25000000.000
22197,2073,12.207031,25000000.000
22198,2086,18.554688,25000000.000
22199,2088,19.531250,25000000.000
22200,2106,28.320312,25000000.000
22201,2113,31.738281,25000000.000
22202,2121,35.644531,25000000.000
22203,2120,35.156250,25000000.000
22204,2127,38.574219,25000000.000
22205,2130,40.039062,25000000.000
22206,2128,39.062500,25000000.000
22207,2129,39.550781,25000000.000
22208,2123,36.621094,25000000.000
22209,2117,33.691406,25000000.000
22210,2110,30.273438,25000000.000
22211,2110,30.273438,25000000.000
22212,2092,21.484375,25000000.000
22213,2079,15.136719,25000000.000
22214,2068,9.765625,25000000.000
22215,2066,8.789062,25000000.000
22216,2039,-4.394531,25000000.000
22217,2025,-11.230469,25000000.000
22218,2012,-17.578125,25000000.000
22219,2010,-18.554688,25000000.000
22220,1988,-29.296875,25000000.000
22221,1977,-34.667969,25000000.000
22222,1969,-38.574219,25000000.000
22223,1969,-38.574219,25000000.000
22224,1961,-42.480469,25000000.000
22225,1959,-43.457031,25000000.000
22226,1959,-43.457031,25000000.000
22227,1960,-42.968750,25000000.000
22228,1967,-39.550781,25000000.000
22229,1973,-36.621094,25000000.000
22230,1981,-32.714844,25000000.000
22231,1983,-31.738281,25000000.000
22232,2001,-22.949219,25000000.000
22233,2013,-17.089844,25000000.000
22234,2025,-11.230469,25000000.000
22235,2026,-10.742188,25000000.000
22236,2050,0.976562,25000000.000
22237,2062,6.835938,25000000.000
22238,2075,13.183594,25000000.000
22239,2077,14.160156,25000000.000
22240,2097,23.925781,25000000.000
22241,2107,28.808594,25000000.000
22242,2114,32.226562,25000000.000
22243,2116,33.203125,25000000.000
22244,2125,37.597656,25000000.000
22245,2128,39.062500,25000000.000
22246,2129,39.550781,25000000.000
22247,2129,39.550781,25000000.000
22248,2126,38.085938,25000000.000
22249,2122,36.132812,25000000.000
22250,2116,33.203125,25000000.000
22251,2116,33.203125,25000000.000
22252,2100,25.390625,25000000.000
22253,2090,20.507812,25000000.000
22254,2079,15.136719,25000000.000
22255,2077,14.160156,25000000.000
22256,2051,1.464844,25000000.000
22257,2036,-5.859375,25000000.000
22258,2023,-12.207031,25000000.000
22259,2021,-13.183594,25000000.000
22260,1996,-25.390625,25000000.000
22261,1986,-30.273438,25000000.000
22262,1977,-34.667969,25000000.000
22263,1976,-35.156250,25000000.000
22264,1964,-41.015625,25000000.000
22265,1960,-42.968750,25000000.000
22266,1959,-43.457031,25000000.000
22267,1959,-43.457031,25000000.000
22268,1962,-41.992188,25000000.000
22269,1968,-39.062500,25000000.000
22270,1974,-36.132812,25000000.000
22271,1975,-35.644531,25000000.000
22272,1992,-27.343750,25000000.000
22273,2002,-22.460938,25000000.000
22274,2014,-16.601562,25000000.000
22275,2014,-16.601562,25000000.000
22276,2039,-4.394531,25000000.000
22277,2050,0.976562,25000000.000
22278,2064,7.812500,25000000.000
22279,2065,8.300781,25000000.000
22280,2088,19.531250,25000000.000
22281,2099,24.902344,25000000.000
22282,2107,28.808594,25000000.000
22283,2109,29.785156,25000000.000
22284,2122,36.132812,25000000.000
22285,2125,37.597656,25000000.000
22286,2128,39.062500,25000000.000
22287,2129,39.550781,25000000.000
22288,2128,39.062500,25000000.000
22289,2125,37.597656,25000000.000
22290,2120,35.156250,25000000.000
22291,2119,34.667969,25000000.000
22292,2106,28.320312,25000000.000
22293,2098,24.414062,25000000.000
22294,2087,19.042969,25000000.000
22295,2085,18.066406,25000000.000
22296,2062,6.835938,25000000.000
22297,2049,0.488281,25000000.000
22298,2035,-6.347656,25000000.000
22299,2033,-7.324219,25000000.000
22300,2008,-19.531250,25000000.000
22301,1994,-26.367188,25000000.000
22302,1983,-31.738281,25000000.000
22303,1983,-31.738281,25000000.000
22304,1967,-39.550781,25000000.000
22305,1963,-41.503906,25000000.000
22306,1960,-42.968750,25000000.000
22307,1960,-42.968750,25000000.000
22308,1960,-42.968750,25000000.000
22309,1962,-41.992188,25000000.000
22310,1969,-38.574219,25000000.000
22311,1969,-38.574219,25000000.000
22312,1984,-31.250000,25000000.000
22313,1993,-26.855469,25000000.000
22314,2003,-21.972656,25000000.000
22315,2003,-21.972656,25000000.000
22316,2028,-9.765625,25000000.000
22317,2041,-3.417969,25000000.000
22318,2053,2.441406,25000000.000
22319,2054,2.929688,25000000.000
22320,2079,15.136719,25000000.000
22321,2090,20.507812,25000000.000
22322,2101,25.878906,25000000.000
22323,2102,26.367188,25000000.000
22324,2116,33.203125,25000000.000
22325,2123,36.621094,25000000.000
22326,2125,37.597656,25000000.000
22327,2126,38.085938,25000000.000
22328,2128,39.062500,25000000.000
22329,2128,39.062500,25000000.000
22330,2125,37.597656,25000000.000
22331,2122,36.132812,25000000.000
22332,2112,31.250000,25000000.000
22333,2106,28.320312,25000000.000
22334,2098,24.414062,25000000.000
22335,2096,23.437500,25000000.000
22336,2074,12.695312,25000000.000
22337,2061,6.347656,25000000.000
22338,2047,-0.488281,25000000.000
22339,2046,-0.976562,25000000.000
22340,2018,-14.648438,25000000.000
22341,2005,-20.996094,25000000.000
22342,1993,-26.855469,25000000.000
22343,1992,-27.343750,25000000.000
22344,1973,-36.621094,25000000.000
22345,1967,-39.550781,25000000.000
22346,1962,-41.992188,25000000.000
22347,1961,-42.480469,25000000.000
22348,1958,-43.945312,25000000.000
22349,1960,-42.968750,25000000.000
22350,1964,-41.015625,25000000.000
22351,1965,-40.527344,25000000.000
22352,1977,-34.667969,25000000.000
22353,1985,-30.761719,25000000.000
22354,1996,-25.390625,25000000.000
22355,1996,-25.390625,25000000.000
22356,2018,-14.648438,25000000.000
22357,2029,-9.277344,25000000.000
22358,2044,-1.953125,25000000.000
22359,2044,-1.953125,25000000.000
22360,2069,10.253906,25000000.000
22361,2080,15.625000,25000000.000
22362,2093,21.972656,25000000.000
22363,2093,21.972656,25000000.000
22364,2111,30.761719,25000000.000
22365,2118,34.179688,25000000.000
22366,2124,37.109375,25000000.000
22367,2124,37.109375,25000000.000
22368,2129,39.550781,25000000.000
22369,2128,39.062500,25000000.000
22370,2127,38.574219,25000000.000
22371,2127,38.574219,25000000.000
22372,2119,34.667969,25000000.000
22373,2113,31.738281,25000000.000
22374,2105,27.832031,25000000.000
22375,2104,27.343750,25000000.000
22376,2085,18.066406,25000000.000
22377,2073,12.207031,25000000.000
22378,2060,5.859375,25000000.000
22379,2059,5.371094,25000000.000
22380,2031,-8.300781,25000000.000
22381,2018,-14.648438,25000000.000
22382,2005,-20.996094,25000000.000
22383,2003,-21.972656,25000000.000
22384,1983,-31.738281,25000000.000
22385,1972,-37.109375,25000000.000
22386,1966,-40.039062,25000000.000
22387,1966,-40.039062,25000000.000
22388,1959,-43.457031,25000000.000
22389,1959,-43.457031,25000000.000
22390,1963,-41.503906,25000000.000
22391,1958,-43.945312,25000000.000
22392,1971,-37.597656,25000000.000
22393,1976,-35.156250,25000000.000
22394,1986,-30.273438,25000000.000
22395,1986,-30.273438,25000000.000
22396,2006,-20.507812,25000000.000
22397,2018,-14.648438,25000000.000
22398,2031,-8.300781,25000000.000
22399,2033,-7.324219,25000000.000
22400,2057,4.394531,25000000.000
22401,2070,10.742188,25000000.000
22402,2083,17.089844,25000000.000
22403,2084,17.578125,25000000.000
22404,2104,27.343750,25000000.000
22405,2112,31.250000,25000000.000
22406,2120,35.156250,25000000.000
22407,2120,35.156250,25000000.000
22408,2128,39.062500,25000000.000
22409,2129,39.550781,25000000.000
22410,2130,40.039062,25000000.000
22411,2129,39.550781,25000000.000
22412,2122,36.132812,25000000.000
22413,2120,35.156250,25000000.000
22414,2111,30.761719,25000000.000
22415,2111,30.761719,25000000.000
22416,2094,22.460938,25000000.000
22417,2083,17.089844,25000000.000
22418,2070,10.742188,25000000.000
22419,2069,10.253906,25000000.000
22420,2043,-2.441406,25000000.000
22421,2030,-8.789062,25000000.000
22422,2015,-16.113281,25000000.000
22423,2014,-16.601562,25000000.000
22424,1990,-28.320312,25000000.000
22425,1981,-32.714844,25000000.000
22426,1973,-36.621094,25000000.000
22427,1972,-37.109375,25000000.000
22428,1962,-41.992188,25000000.000
22429,1960,-42.968750,25000000.000
22430,1960,-42.968750,25000000.000
22431,1960,-42.968750,25000000.000
22432,1966,-40.039062,25000000.000
22433,1972,-37.109375,25000000.000
22434,1980,-33.203125,25000000.000
22435,1981,-32.714844,25000000.000
22436,1998,-24.414062,25000000.000
22437,2009,-19.042969,25000000.000
22438,2021,-13.183594,25000000.000
22439,2022,-12.695312,25000000.000
22440,2046,-0.976562,25000000.000
22441,2060,5.859375,25000000.000
22442,2072,11.718750,25000000.000
22443,2074,12.695312,25000000.000
22444,2095,22.949219,25000000.000
22445,2105,27.832031,25000000.000
22446,2113,31.738281,25000000.000
22447,2113,31.738281,25000000.000
22448,2124,37.109375,25000000.000
22449,2128,39.062500,25000000.000
22450,2128,39.062500,25000000.000
22451,2129,39.550781,25000000.000
22452,2126,38.085938,25000000.000
22453,2122,36.132812,25000000.000
22454,2118,34.179688,25000000.000
22455,2117,33.691406,25000000.000
22456,2102,26.367188,25000000.000
22457,2092,21.484375,25000000.000
22458,2082,16.601562,25000000.000
22459,2080,15.625000,25000000.000
22460,2054,2.929688,25000000.000
22461,2041,-3.417969,25000000.000
22462,2026,-10.742188,25000000.000
22463,2024,-11.718750,25000000.000
22464,2000,-23.437500,25000000.000
22465,1987,-29.785156,25000000.000
22466,1978,-34.179688,25000000.000
22467,1976,-35.156250,25000000.000
22468,1964,-41.015625,25000000.000
22469,1960,-42.968750,25000000.000
22470,1959,-43.457031,25000000.000
22471,1959,-43.457031,25000000.000
22472,1962,-41.992188,25000000.000
22473,1966,-40.039062,25000000.000
22474,1973,-36.621094,25000000.000
22475,1972,-37.109375,25000000.000
22476,1989,-28.808594,25000000.000
22477,2000,-23.437500,25000000.000
22478,2012,-17.578125,25000000.000
22479,2011,-18.066406,25000000.000
22480,2035,-6.347656,25000000.000
22481,2048,0.000000,25000000.000
22482,2061,6.347656,25000000.000
22483,2063,7.324219,25000000.000
22484,2085,18.066406,25000000.000
22485,2097,23.925781,25000000.000
22486,2105,27.832031,25000000.000
22487,2107,28.808594,25000000.000
22488,2121,35.644531,25000000.000
22489,2124,37.109375,25000000.000
22490,2127,38.574219,25000000.000
22491,2126,38.085938,25000000.000
22492,2127,38.574219,25000000.000
22493,2124,37.109375,25000000.000
22494,2121,35.644531,25000000.000
22495,2120,35.156250,25000000.000
22496,2109,29.785156,25000000.000
22497,2100,25.390625,25000000.000
22498,2090,20.507812,25000000.000
22499,2089,20.019531,25000000.000
22500,2066,8.789062,25000000.000
22501,2052,1.953125,25000000.000
22502,2039,-4.394531,25000000.000
22503,2036,-5.859375,25000000.000
22504,2010,-18.554688,25000000.000
22505,1998,-24.414062,25000000.000
22506,1987,-29.785156,25000000.000
22507,1986,-30.273438,25000000.000
22508,1968,-39.062500,25000000.000
22509,1963,-41.503906,25000000.000
22510,1960,-42.968750,25000000.000
22511,1960,-42.968750,25000000.000
22512,1961,-42.480469,25000000.000
22513,1963,-41.503906,25000000.000
22514,1967,-39.550781,25000000.000
22515,1968,-39.062500,25000000.000
22516,1981,-32.714844,25000000.000
22517,1990,-28.320312,25000000.000
22518,2001,-22.949219,25000000.000
22519,2001,-22.949219,25000000.000
22520,2025,-11.230469,25000000.000
22521,2037,-5.371094,25000000.000
22522,2050,0.976562,25000000.000
22523,2052,1.953125,25000000.000
22524,2075,13.183594,25000000.000
22525,2086,18.554688,25000000.000
22526,2098,24.414062,25000000.000
22527,2099,24.902344,25000000.000
22528,2115,32.714844,25000000.000
22529,2121,35.644531,25000000.000
22530,2125,37.597656,25000000.000
22531,2127,38.574219,25000000.000
22532,2128,39.062500,25000000.000
22533,2127,38.574219,25000000.000
22534,2124,37.109375,25000000.000
22535,2124,37.109375,25000000.000
22536,2115,32.714844,25000000.000
22537,2108,29.296875,25000000.000
22538,2099,24.902344,25000000.000
22539,2098,24.414062,25000000.000
22540,2077,14.160156,25000000.000
22541,2064,7.812500,25000000.000
22542,2051,1.464844,25000000.000
22543,2049,0.488281,25000000.000
22544,2023,-12.207031,25000000.000
22545,2010,-18.554688,25000000.000
22546,1997,-24.902344,25000000.000
22547,1996,-25.390625,25000000.000
22548,1977,-34.667969,25000000.000
22549,1969,-38.574219,25000000.000
22550,1964,-41.015625,25000000.000
22551,1964,-41.015625,25000000.000
22552,1960,-42.968750,25000000.000
22553,1961,-42.480469,25000000.000
22554,1963,-41.503906,25000000.000
22555,1964,-41.015625,25000000.000
22556,1975,-35.644531,25000000.000
22557,1982,-32.226562,25000000.000
22558,1994,-26.367188,25000000.000
22559,1995,-25.878906,25000000.000
22560,2014,-16.601562,25000000.000
22561,2027,-10.253906,25000000.000
22562,2039,-4.394531,25000000.000
22563,2040,-3.906250,25000000.000
22564,2066,8.789062,25000000.000
22565,2078,14.648438,25000000.000
22566,2089,20.019531,25000000.000
22567,2090,20.507812,25000000.000
22568,2109,29.785156,25000000.000
22569,2117,33.691406,25000000.000
22570,2122,36.132812,25000000.000
22571,2123,36.621094,25000000.000
22572,2129,39.550781,25000000.000
22573,2129,39.550781,25000000.000
22574,2128,39.062500,25000000.000
22575,2128,39.062500,25000000.000
22576,2121,35.644531,25000000.000
22577,2115,32.714844,25000000.000
22578,2107,28.808594,25000000.000
22579,2105,27.832031,25000000.000
22580,2087,19.042969,25000000.000
22581,2076,13.671875,25000000.000
22582,2062,6.835938,25000000.000
22583,2062,6.835938,25000000.000
22584,2034,-6.835938,25000000.000
22585,2021,-13.183594,25000000.000
22586,2008,-19.531250,25000000.000
22587,2007,-20.019531,25000000.000
22588,1985,-30.761719,25000000.000
22589,1975,-35.644531,25000000.000
22590,1968,-39.062500,25000000.000
22591,1968,-39.062500,25000000.000
22592,1960,-42.968750,25000000.000
22593,1960,-42.968750,25000000.000
22594,1961,-42.480469,25000000.000
22595,1961,-42.480469,25000000.000
22596,1970,-38.085938,25000000.000
22597,1977,-34.667969,25000000.000
22598,1984,-31.250000,25000000.000
22599,1985,-30.761719,25000000.000
22600,2005,-20.996094,25000000.000
22601,2015,-16.113281,25000000.000
22602,2028,-9.765625,25000000.000
22603,2030,-8.789062,25000000.000
22604,2055,3.417969,25000000.000
22605,2067,9.277344,25000000.000
22606,2080,15.625000,25000000.000
22607,2080,15.625000,25000000.000
22608,2102,26.367188,25000000.000
22609,2110,30.273438,25000000.000
22610,2118,34.179688,25000000.000
22611,2118,34.179688,25000000.000
22612,2126,38.085938,25000000.000
22613,2129,39.550781,25000000.000
22614,2129,39.550781,25000000.000
22615,2128,39.062500,25000000.000
22616,2125,37.597656,25000000.000
22617,2120,35.156250,25000000.000
22618,2114,32.226562,25000000.000
22619,2113,31.738281,25000000.000
22620,2096,23.437500,25000000.000
22621,2086,18.554688,25000000.000
22622,2074,12.695312,25000000.000
22623,2072,11.718750,25000000.000
22624,2047,-0.488281,25000000.000
22625,2031,-8.300781,25000000.000
22626,2018,-14.648438,25000000.000
22627,2017,-15.136719,25000000.000
22628,1993,-26.855469,25000000.000
22629,1982,-32.226562,25000000.000
22630,1974,-36.132812,25000000.000
22631,1973,-36.621094,25000000.000
22632,1962,-41.992188,25000000.000
22633,1959,-43.457031,25000000.000
22634,1959,-43.457031,25000000.000
22635,1959,-43.457031,25000000.000
22636,1965,-40.527344,25000000.000
22637,1970,-38.085938,25000000.000
22638,1977,-34.667969,25000000.000
22639,1979,-33.691406,25000000.000
22640,1995,-25.878906,25000000.000
22641,2006,-20.507812,25000000.000
22642,2019,-14.160156,25000000.000
22643,2020,-13.671875,25000000.000
22644,2044,-1.953125,25000000.000
22645,2055,3.417969,25000000.000
22646,2068,9.765625,25000000.000
22647,2070,10.742188,25000000.000
22648,2091,20.996094,25000000.000
22649,2103,26.855469,25000000.000
22650,2111,30.761719,25000000.000
22651,2112,31.250000,25000000.000
22652,2123,36.621094,25000000.000
22653,2126,38.085938,25000000.000
22654,2128,39.062500,25000000.000
22655,2127,38.574219,25000000.000
22656,2125,37.597656,25000000.000
22657,2122,36.132812,25000000.000
22658,2118,34.179688,25000000.000
22659,2117,33.691406,25000000.000
22660,2103,26.855469,25000000.000
22661,2093,21.972656,25000000.000
22662,2083,17.089844,25000000.000
22663,2081,16.113281,25000000.000
22664,2058,4.882812,25000000.000
22665,2045,-1.464844,25000000.000
22666,2030,-8.789062,25000000.000
22667,2029,-9.277344,25000000.000
22668,2003,-21.972656,25000000.000
22669,1991,-27.832031,25000000.000
22670,1981,-32.714844,25000000.000
22671,1980,-33.203125,25000000.000
22672,1966,-40.039062,25000000.000
22673,1962,-41.992188,25000000.000
22674,1960,-42.968750,25000000.000
22675,1960,-42.968750,25000000.000
22676,1961,-42.480469,25000000.000
22677,1966,-40.039062,25000000.000
22678,1972,-37.109375,25000000.000
22679,1969,-38.574219,25000000.000
22680,1987,-29.785156,25000000.000
22681,1996,-25.390625,25000000.000
22682,2007,-20.019531,25000000.000
22683,2009,-19.042969,25000000.000
22684,2032,-7.812500,25000000.000
22685,2044,-1.953125,25000000.000
22686,2058,4.882812,25000000.000
22687,2059,5.371094,25000000.000
22688,2082,16.601562,25000000.000
22689,2093,21.972656,25000000.000
22690,2103,26.855469,25000000.000
22691,2104,27.343750,25000000.000
22692,2119,34.667969,25000000.000
22693,2124,37.109375,25000000.000
22694,2127,38.574219,25000000.000
22695,2127,38.574219,25000000.000
22696,2128,39.062500,25000000.000
22697,2127,38.574219,25000000.000
22698,2123,36.621094,25000000.000
22699,2123,36.621094,25000000.000
22700,2110,30.273438,25000000.000
22701,2103,26.855469,25000000.000
22702,2093,21.972656,25000000.000
22703,2091,20.996094,25000000.000
22704,2069,10.253906,25000000.000
22705,2056,3.906250,25000000.000
22706,2042,-2.929688,25000000.000
22707,2040,-3.906250,25000000.000
22708,2014,-16.601562,25000000.000
22709,2001,-22.949219,25000000.000
22710,1990,-28.320312,25000000.000
22711,1988,-29.296875,25000000.000
22712,1972,-37.109375,25000000.000
22713,1965,-40.527344,25000000.000
22714,1959,-43.457031,25000000.000
22715,1960,-42.968750,25000000.000
22716,1959,-43.457031,25000000.000
22717,1961,-42.480469,25000000.000
22718,1965,-40.527344,25000000.000
22719,1967,-39.550781,25000000.000
22720,1980,-33.203125,25000000.000
22721,1989,-28.808594,25000000.000
22722,1998,-24.414062,25000000.000
22723,1999,-23.925781,25000000.000
22724,2021,-13.183594,25000000.000
22725,2035,-6.347656,25000000.000
22726,2048,0.000000,25000000.000
22727,2049,0.488281,25000000.000
22728,2072,11.718750,25000000.000
22729,2085,18.066406,25000000.000
22730,2095,22.949219,25000000.000
22731,2097,23.925781,25000000.000
22732,2114,32.226562,25000000.000
22733,2120,35.156250,25000000.000
22734,2125,37.597656,25000000.000
22735,2124,37.109375,25000000.000
22736,2130,40.039062,25000000.000
22737,2127,38.574219,25000000.000
22738,2124,37.109375,25000000.000
22739,2129,39.550781,25000000.000
22740,2122,36.132812,25000000.000
22741,2112,31.250000,25000000.000
22742,2101,25.878906,25000000.000
22743,2101,25.878906,25000000.000
22744,2080,15.625000,25000000.000
22745,2069,10.253906,25000000.000
22746,2054,2.929688,25000000.000
22747,2052,1.953125,25000000.000
22748,2027,-10.253906,25000000.000
22749,2012,-17.578125,25000000.000
22750,2000,-23.437500,25000000.000
22751,1999,-23.925781,25000000.000
22752,1979,-33.691406,25000000.000
22753,1970,-38.085938,25000000.000
22754,1965,-40.527344,25000000.000
22755,1965,-40.527344,25000000.000
22756,1960,-42.968750,25000000.000
22757,1960,-42.968750,25000000.000
22758,1963,-41.503906,25000000.000
22759,1962,-41.992188,25000000.000
22760,1973,-36.621094,25000000.000
22761,1981,-32.714844,25000000.000
22762,1990,-28.320312,25000000.000
22763,1991,-27.832031,25000000.000
22764,2011,-18.066406,25000000.000
22765,2023,-12.207031,25000000.000
22766,2036,-5.859375,25000000.000
22767,2038,-4.882812,25000000.000
22768,2062,6.835938,25000000.000
22769,2075,13.183594,25000000.000
22770,2087,19.042969,25000000.000
22771,2088,19.531250,25000000.000
22772,2107,28.808594,25000000.000
22773,2116,33.203125,25000000.000
22774,2121,35.644531,25000000.000
22775,2122,36.132812,25000000.000
22776,2129,39.550781,25000000.000
22777,2129,39.550781,25000000.000
22778,2129,39.550781,25000000.000
22779,2129,39.550781,25000000.000
22780,2122,36.132812,25000000.000
22781,2116,33.203125,25000000.000
22782,2109,29.785156,25000000.000
22783,2110,30.273438,25000000.000
22784,2089,20.019531,25000000.000
22785,2079,15.136719,25000000.000
22786,2066,8.789062,25000000.000
22787,2065,8.300781,25000000.000
22788,2039,-4.394531,25000000.000
22789,2025,-11.230469,25000000.000
22790,2011,-18.066406,25000000.000
22791,2009,-19.042969,25000000.000
22792,1987,-29.785156,25000000.000
22793,1978,-34.179688,25000000.000
22794,1969,-38.574219,25000000.000
22795,1969,-38.574219,25000000.000
22796,1961,-42.480469,25000000.000
22797,1960,-42.968750,25000000.000
22798,1961,-42.480469,25000000.000
22799,1961,-42.480469,25000000.000
22800,1968,-39.062500,25000000.000
22801,1975,-35.644531,25000000.000
22802,1983,-31.738281,25000000.000
22803,1984,-31.250000,25000000.000
22804,2003,-21.972656,25000000.000
22805,2015,-16.113281,25000000.000
22806,2026,-10.742188,25000000.000
22807,2028,-9.765625,25000000.000
22808,2053,2.441406,25000000.000
22809,2065,8.300781,25000000.000
22810,2078,14.648438,25000000.000
22811,2079,15.136719,25000000.000
22812,2099,24.902344,25000000.000
22813,2108,29.296875,25000000.000
22814,2115,32.714844,25000000.000
22815,2116,33.203125,25000000.000
22816,2126,38.085938,25000000.000
22817,2128,39.062500,25000000.000
22818,2128,39.062500,25000000.000
22819,2129,39.550781,25000000.000
22820,2125,37.597656,25000000.000
22821,2121,35.644531,25000000.000
22822,2115,32.714844,25000000.000
22823,2114,32.226562,25000000.000
22824,2099,24.902344,25000000.000
22825,2088,19.531250,25000000.000
22826,2076,13.671875,25000000.000
22827,2075,13.183594,25000000.000
22828,2050,0.976562,25000000.000
22829,2036,-5.859375,25000000.000
22830,2023,-12.207031,25000000.000
22831,2022,-12.695312,25000000.000
22832,1996,-25.390625,25000000.000
22833,1985,-30.761719,25000000.000
22834,1977,-34.667969,25000000.000
22835,1975,-35.644531,25000000.000
22836,1964,-41.015625,25000000.000
22837,1961,-42.480469,25000000.000
22838,1959,-43.457031,25000000.000
22839,1960,-42.968750,25000000.000
22840,1963,-41.503906,25000000.000
22841,1969,-38.574219,25000000.000
22842,1975,-35.644531,25000000.000
22843,1977,-34.667969,25000000.000
22844,1993,-26.855469,25000000.000
22845,2003,-21.972656,25000000.000
22846,2015,-16.113281,25000000.000
22847,2016,-15.625000,25000000.000
22848,2039,-4.394531,25000000.000
22849,2053,2.441406,25000000.000
22850,2065,8.300781,25000000.000
22851,2068,9.765625,25000000.000
22852,2090,20.507812,25000000.000
22853,2099,24.902344,25000000.000
22854,2107,28.808594,25000000.000
22855,2108,29.296875,25000000.000
22856,2123,36.621094,25000000.000
22857,2127,38.574219,25000000.000
22858,2127,38.574219,25000000.000
22859,2127,38.574219,25000000.000
22860,2128,39.062500,25000000.000
22861,2125,37.597656,25000000.000
22862,2119,34.667969,25000000.000
22863,2119,34.667969,25000000.000
22864,2106,28.320312,25000000.000
22865,2096,23.437500,25000000.000
22866,2085,18.066406,25000000.000
22867,2085,18.066406,25000000.000
22868,2061,6.347656,25000000.000
22869,2047,-0.488281,25000000.000
22870,2032,-7.812500,25000000.000
22871,2032,-7.812500,25000000.000
22872,2007,-20.019531,25000000.000
22873,1994,-26.367188,25000000.000
22874,1983,-31.738281,25000000.000
22875,1983,-31.738281,25000000.000
22876,1967,-39.550781,25000000.000
22877,1962,-41.992188,25000000.000
22878,1960,-42.968750,25000000.000
22879,1958,-43.945312,25000000.000
22880,1960,-42.968750,25000000.000
22881,1964,-41.015625,25000000.000
22882,1969,-38.574219,25000000.000
22883,1969,-38.574219,25000000.000
22884,1985,-30.761719,25000000.000
22885,1994,-26.367188,25000000.000
22886,2006,-20.507812,25000000.000
22887,2006,-20.507812,25000000.000
22888,2029,-9.277344,25000000.000
22889,2042,-2.929688,25000000.000
22890,2055,3.417969,25000000.000
22891,2057,4.394531,25000000.000
22892,2080,15.625000,25000000.000
22893,2092,21.484375,25000000.000
22894,2101,25.878906,25000000.000
22895,2102,26.367188,25000000.000
22896,2117,33.691406,25000000.000
22897,2123,36.621094,25000000.000
22898,2127,38.574219,25000000.000
22899,2127,38.574219,25000000.000
22900,2128,39.062500,25000000.000
22901,2127,38.574219,25000000.000
22902,2123,36.621094,25000000.000
22903,2124,37.109375,25000000.000
22904,2113,31.738281,25000000.000
22905,2104,27.343750,25000000.000
22906,2095,22.949219,25000000.000
22907,2095,22.949219,25000000.000
22908,2073,12.207031,25000000.000
22909,2058,4.882812,25000000.000
22910,2044,-1.953125,25000000.000
22911,2044,-1.953125,25000000.000
22912,2017,-15.136719,25000000.000
22913,2003,-21.972656,25000000.000
22914,1992,-27.343750,25000000.000
22915,1991,-27.832031,25000000.000
22916,1974,-36.132812,25000000.000
22917,1966,-40.039062,25000000.000
22918,1961,-42.480469,25000000.000
22919,1961,-42.480469,25000000.000
22920,1959,-43.457031,25000000.000
22921,1961,-42.480469,25000000.000
22922,1965,-40.527344,25000000.000
22923,1966,-40.039062,25000000.000
22924,1978,-34.179688,25000000.000
22925,1986,-30.273438,25000000.000
22926,1996,-25.390625,25000000.000
22927,1997,-24.902344,25000000.000
22928,2018,-14.648438,25000000.000
22929,2031,-8.300781,25000000.000
22930,2044,-1.953125,25000000.000
22931,2046,-0.976562,25000000.000
22932,2070,10.742188,25000000.000
22933,2083,17.089844,25000000.000
22934,2093,21.972656,25000000.000
22935,2094,22.460938,25000000.000
22936,2113,31.738281,25000000.000
22937,2119,34.667969,25000000.000
22938,2124,37.109375,25000000.000
22939,2124,37.109375,25000000.000
22940,2130,40.039062,25000000.000
22941,2129,39.550781,25000000.000
22942,2126,38.085938,25000000.000
22943,2127,38.574219,25000000.000
22944,2118,34.179688,25000000.000
22945,2112,31.250000,25000000.000
22946,2104,27.343750,25000000.000
22947,2103,26.855469,25000000.000
22948,2083,17.089844,25000000.000
22949,2071,11.230469,25000000.000
22950,2057,4.394531,25000000.000
22951,2055,3.417969,25000000.000
22952,2030,-8.789062,25000000.000
22953,2016,-15.625000,25000000.000
22954,2002,-22.460938,25000000.000
22955,2003,-21.972656,25000000.000
22956,1981,-32.714844,25000000.000
22957,1972,-37.109375,25000000.000
22958,1967,-39.550781,25000000.000
22959,1966,-40.039062,25000000.000
22960,1960,-42.968750,25000000.000
22961,1960,-42.968750,25000000.000
22962,1963,-41.503906,25000000.000
22963,1963,-41.503906,25000000.000
22964,1972,-37.109375,25000000.000
22965,1976,-35.156250,25000000.000
22966,1992,-27.343750,25000000.000
22967,1992,-27.343750,25000000.000
22968,2009,-19.042969,25000000.000
22969,2020,-13.671875,25000000.000
22970,2035,-6.347656,25000000.000
22971,2036,-5.859375,25000000.000
22972,2060,5.859375,25000000.000
22973,2072,11.718750,25000000.000
22974,2084,17.578125,25000000.000
22975,2085,18.066406,25000000.000
22976,2105,27.832031,25000000.000
22977,2113,31.738281,25000000.000
22978,2119,34.667969,25000000.000
22979,2121,35.644531,25000000.000
22980,2127,38.574219,25000000.000
22981,2130,40.039062,25000000.000
22982,2129,39.550781,25000000.000
22983,2129,39.550781,25000000.000
22984,2124,37.109375,25000000.000
22985,2118,34.179688,25000000.000
22986,2112,31.250000,25000000.000
22987,2110,30.273438,25000000.000
22988,2093,21.972656,25000000.000
22989,2081,16.113281,25000000.000
22990,2070,10.742188,25000000.000
22991,2067,9.277344,25000000.000
22992,2041,-3.417969,25000000.000
22993,2027,-10.253906,25000000.000
22994,2014,-16.601562,25000000.000
22995,2012,-17.578125,25000000.000
22996,1989,-28.808594,25000000.000
22997,1979,-33.691406,25000000.000
22998,1971,-37.597656,25000000.000
22999,1971,-37.597656,25000000.000
23000,1961,-42.480469,25000000.000
23001,1959,-43.457031,25000000.000
23002,1960,-42.968750,25000000.000
23003,1959,-43.457031,25000000.000
23004,1967,-39.550781,25000000.000
23005,1973,-36.621094,25000000.000
23006,1980,-33.203125,25000000.000
23007,1981,-32.714844,25000000.000
23008,1998,-24.414062,25000000.000
23009,2010,-18.554688,25000000.000
23010,2022,-12.695312,25000000.000
23011,2023,-12.207031,25000000.000
23012,2048,0.000000,25000000.000
23013,2061,6.347656,25000000.000
23014,2074,12.695312,25000000.000
23015,2074,12.695312,25000000.000
23016,2096,23.437500,25000000.000
23017,2106,28.320312,25000000.000
23018,2114,32.226562,25000000.000
23019,2115,32.714844,25000000.000
23020,2125,37.597656,25000000.000
23021,2129,39.550781,25000000.000
23022,2130,40.039062,25000000.000
23023,2131,40.527344,25000000.000
23024,2125,37.597656,25000000.000
23025,2122,36.132812,25000000.000
23026,2117,33.691406,25000000.000
23027,2118,34.179688,25000000.000
23028,2101,25.878906,25000000.000
23029,2092,21.484375,25000000.000
23030,2080,15.625000,25000000.000
23031,2079,15.136719,25000000.000
23032,2053,2.441406,25000000.000
23033,2040,-3.906250,25000000.000
23034,2025,-11.230469,25000000.000
23035,2023,-12.207031,25000000.000
23036,1999,-23.925781,25000000.000
23037,1987,-29.785156,25000000.000
23038,1978,-34.179688,25000000.000
23039,1977,-34.667969,25000000.000
23040,1964,-41.015625,25000000.000
23041,1961,-42.480469,25000000.000
23042,1959,-43.457031,25000000.000
23043,1959,-43.457031,25000000.000
23044,1962,-41.992188,25000000.000
23045,1967,-39.550781,25000000.000
23046,1973,-36.621094,25000000.000
23047,1973,-36.621094,25000000.000
23048,1991,-27.832031,25000000.000
23049,2001,-22.949219,25000000.000
23050,2012,-17.578125,25000000.000
23051,2013,-17.089844,25000000.000
23052,2037,-5.371094,25000000.000
23053,2050,0.976562,25000000.000
23054,2063,7.324219,25000000.000
23055,2063,7.324219,25000000.000
23056,2087,19.042969,25000000.000
23057,2097,23.925781,25000000.000
23058,2107,28.808594,25000000.000
23059,2106,28.320312,25000000.000
23060,2120,35.156250,25000000.000
23061,2125,37.597656,25000000.000
23062,2127,38.574219,25000000.000
23063,2127,38.574219,25000000.000
23064,2128,39.062500,25000000.000
23065,2125,37.597656,25000000.000
23066,2121,35.644531,25000000.000
23067,2120,35.156250,25000000.000
23068,2107,28.808594,25000000.000
23069,2099,24.902344,25000000.000
23070,2089,20.019531,25000000.000
23071,2088,19.531250,25000000.000
23072,2064,7.812500,25000000.000
23073,2051,1.464844,25000000.000
23074,2037,-5.371094,25000000.000
23075,2035,-6.347656,25000000.000
23076,2009,-19.042969,25000000.000
23077,1997,-24.902344,25000000.000
23078,1986,-30.273438,25000000.000
23079,1984,-31.250000,25000000.000
23080,1968,-39.062500,25000000.000
23081,1964,-41.015625,25000000.000
23082,1960,-42.968750,25000000.000
23083,1961,-42.480469,25000000.000
23084,1961,-42.480469,25000000.000
23085,1963,-41.503906,25000000.000
23086,1966,-40.039062,25000000.000
23087,1968,-39.062500,25000000.000
23088,1986,-30.273438,25000000.000
23089,1991,-27.832031,25000000.000
23090,2000,-23.437500,25000000.000
23091,2004,-21.484375,25000000.000
23092,2025,-11.230469,25000000.000
23093,2038,-4.882812,25000000.000
23094,2051,1.464844,25000000.000
23095,2052,1.953125,25000000.000
23096,2076,13.671875,25000000.000
23097,2088,19.531250,25000000.000
23098,2099,24.902344,25000000.000
23099,2099,24.902344,25000000.000
23100,2116,33.203125,25000000.000
23101,2121,35.644531,25000000.000
23102,2125,37.597656,25000000.000
23103,2125,37.597656,25000000.000
23104,2128,39.062500,25000000.000
23105,2128,39.062500,25000000.000
23106,2125,37.597656,25000000.000
23107,2125,37.597656,25000000.000
23108,2114,32.226562,25000000.000
23109,2107,28.808594,25000000.000
23110,2098,24.414062,25000000.000
23111,2097,23.925781,25000000.000
23112,2075,13.183594,25000000.000
23113,2062,6.835938,25000000.000
23114,2049,0.488281,25000000.000
23115,2048,0.000000,25000000.000
23116,2020,-13.671875,25000000.000
23117,2007,-20.019531,25000000.000
23118,1995,-25.878906,25000000.000
23119,1994,-26.367188,25000000.000
23120,1974,-36.132812,25000000.000
23121,1967,-39.550781,25000000.000
23122,1962,-41.992188,25000000.000
23123,1962,-41.992188,25000000.000
23124,1959,-43.457031,25000000.000
23125,1960,-42.968750,25000000.000
23126,1964,-41.015625,25000000.000
23127,1964,-41.015625,25000000.000
23128,1976,-35.156250,25000000.000
23129,1983,-31.738281,25000000.000
23130,1992,-27.343750,25000000.000
23131,1994,-26.367188,25000000.000
23132,2016,-15.625000,25000000.000
23133,2028,-9.765625,25000000.000
23134,2042,-2.929688,25000000.000
23135,2043,-2.441406,25000000.000
23136,2067,9.277344,25000000.000
23137,2079,15.136719,25000000.000
23138,2091,20.996094,25000000.000
23139,2092,21.484375,25000000.000
23140,2110,30.273438,25000000.000
23141,2118,34.179688,25000000.000
23142,2123,36.621094,25000000.000
23143,2124,37.109375,25000000.000
23144,2129,39.550781,25000000.000
23145,2130,40.039062,25000000.000
23146,2128,39.062500,25000000.000
23147,2128,39.062500,25000000.000
23148,2121,35.644531,25000000.000
23149,2114,32.226562,25000000.000
23150,2106,28.320312,25000000.000
23151,2106,28.320312,25000000.000
23152,2085,18.066406,25000000.000
23153,2074,12.695312,25000000.000
23154,2060,5.859375,25000000.000
23155,2059,5.371094,25000000.000
23156,2033,-7.324219,25000000.000
23157,2018,-14.648438,25000000.000
23158,2006,-20.507812,25000000.000
23159,2004,-21.484375,25000000.000
23160,1983,-31.738281,25000000.000
23161,1975,-35.644531,25000000.000
23162,1968,-39.062500,25000000.000
23163,1968,-39.062500,25000000.000
23164,1959,-43.457031,25000000.000
23165,1959,-43.457031,25000000.000
23166,1961,-42.480469,25000000.000
23167,1961,-42.480469,25000000.000
23168,1970,-38.085938,25000000.000
23169,1976,-35.156250,25000000.000
23170,1985,-30.761719,25000000.000
23171,1987,-29.785156,25000000.000
23172,2005,-20.996094,25000000.000
23173,2016,-15.625000,25000000.000
23174,2029,-9.277344,25000000.000
23175,2030,-8.789062,25000000.000
23176,2056,3.906250,25000000.000
23177,2068,9.765625,25000000.000
23178,2081,16.113281,25000000.000
23179,2083,17.089844,25000000.000
23180,2103,26.855469,25000000.000
23181,2111,30.761719,25000000.000
23182,2119,34.667969,25000000.000
23183,2120,35.156250,25000000.000
23184,2127,38.574219,25000000.000
23185,2130,40.039062,25000000.000
23186,2130,40.039062,25000000.000
23187,2129,39.550781,25000000.000
23188,2125,37.597656,25000000.000
23189,2120,35.156250,25000000.000
23190,2114,32.226562,25000000.000
23191,2112,31.250000,25000000.000
23192,2096,23.437500,25000000.000
23193,2084,17.578125,25000000.000
23194,2072,11.718750,25000000.000
23195,2071,11.230469,25000000.000
23196,2044,-1.953125,25000000.000
23197,2032,-7.812500,25000000.000
23198,2017,-15.136719,25000000.000
23199,2016,-15.625000,25000000.000
23200,1993,-26.855469,25000000.000
23201,1982,-32.226562,25000000.000
23202,1974,-36.132812,25000000.000
23203,1972,-37.109375,25000000.000
23204,1962,-41.992188,25000000.000
23205,1960,-42.968750,25000000.000
23206,1960,-42.968750,25000000.000
23207,1959,-43.457031,25000000.000
23208,1965,-40.527344,25000000.000
23209,1972,-37.109375,25000000.000
23210,1978,-34.179688,25000000.000
23211,1979,-33.691406,25000000.000
23212,1997,-24.902344,25000000.000
23213,2008,-19.531250,25000000.000
23214,2020,-13.671875,25000000.000
23215,2020,-13.671875,25000000.000
23216,2045,-1.464844,25000000.000
23217,2057,4.394531,25000000.000
23218,2071,11.230469,25000000.000
23219,2073,12.207031,25000000.000
23220,2093,21.972656,25000000.000
23221,2104,27.343750,25000000.000
23222,2112,31.250000,25000000.000
23223,2113,31.738281,25000000.000
23224,2124,37.109375,25000000.000
23225,2127,38.574219,25000000.000
23226,2129,39.550781,25000000.000
23227,2129,39.550781,25000000.000
23228,2126,38.085938,25000000.000
23229,2124,37.109375,25000000.000
23230,2118,34.179688,25000000.000
23231,2118,34.179688,25000000.000
23232,2103,26.855469,25000000.000
23233,2093,21.972656,25000000.000
23234,2082,16.601562,25000000.000
23235,2081,16.113281,25000000.000
23236,2056,3.906250,25000000.000
23237,2042,-2.929688,25000000.000
23238,2028,-9.765625,25000000.000
23239,2027,-10.253906,25000000.000
23240,2001,-22.949219,25000000.000
23241,1989,-28.808594,25000000.000
23242,1980,-33.203125,25000000.000
23243,1978,-34.179688,25000000.000
23244,1965,-40.527344,25000000.000
23245,1960,-42.968750,25000000.000
23246,1959,-43.457031,25000000.000
23247,1959,-43.457031,25000000.000
23248,1961,-42.480469,25000000.000
23249,1965,-40.527344,25000000.000
23250,1971,-37.597656,25000000.000
23251,1972,-37.109375,25000000.000
23252,1987,-29.785156,25000000.000
23253,1998,-24.414062,25000000.000
23254,2009,-19.042969,25000000.000
23255,2010,-18.554688,25000000.000
23256,2033,-7.324219,25000000.000
23257,2047,-0.488281,25000000.000
23258,2059,5.371094,25000000.000
23259,2061,6.347656,25000000.000
23260,2084,17.578125,25000000.000
23261,2095,22.949219,25000000.000
23262,2105,27.832031,25000000.000
23263,2106,28.320312,25000000.000
23264,2120,35.156250,25000000.000
23265,2125,37.597656,25000000.000
23266,2128,39.062500,25000000.000
23267,2129,39.550781,25000000.000
23268,2129,39.550781,25000000.000
23269,2127,38.574219,25000000.000
23270,2122,36.132812,25000000.000
23271,2123,36.621094,25000000.000
23272,2110,30.273438,25000000.000
23273,2101,25.878906,25000000.000
23274,2091,20.996094,25000000.000
23275,2090,20.507812,25000000.000
23276,2067,9.277344,25000000.000
23277,2053,2.441406,25000000.000
23278,2040,-3.906250,25000000.000
23279,2037,-5.371094,25000000.000
23280,2011,-18.066406,25000000.000
23281,1999,-23.925781,25000000.000
23282,1988,-29.296875,25000000.000
23283,1987,-29.785156,25000000.000
23284,1970,-38.085938,25000000.000
23285,1965,-40.527344,25000000.000
23286,1961,-42.480469,25000000.000
23287,1961,-42.480469,25000000.000
23288,1959,-43.457031,25000000.000
23289,1962,-41.992188,25000000.000
23290,1966,-40.039062,25000000.000
23291,1967,-39.550781,25000000.000
23292,1980,-33.203125,25000000.000
23293,1989,-28.808594,25000000.000
23294,1999,-23.925781,25000000.000
23295,2000,-23.437500,25000000.000
23296,2024,-11.718750,25000000.000
23297,2036,-5.859375,25000000.000
23298,2048,0.000000,25000000.000
23299,2050,0.976562,25000000.000
23300,2073,12.207031,25000000.000
23301,2086,18.554688,25000000.000
23302,2097,23.925781,25000000.000
23303,2097,23.925781,25000000.000
23304,2114,32.226562,25000000.000
23305,2120,35.156250,25000000.000
23306,2125,37.597656,25000000.000
23307,2125,37.597656,25000000.000
23308,2128,39.062500,25000000.000
23309,2127,38.574219,25000000.000
23310,2125,37.597656,25000000.000
23311,2125,37.597656,25000000.000
23312,2116,33.203125,25000000.000
23313,2109,29.785156,25000000.000
23314,2100,25.390625,25000000.000
23315,2099,24.902344,25000000.000
23316,2078,14.648438,25000000.000
23317,2064,7.812500,25000000.000
23318,2053,2.441406,25000000.000
23319,2047,-0.488281,25000000.000
23320,2024,-11.718750,25000000.000
23321,2010,-18.554688,25000000.000
23322,1999,-23.925781,25000000.000
23323,1997,-24.902344,25000000.000
23324,1978,-34.179688,25000000.000
23325,1969,-38.574219,25000000.000
23326,1964,-41.015625,25000000.000
23327,1964,-41.015625,25000000.000
23328,1959,-43.457031,25000000.000
23329,1960,-42.968750,25000000.000
23330,1963,-41.503906,25000000.000
23331,1963,-41.503906,25000000.000
23332,1973,-36.621094,25000000.000
23333,1982,-32.226562,25000000.000
23334,1991,-27.832031,25000000.000
23335,1992,-27.343750,25000000.000
23336,2013,-17.089844,25000000.000
23337,2025,-11.230469,25000000.000
23338,2037,-5.371094,25000000.000
23339,2039,-4.394531,25000000.000
23340,2064,7.812500,25000000.000
23341,2076,13.671875,25000000.000
23342,2089,20.019531,25000000.000
23343,2089,20.019531,25000000.000
23344,2108,29.296875,25000000.000
23345,2116,33.203125,25000000.000
23346,2122,36.132812,25000000.000
23347,2122,36.132812,25000000.000
23348,2128,39.062500,25000000.000
23349,2130,40.039062,25000000.000
23350,2128,39.062500,25000000.000
23351,2128,39.062500,25000000.000
23352,2123,36.621094,25000000.000
23353,2116,33.203125,25000000.000
23354,2108,29.296875,25000000.000
23355,2106,28.320312,25000000.000
23356,2089,20.019531,25000000.000
23357,2077,14.160156,25000000.000
23358,2064,7.812500,25000000.000
23359,2063,7.324219,25000000.000
23360,2037,-5.371094,25000000.000
23361,2022,-12.695312,25000000.000
23362,2010,-18.554688,25000000.000
23363,2007,-20.019531,25000000.000
23364,1986,-30.273438,25000000.000
23365,1977,-34.667969,25000000.000
23366,1969,-38.574219,25000000.000
23367,1969,-38.574219,25000000.000
23368,1961,-42.480469,25000000.000
23369,1959,-43.457031,25000000.000
23370,1961,-42.480469,25000000.000
23371,1961,-42.480469,25000000.000
23372,1969,-38.574219,25000000.000
23373,1975,-35.644531,25000000.000
23374,1983,-31.738281,25000000.000
23375,1984,-31.250000,25000000.000
23376,2003,-21.972656,25000000.000
23377,2015,-16.113281,25000000.000
23378,2028,-9.765625,25000000.000
23379,2028,-9.765625,25000000.000
23380,2053,2.441406,25000000.000
23381,2067,9.277344,25000000.000
23382,2077,14.160156,25000000.000
23383,2080,15.625000,25000000.000
23384,2100,25.390625,25000000.000
23385,2109,29.785156,25000000.000
23386,2116,33.203125,25000000.000
23387,2117,33.691406,25000000.000
23388,2127,38.574219,25000000.000
23389,2128,39.062500,25000000.000
23390,2130,40.039062,25000000.000
23391,2129,39.550781,25000000.000
23392,2124,37.109375,25000000.000
23393,2120,35.156250,25000000.000
23394,2114,32.226562,25000000.000
23395,2114,32.226562,25000000.000
23396,2097,23.925781,25000000.000
23397,2087,19.042969,25000000.000
23398,2075,13.183594,25000000.000
23399,2073,12.207031,25000000.000
23400,2048,0.000000,25000000.000
23401,2034,-6.835938,25000000.000
23402,2021,-13.183594,25000000.000
23403,2019,-14.160156,25000000.000
23404,1995,-25.878906,25000000.000
23405,1984,-31.250000,25000000.000
23406,1975,-35.644531,25000000.000
23407,1974,-36.132812,25000000.000
23408,1962,-41.992188,25000000.000
23409,1961,-42.480469,25000000.000
23410,1960,-42.968750,25000000.000
23411,1959,-43.457031,25000000.000
23412,1964,-41.015625,25000000.000
23413,1970,-38.085938,25000000.000
23414,1976,-35.156250,25000000.000
23415,1977,-34.667969,25000000.000
23416,1993,-26.855469,25000000.000
23417,2005,-20.996094,25000000.000
23418,2016,-15.625000,25000000.000
23419,2017,-15.136719,25000000.000
23420,2042,-2.929688,25000000.000
23421,2055,3.417969,25000000.000
23422,2068,9.765625,25000000.000
23423,2069,10.253906,25000000.000
23424,2091,20.996094,25000000.000
23425,2102,26.367188,25000000.000
23426,2109,29.785156,25000000.000
23427,2111,30.761719,25000000.000
23428,2123,36.621094,25000000.000
23429,2127,38.574219,25000000.000
23430,2128,39.062500,25000000.000
23431,2128,39.062500,25000000.000
23432,2127,38.574219,25000000.000
23433,2124,37.109375,25000000.000
23434,2118,34.179688,25000000.000
23435,2119,34.667969,25000000.000
23436,2100,25.390625,25000000.000
23437,2097,23.925781,25000000.000
23438,2086,18.554688,25000000.000
23439,2081,16.113281,25000000.000
23440,2058,4.882812,25000000.000
23441,2045,-1.464844,25000000.000
23442,2032,-7.812500,25000000.000
23443,2029,-9.277344,25000000.000
23444,2005,-20.996094,25000000.000
23445,1993,-26.855469,25000000.000
23446,1982,-32.226562,25000000.000
23447,1982,-32.226562,25000000.000
23448,1966,-40.039062,25000000.000
23449,1962,-41.992188,25000000.000
23450,1960,-42.968750,25000000.000
23451,1960,-42.968750,25000000.000
23452,1960,-42.968750,25000000.000
23453,1964,-41.015625,25000000.000
23454,1969,-38.574219,25000000.000
23455,1970,-38.085938,25000000.000
23456,1986,-30.273438,25000000.000
23457,1995,-25.878906,25000000.000
23458,2007,-20.019531,25000000.000
23459,2007,-20.019531,25000000.000
23460,2031,-8.300781,25000000.000
23461,2043,-2.441406,25000000.000
23462,2056,3.906250,25000000.000
23463,2058,4.882812,25000000.000
23464,2081,16.113281,25000000.000
23465,2093,21.972656,25000000.000
23466,2103,26.855469,25000000.000
23467,2103,26.855469,25000000.000
23468,2118,34.179688,25000000.000
23469,2122,36.132812,25000000.000
23470,2126,38.085938,25000000.000
23471,2127,38.574219,25000000.000
23472,2128,39.062500,25000000.000
23473,2125,37.597656,25000000.000
23474,2123,36.621094,25000000.000
23475,2122,36.132812,25000000.000
23476,2112,31.250000,25000000.000
23477,2104,27.343750,25000000.000
23478,2095,22.949219,25000000.000
23479,2092,21.484375,25000000.000
23480,2070,10.742188,25000000.000
23481,2057,4.394531,25000000.000
23482,2044,-1.953125,25000000.000
23483,2043,-2.441406,25000000.000
23484,2016,-15.625000,25000000.000
23485,2003,-21.972656,25000000.000
23486,1992,-27.343750,25000000.000
23487,1990,-28.320312,25000000.000
23488,1972,-37.109375,25000000.000
23489,1965,-40.527344,25000000.000
23490,1962,-41.992188,25000000.000
23491,1960,-42.968750,25000000.000
23492,1960,-42.968750,25000000.000
23493,1961,-42.480469,25000000.000
23494,1964,-41.015625,25000000.000
23495,1965,-40.527344,25000000.000
23496,1978,-34.179688,25000000.000
23497,1987,-29.785156,25000000.000
23498,1996,-25.390625,25000000.000
23499,1998,-24.414062,25000000.000
23500,2019,-14.160156,25000000.000
23501,2032,-7.812500,25000000.000
23502,2045,-1.464844,25000000.000
23503,2046,-0.976562,25000000.000
23504,2072,11.718750,25000000.000
23505,2083,17.089844,25000000.000
23506,2095,22.949219,25000000.000
23507,2096,23.437500,25000000.000
23508,2113,31.738281,25000000.000
23509,2119,34.667969,25000000.000
23510,2124,37.109375,25000000.000
23511,2124,37.109375,25000000.000
23512,2129,39.550781,25000000.000
23513,2129,39.550781,25000000.000
23514,2126,38.085938,25000000.000
23515,2126,38.085938,25000000.000
23516,2117,33.691406,25000000.000
23517,2111,30.761719,25000000.000
23518,2103,26.855469,25000000.000
23519,2101,25.878906,25000000.000
23520,2082,16.601562,25000000.000
23521,2069,10.253906,25000000.000
23522,2055,3.417969,25000000.000
23523,2054,2.929688,25000000.000
23524,2028,-9.765625,25000000.000
23525,2014,-16.601562,25000000.000
23526,2001,-22.949219,25000000.000
23527,2001,-22.949219,25000000.000
23528,1981,-32.714844,25000000.000
23529,1971,-37.597656,25000000.000
23530,1964,-41.015625,25000000.000
23531,1965,-40.527344,25000000.000
23532,1959,-43.457031,25000000.000
23533,1959,-43.457031,25000000.000
23534,1962,-41.992188,25000000.000
23535,1962,-41.992188,25000000.000
23536,1972,-37.109375,25000000.000
23537,1980,-33.203125,25000000.000
23538,1989,-28.808594,25000000.000
23539,1990,-28.320312,25000000.000
23540,2011,-18.066406,25000000.000
23541,2022,-12.695312,25000000.000
23542,2035,-6.347656,25000000.000
23543,2037,-5.371094,25000000.000
23544,2061,6.347656,25000000.000
23545,2073,12.207031,25000000.000
23546,2085,18.066406,25000000.000
23547,2086,18.554688,25000000.000
23548,2106,28.320312,25000000.000
23549,2114,32.226562,25000000.000
23550,2120,35.156250,25000000.000
23551,2121,35.644531,25000000.000
23552,2127,38.574219,25000000.000
23553,2128,39.062500,25000000.000
23554,2128,39.062500,25000000.000
23555,2127,38.574219,25000000.000
23556,2122,36.132812,25000000.000
23557,2117,33.691406,25000000.000
23558,2110,30.273438,25000000.000
23559,2109,29.785156,25000000.000
23560,2091,20.996094,25000000.000
23561,2080,15.625000,25000000.000
23562,2067,9.277344,25000000.000
23563,2065,8.300781,25000000.000
23564,2040,-3.906250,25000000.000
23565,2027,-10.253906,25000000.000
23566,2013,-17.089844,25000000.000
23567,2011,-18.066406,25000000.000
23568,1989,-28.808594,25000000.000
23569,1979,-33.691406,25000000.000
23570,1971,-37.597656,25000000.000
23571,1971,-37.597656,25000000.000
23572,1962,-41.992188,25000000.000
23573,1960,-42.968750,25000000.000
23574,1960,-42.968750,25000000.000
23575,1961,-42.480469,25000000.000
23576,1968,-39.062500,25000000.000
23577,1973,-36.621094,25000000.000
23578,1982,-32.226562,25000000.000
23579,1982,-32.226562,25000000.000
23580,2001,-22.949219,25000000.000
23581,2012,-17.578125,25000000.000
23582,2025,-11.230469,25000000.000
23583,2027,-10.253906,25000000.000
23584,2050,0.976562,25000000.000
23585,2063,7.324219,25000000.000
23586,2076,13.671875,25000000.000
23587,2077,14.160156,25000000.000
23588,2097,23.925781,25000000.000
23589,2107,28.808594,25000000.000
23590,2115,32.714844,25000000.000
23591,2116,33.203125,25000000.000
23592,2125,37.597656,25000000.000
23593,2129,39.550781,25000000.000
23594,2129,39.550781,25000000.000
23595,2129,39.550781,25000000.000
23596,2126,38.085938,25000000.000
23597,2121,35.644531,25000000.000
23598,2116,33.203125,25000000.000
23599,2116,33.203125,25000000.000
23600,2100,25.390625,25000000.000
23601,2090,20.507812,25000000.000
23602,2078,14.648438,25000000.000
23603,2077,14.160156,25000000.000
23604,2052,1.953125,25000000.000
23605,2037,-5.371094,25000000.000
23606,2023,-12.207031,25000000.000
23607,2022,-12.695312,25000000.000
23608,1997,-24.902344,25000000.000
23609,1987,-29.785156,25000000.000
23610,1978,-34.179688,25000000.000
23611,1976,-35.156250,25000000.000
23612,1964,-41.015625,25000000.000
23613,1960,-42.968750,25000000.000
23614,1960,-42.968750,25000000.000
23615,1960,-42.968750,25000000.000
23616,1964,-41.015625,25000000.000
23617,1969,-38.574219,25000000.000
23618,1975,-35.644531,25000000.000
23619,1975,-35.644531,25000000.000
23620,1991,-27.832031,25000000.000
23621,2001,-22.949219,25000000.000
23622,2014,-16.601562,25000000.000
23623,2014,-16.601562,25000000.000
23624,2038,-4.882812,25000000.000
23625,2052,1.953125,25000000.000
23626,2064,7.812500,25000000.000
23627,2065,8.300781,25000000.000
23628,2088,19.531250,25000000.000
23629,2099,24.902344,25000000.000
23630,2107,28.808594,25000000.000
23631,2108,29.296875,25000000.000
23632,2121,35.644531,25000000.000
23633,2126,38.085938,25000000.000
23634,2127,38.574219,25000000.000
23635,2127,38.574219,25000000.000
23636,2126,38.085938,25000000.000
23637,2124,37.109375,25000000.000
23638,2121,35.644531,25000000.000
23639,2120,35.156250,25000000.000
23640,2107,28.808594,25000000.000
23641,2097,23.925781,25000000.000
23642,2087,19.042969,25000000.000
23643,2086,18.554688,25000000.000
23644,2061,6.347656,25000000.000
23645,2048,0.000000,25000000.000
23646,2035,-6.347656,25000000.000
23647,2033,-7.324219,25000000.000
23648,2008,-19.531250,25000000.000
23649,1997,-24.902344,25000000.000
23650,1985,-30.761719,25000000.000
23651,1983,-31.738281,25000000.000
23652,1968,-39.062500,25000000.000
23653,1962,-41.992188,25000000.000
23654,1959,-43.457031,25000000.000
23655,1959,-43.457031,25000000.000
23656,1959,-43.457031,25000000.000
23657,1963,-41.503906,25000000.000
23658,1969,-38.574219,25000000.000
23659,1969,-38.574219,25000000.000
23660,1984,-31.250000,25000000.000
23661,1993,-26.855469,25000000.000
23662,2004,-21.484375,25000000.000
23663,2005,-20.996094,25000000.000
23664,2028,-9.765625,25000000.000
23665,2041,-3.417969,25000000.000
23666,2054,2.929688,25000000.000
23667,2056,3.906250,25000000.000
23668,2079,15.136719,25000000.000
23669,2090,20.507812,25000000.000
23670,2101,25.878906,25000000.000
23671,2102,26.367188,25000000.000
23672,2116,33.203125,25000000.000
23673,2122,36.132812,25000000.000
23674,2126,38.085938,25000000.000
23675,2126,38.085938,25000000.000
23676,2128,39.062500,25000000.000
23677,2127,38.574219,25000000.000
23678,2123,36.621094,25000000.000
23679,2122,36.132812,25000000.000
23680,2113,31.738281,25000000.000
23681,2104,27.343750,25000000.000
23682,2096,23.437500,25000000.000
23683,2094,22.460938,25000000.000
23684,2073,12.207031,25000000.000
23685,2060,5.859375,25000000.000
23686,2047,-0.488281,25000000.000
23687,2045,-1.464844,25000000.000
23688,2019,-14.160156,25000000.000
23689,2006,-20.507812,25000000.000
23690,1995,-25.878906,25000000.000
23691,1992,-27.343750,25000000.000
23692,1974,-36.132812,25000000.000
23693,1967,-39.550781,25000000.000
23694,1962,-41.992188,25000000.000
23695,1962,-41.992188,25000000.000
23696,1959,-43.457031,25000000.000
23697,1961,-42.480469,25000000.000
23698,1965,-40.527344,25000000.000
23699,1966,-40.039062,25000000.000
23700,1977,-34.667969,25000000.000
23701,1985,-30.761719,25000000.000
23702,1996,-25.390625,25000000.000
23703,1996,-25.390625,25000000.000
23704,2018,-14.648438,25000000.000
23705,2030,-8.789062,25000000.000
23706,2043,-2.441406,25000000.000
23707,2044,-1.953125,25000000.000
23708,2068,9.765625,25000000.000
23709,2080,15.625000,25000000.000
23710,2091,20.996094,25000000.000
23711,2093,21.972656,25000000.000
23712,2110,30.273438,25000000.000
23713,2118,34.179688,25000000.000
23714,2123,36.621094,25000000.000
23715,2122,36.132812,25000000.000
23716,2128,39.062500,25000000.000
23717,2128,39.062500,25000000.000
23718,2127,38.574219,25000000.000
23719,2126,38.085938,25000000.000
23720,2119,34.667969,25000000.000
23721,2112,31.250000,25000000.000
23722,2105,27.832031,25000000.000
23723,2103,26.855469,25000000.000
23724,2084,17.578125,25000000.000
23725,2071,11.230469,25000000.000
23726,2059,5.371094,25000000.000
23727,2057,4.394531,25000000.000
23728,2032,-7.812500,25000000.000
23729,2017,-15.136719,25000000.000
23730,2004,-21.484375,25000000.000
23731,2003,-21.972656,25000000.000
23732,1982,-32.226562,25000000.000
23733,1974,-36.132812,25000000.000
23734,1967,-39.550781,25000000.000
23735,1966,-40.039062,25000000.000
23736,1960,-42.968750,25000000.000
23737,1960,-42.968750,25000000.000
23738,1961,-42.480469,25000000.000
23739,1963,-41.503906,25000000.000
23740,1971,-37.597656,25000000.000
23741,1978,-34.179688,25000000.000
23742,1987,-29.785156,25000000.000
23743,1988,-29.296875,25000000.000
23744,2008,-19.531250,25000000.000
23745,2020,-13.671875,25000000.000
23746,2032,-7.812500,25000000.000
23747,2033,-7.324219,25000000.000
23748,2058,4.882812,25000000.000
23749,2071,11.230469,25000000.000
23750,2083,17.089844,25000000.000
23751,2084,17.578125,25000000.000
23752,2103,26.855469,25000000.000
23753,2111,30.761719,25000000.000
23754,2119,34.667969,25000000.000
23755,2119,34.667969,25000000.000
23756,2127,38.574219,25000000.000
23757,2129,39.550781,25000000.000
23758,2130,40.039062,25000000.000
23759,2129,39.550781,25000000.000
23760,2123,36.621094,25000000.000
23761,2118,34.179688,25000000.000
23762,2111,30.761719,25000000.000
23763,2110,30.273438,25000000.000
23764,2093,21.972656,25000000.000
23765,2083,17.089844,25000000.000
23766,2070,10.742188,25000000.000
23767,2069,10.253906,25000000.000
23768,2043,-2.441406,25000000.000
23769,2029,-9.277344,25000000.000
23770,2016,-15.625000,25000000.000
23771,2014,-16.601562,25000000.000
23772,1989,-28.808594,25000000.000
23773,1980,-33.203125,25000000.000
23774,1971,-37.597656,25000000.000
23775,1970,-38.085938,25000000.000
23776,1961,-42.480469,25000000.000
23777,1960,-42.968750,25000000.000
23778,1959,-43.457031,25000000.000
23779,1959,-43.457031,25000000.000
23780,1966,-40.039062,25000000.000
23781,1971,-37.597656,25000000.000
23782,1979,-33.691406,25000000.000
23783,1981,-32.714844,25000000.000
23784,1998,-24.414062,25000000.000
23785,2013,-17.089844,25000000.000
23786,2022,-12.695312,25000000.000
23787,2024,-11.718750,25000000.000
23788,2046,-0.976562,25000000.000
23789,2060,5.859375,25000000.000
23790,2072,11.718750,25000000.000
23791,2074,12.695312,25000000.000
23792,2096,23.437500,25000000.000
23793,2105,27.832031,25000000.000
23794,2113,31.738281,25000000.000
23795,2114,32.226562,25000000.000
23796,2125,37.597656,25000000.000
23797,2128,39.062500,25000000.000
23798,2129,39.550781,25000000.000
23799,2128,39.062500,25000000.000
23800,2126,38.085938,25000000.000
23801,2123,36.621094,25000000.000
23802,2117,33.691406,25000000.000
23803,2117,33.691406,25000000.000
23804,2101,25.878906,25000000.000
23805,2092,21.484375,25000000.000
23806,2080,15.625000,25000000.000
23807,2080,15.625000,25000000.000
23808,2055,3.417969,25000000.000
23809,2040,-3.906250,25000000.000
23810,2026,-10.742188,25000000.000
23811,2025,-11.230469,25000000.000
23812,2000,-23.437500,25000000.000
23813,1988,-29.296875,25000000.000
23814,1979,-33.691406,25000000.000
23815,1978,-34.179688,25000000.000
23816,1964,-41.015625,25000000.000
23817,1961,-42.480469,25000000.000
23818,1959,-43.457031,25000000.000
23819,1960,-42.968750,25000000.000
23820,1961,-42.480469,25000000.000
23821,1966,-40.039062,25000000.000
23822,1972,-37.109375,25000000.000
23823,1974,-36.132812,25000000.000
23824,1990,-28.320312,25000000.000
23825,2000,-23.437500,25000000.000
23826,2010,-18.554688,25000000.000
23827,2013,-17.089844,25000000.000
23828,2036,-5.859375,25000000.000
23829,2049,0.488281,25000000.000
23830,2061,6.347656,25000000.000
23831,2062,6.835938,25000000.000
23832,2086,18.554688,25000000.000
23833,2096,23.437500,25000000.000
23834,2106,28.320312,25000000.000
23835,2107,28.808594,25000000.000
23836,2119,34.667969,25000000.000
23837,2124,37.109375,25000000.000
23838,2128,39.062500,25000000.000
23839,2128,39.062500,25000000.000
23840,2128,39.062500,25000000.000
23841,2126,38.085938,25000000.000
23842,2121,35.644531,25000000.000
23843,2120,35.156250,25000000.000
23844,2108,29.296875,25000000.000
23845,2100,25.390625,25000000.000
23846,2089,20.019531,25000000.000
23847,2089,20.019531,25000000.000
23848,2066,8.789062,25000000.000
23849,2051,1.464844,25000000.000
23850,2038,-4.882812,25000000.000
23851,2037,-5.371094,25000000.000
23852,2011,-18.066406,25000000.000
23853,1998,-24.414062,25000000.000
23854,1986,-30.273438,25000000.000
23855,1985,-30.761719,25000000.000
23856,1969,-38.574219,25000000.000
23857,1964,-41.015625,25000000.000
23858,1960,-42.968750,25000000.000
23859,1960,-42.968750,25000000.000
23860,1960,-42.968750,25000000.000
23861,1963,-41.503906,25000000.000
23862,1967,-39.550781,25000000.000
23863,1968,-39.062500,25000000.000
23864,1981,-32.714844,25000000.000
23865,1990,-28.320312,25000000.000
23866,2001,-22.949219,25000000.000
23867,2002,-22.460938,25000000.000
23868,2023,-12.207031,25000000.000
23869,2037,-5.371094,25000000.000
23870,2050,0.976562,25000000.000
23871,2051,1.464844,25000000.000
23872,2076,13.671875,25000000.000
23873,2087,19.042969,25000000.000
23874,2098,24.414062,25000000.000
23875,2099,24.902344,25000000.000
23876,2115,32.714844,25000000.000
23877,2120,35.156250,25000000.000
23878,2126,38.085938,25000000.000
23879,2124,37.109375,25000000.000
23880,2128,39.062500,25000000.000
23881,2128,39.062500,25000000.000
23882,2125,37.597656,25000000.000
23883,2125,37.597656,25000000.000
23884,2116,33.203125,25000000.000
23885,2107,28.808594,25000000.000
23886,2098,24.414062,25000000.000
23887,2098,24.414062,25000000.000
23888,2076,13.671875,25000000.000
23889,2064,7.812500,25000000.000
23890,2049,0.488281,25000000.000
23891,2048,0.000000,25000000.000
23892,2022,-12.695312,25000000.000
23893,2009,-19.042969,25000000.000
23894,1996,-25.390625,25000000.000
23895,1995,-25.878906,25000000.000
23896,1976,-35.156250,25000000.000
23897,1968,-39.062500,25000000.000
23898,1964,-41.015625,25000000.000
23899,1962,-41.992188,25000000.000
23900,1959,-43.457031,25000000.000
23901,1961,-42.480469,25000000.000
23902,1962,-41.992188,25000000.000
23903,1963,-41.503906,25000000.000
23904,1975,-35.644531,25000000.000
23905,1982,-32.226562,25000000.000
23906,1992,-27.343750,25000000.000
23907,1993,-26.855469,25000000.000
23908,2014,-16.601562,25000000.000
23909,2027,-10.253906,25000000.000
23910,2039,-4.394531,25000000.000
23911,2041,-3.417969,25000000.000
23912,2066,8.789062,25000000.000
23913,2078,14.648438,25000000.000
23914,2089,20.019531,25000000.000
23915,2092,21.484375,25000000.000
23916,2108,29.296875,25000000.000
23917,2118,34.179688,25000000.000
23918,2123,36.621094,25000000.000
23919,2123,36.621094,25000000.000
23920,2128,39.062500,25000000.000
23921,2128,39.062500,25000000.000
23922,2128,39.062500,25000000.000
23923,2128,39.062500,25000000.000
23924,2120,35.156250,25000000.000
23925,2115,32.714844,25000000.000
23926,2106,28.320312,25000000.000
23927,2105,27.832031,25000000.000
23928,2087,19.042969,25000000.000
23929,2074,12.695312,25000000.000
23930,2062,6.835938,25000000.000
23931,2061,6.347656,25000000.000
23932,2035,-6.347656,25000000.000
23933,2022,-12.695312,25000000.000
23934,2008,-19.531250,25000000.000
23935,2006,-20.507812,25000000.000
23936,1984,-31.250000,25000000.000
23937,1976,-35.156250,25000000.000
23938,1969,-38.574219,25000000.000
23939,1968,-39.062500,25000000.000
23940,1959,-43.457031,25000000.000
23941,1959,-43.457031,25000000.000
23942,1961,-42.480469,25000000.000
23943,1960,-42.968750,25000000.000
23944,1969,-38.574219,25000000.000
23945,1976,-35.156250,25000000.000
23946,1984,-31.250000,25000000.000
23947,1985,-30.761719,25000000.000
23948,2005,-20.996094,25000000.000
23949,2015,-16.113281,25000000.000
23950,2028,-9.765625,25000000.000
23951,2031,-8.300781,25000000.000
23952,2054,2.929688,25000000.000
23953,2068,9.765625,25000000.000
23954,2080,15.625000,25000000.000
23955,2080,15.625000,25000000.000
23956,2102,26.367188,25000000.000
23957,2110,30.273438,25000000.000
23958,2116,33.203125,25000000.000
23959,2118,34.179688,25000000.000
23960,2127,38.574219,25000000.000
23961,2128,39.062500,25000000.000
23962,2130,40.039062,25000000.000
23963,2129,39.550781,25000000.000
23964,2125,37.597656,25000000.000
23965,2120,35.156250,25000000.000
23966,2115,32.714844,25000000.000
23967,2113,31.738281,25000000.000
23968,2096,23.437500,25000000.000
23969,2085,18.066406,25000000.000
23970,2074,12.695312,25000000.000
23971,2072,11.718750,25000000.000
23972,2046,-0.976562,25000000.000
23973,2032,-7.812500,25000000.000
23974,2019,-14.160156,25000000.000
23975,2017,-15.136719,25000000.000
23976,1995,-25.878906,25000000.000
23977,1983,-31.738281,25000000.000
23978,1974,-36.132812,25000000.000
23979,1973,-36.621094,25000000.000
23980,1963,-41.503906,25000000.000
23981,1961,-42.480469,25000000.000
23982,1960,-42.968750,25000000.000
23983,1960,-42.968750,25000000.000
23984,1965,-40.527344,25000000.000
23985,1971,-37.597656,25000000.000
23986,1978,-34.179688,25000000.000
23987,1979,-33.691406,25000000.000
23988,1997,-24.902344,25000000.000
23989,2007,-20.019531,25000000.000
23990,2019,-14.160156,25000000.000
23991,2020,-13.671875,25000000.000
23992,2044,-1.953125,25000000.000
23993,2057,4.394531,25000000.000
23994,2069,10.253906,25000000.000
23995,2071,11.230469,25000000.000
23996,2093,21.972656,25000000.000
23997,2103,26.855469,25000000.000
23998,2111,30.761719,25000000.000
23999,2112,31.250000,25000000.000
24000,2124,37.109375,25000000.000
24001,2126,38.085938,25000000.000
24002,2127,38.574219,25000000.000
24003,2129,39.550781,25000000.000
24004,2128,39.062500,25000000.000
24005,2123,36.621094,25000000.000
24006,2119,34.667969,25000000.000
24007,2118,34.179688,25000000.000
24008,2104,27.343750,25000000.000
24009,2094,22.460938,25000000.000
24010,2083,17.089844,25000000.000
24011,2082,16.601562,25000000.000
24012,2058,4.882812,25000000.000
24013,2044,-1.953125,25000000.000
24014,2030,-8.789062,25000000.000
24015,2028,-9.765625,25000000.000
24016,2003,-21.972656,25000000.000
24017,1992,-27.343750,25000000.000
24018,1982,-32.226562,25000000.000
24019,1981,-32.714844,25000000.000
24020,1966,-40.039062,25000000.000
24021,1961,-42.480469,25000000.000
24022,1961,-42.480469,25000000.000
24023,1959,-43.457031,25000000.000
24024,1961,-42.480469,25000000.000
24025,1965,-40.527344,25000000.000
24026,1971,-37.597656,25000000.000
24027,1972,-37.109375,25000000.000
24028,1987,-29.785156,25000000.000
24029,1997,-24.902344,25000000.000
24030,2009,-19.042969,25000000.000
24031,2009,-19.042969,25000000.000
24032,2032,-7.812500,25000000.000
24033,2044,-1.953125,25000000.000
24034,2057,4.394531,25000000.000
24035,2058,4.882812,25000000.000
24036,2082,16.601562,25000000.000
24037,2093,21.972656,25000000.000
24038,2104,27.343750,25000000.000
24039,2104,27.343750,25000000.000
24040,2118,34.179688,25000000.000
24041,2123,36.621094,25000000.000
24042,2126,38.085938,25000000.000
24043,2126,38.085938,25000000.000
24044,2127,38.574219,25000000.000
24045,2126,38.085938,25000000.000
24046,2122,36.132812,25000000.000
24047,2122,36.132812,25000000.000
24048,2110,30.273438,25000000.000
24049,2102,26.367188,25000000.000
24050,2092,21.484375,25000000.000
24051,2091,20.996094,25000000.000
24052,2069,10.253906,25000000.000
24053,2056,3.906250,25000000.000
24054,2042,-2.929688,25000000.000
24055,2040,-3.906250,25000000.000
24056,2014,-16.601562,25000000.000
24057,2001,-22.949219,25000000.000
24058,1989,-28.808594,25000000.000
24059,1988,-29.296875,25000000.000
24060,1971,-37.597656,25000000.000
24061,1965,-40.527344,25000000.000
24062,1960,-42.968750,25000000.000
24063,1960,-42.968750,25000000.000
24064,1959,-43.457031,25000000.000
24065,1961,-42.480469,25000000.000
24066,1965,-40.527344,25000000.000
24067,1966,-40.039062,25000000.000
24068,1980,-33.203125,25000000.000
24069,1988,-29.296875,25000000.000
24070,1998,-24.414062,25000000.000
24071,2000,-23.437500,25000000.000
24072,2022,-12.695312,25000000.000
24073,2036,-5.859375,25000000.000
24074,2047,-0.488281,25000000.000
24075,2049,0.488281,25000000.000
24076,2073,12.207031,25000000.000
24077,2085,18.066406,25000000.000
24078,2096,23.437500,25000000.000
24079,2097,23.925781,25000000.000
24080,2113,31.738281,25000000.000
24081,2120,35.156250,25000000.000
24082,2123,36.621094,25000000.000
24083,2124,37.109375,25000000.000
24084,2128,39.062500,25000000.000
24085,2128,39.062500,25000000.000
24086,2126,38.085938,25000000.000
24087,2125,37.597656,25000000.000
24088,2116,33.203125,25000000.000
24089,2108,29.296875,25000000.000
24090,2101,25.878906,25000000.000
24091,2099,24.902344,25000000.000
24092,2079,15.136719,25000000.000
24093,2066,8.789062,25000000.000
24094,2053,2.441406,25000000.000
24095,2051,1.464844,25000000.000
24096,2025,-11.230469,25000000.000
24097,2012,-17.578125,25000000.000
24098,2000,-23.437500,25000000.000
24099,1997,-24.902344,25000000.000
24100,1979,-33.691406,25000000.000
24101,1970,-38.085938,25000000.000
24102,1965,-40.527344,25000000.000
24103,1965,-40.527344,25000000.000
24104,1960,-42.968750,25000000.000
24105,1959,-43.457031,25000000.000
24106,1963,-41.503906,25000000.000
24107,1963,-41.503906,25000000.000
24108,1974,-36.132812,25000000.000
24109,1981,-32.714844,25000000.000
24110,1990,-28.320312,25000000.000
24111,1991,-27.832031,25000000.000
24112,2011,-18.066406,25000000.000
24113,2024,-11.718750,25000000.000
24114,2036,-5.859375,25000000.000
24115,2038,-4.882812,25000000.000
24116,2062,6.835938,25000000.000
24117,2075,13.183594,25000000.000
24118,2088,19.531250,25000000.000
24119,2087,19.042969,25000000.000
24120,2107,28.808594,25000000.000
24121,2115,32.714844,25000000.000
24122,2121,35.644531,25000000.000
24123,2122,36.132812,25000000.000
24124,2128,39.062500,25000000.000
24125,2129,39.550781,25000000.000
24126,2128,39.062500,25000000.000
24127,2129,39.550781,25000000.000
24128,2122,36.132812,25000000.000
24129,2116,33.203125,25000000.000
24130,2109,29.785156,25000000.000
24131,2108,29.296875,25000000.000
24132,2088,19.531250,25000000.000
24133,2083,17.089844,25000000.000
24134,2066,8.789062,25000000.000
24135,2066,8.789062,25000000.000
24136,2037,-5.371094,25000000.000
24137,2024,-11.718750,25000000.000
24138,2009,-19.042969,25000000.000
24139,2009,-19.042969,25000000.000
24140,1986,-30.273438,25000000.000
24141,1976,-35.156250,25000000.000
24142,1969,-38.574219,25000000.000
24143,1969,-38.574219,25000000.000
24144,1960,-42.968750,25000000.000
24145,1959,-43.457031,25000000.000
24146,1960,-42.968750,25000000.000
24147,1960,-42.968750,25000000.000
24148,1968,-39.062500,25000000.000
24149,1975,-35.644531,25000000.000
24150,1982,-32.226562,25000000.000
24151,1984,-31.250000,25000000.000
24152,2003,-21.972656,25000000.000
24153,2015,-16.113281,25000000.000
24154,2025,-11.230469,25000000.000
24155,2027,-10.253906,25000000.000
24156,2051,1.464844,25000000.000
24157,2064,7.812500,25000000.000
24158,2078,14.648438,25000000.000
24159,2078,14.648438,25000000.000
24160,2099,24.902344,25000000.000
24161,2108,29.296875,25000000.000
24162,2116,33.203125,25000000.000
24163,2116,33.203125,25000000.000
24164,2126,38.085938,25000000.000
24165,2129,39.550781,25000000.000
24166,2128,39.062500,25000000.000
24167,2129,39.550781,25000000.000
24168,2125,37.597656,25000000.000
24169,2121,35.644531,25000000.000
24170,2115,32.714844,25000000.000
24171,2114,32.226562,25000000.000
24172,2098,24.414062,25000000.000
24173,2088,19.531250,25000000.000
24174,2075,13.183594,25000000.000
24175,2074,12.695312,25000000.000
24176,2048,0.000000,25000000.000
24177,2035,-6.347656,25000000.000
24178,2021,-13.183594,25000000.000
24179,2020,-13.671875,25000000.000
24180,1997,-24.902344,25000000.000
24181,1981,-32.714844,25000000.000
24182,1974,-36.132812,25000000.000
24183,1973,-36.621094,25000000.000
24184,1964,-41.015625,25000000.000
24185,1961,-42.480469,25000000.000
24186,1958,-43.945312,25000000.000
24187,1959,-43.457031,25000000.000
24188,1964,-41.015625,25000000.000
24189,1968,-39.062500,25000000.000
24190,1975,-35.644531,25000000.000
24191,1976,-35.156250,25000000.000
24192,1994,-26.367188,25000000.000
24193,2004,-21.484375,25000000.000
24194,2015,-16.113281,25000000.000
24195,2017,-15.136719,25000000.000
24196,2041,-3.417969,25000000.000
24197,2054,2.929688,25000000.000
24198,2067,9.277344,25000000.000
24199,2068,9.765625,25000000.000
24200,2090,20.507812,25000000.000
24201,2100,25.390625,25000000.000
24202,2110,30.273438,25000000.000
24203,2110,30.273438,25000000.000
24204,2123,36.621094,25000000.000
24205,2127,38.574219,25000000.000
24206,2128,39.062500,25000000.000
24207,2129,39.550781,25000000.000
24208,2127,38.574219,25000000.000
24209,2124,37.109375,25000000.000
24210,2120,35.156250,25000000.000
24211,2119,34.667969,25000000.000
24212,2105,27.832031,25000000.000
24213,2096,23.437500,25000000.000
24214,2086,18.554688,25000000.000
24215,2084,17.578125,25000000.000
24216,2061,6.347656,25000000.000
24217,2046,-0.976562,25000000.000
24218,2032,-7.812500,25000000.000
24219,2031,-8.300781,25000000.000
24220,2006,-20.507812,25000000.000
24221,1994,-26.367188,25000000.000
24222,1983,-31.738281,25000000.000
24223,1982,-32.226562,25000000.000
24224,1966,-40.039062,25000000.000
24225,1962,-41.992188,25000000.000
24226,1959,-43.457031,25000000.000
24227,1959,-43.457031,25000000.000
24228,1959,-43.457031,25000000.000
24229,1964,-41.015625,25000000.000
24230,1969,-38.574219,25000000.000
24231,1970,-38.085938,25000000.000
24232,1985,-30.761719,25000000.000
24233,1994,-26.367188,25000000.000
24234,2005,-20.996094,25000000.000
24235,2005,-20.996094,25000000.000
24236,2029,-9.277344,25000000.000
24237,2041,-3.417969,25000000.000
24238,2056,3.906250,25000000.000
24239,2056,3.906250,25000000.000
24240,2080,15.625000,25000000.000
24241,2091,20.996094,25000000.000
24242,2102,26.367188,25000000.000
24243,2102,26.367188,25000000.000
24244,2118,34.179688,25000000.000
24245,2122,36.132812,25000000.000
24246,2126,38.085938,25000000.000
24247,2126,38.085938,25000000.000
24248,2128,39.062500,25000000.000
24249,2127,38.574219,25000000.000
24250,2124,37.109375,25000000.000
24251,2123,36.621094,25000000.000
24252,2113,31.738281,25000000.000
24253,2105,27.832031,25000000.000
24254,2095,22.949219,25000000.000
24255,2095,22.949219,25000000.000
24256,2071,11.230469,25000000.000
24257,2059,5.371094,25000000.000
24258,2045,-1.464844,25000000.000
24259,2043,-2.441406,25000000.000
24260,2017,-15.136719,25000000.000
24261,2004,-21.484375,25000000.000
24262,1991,-27.832031,25000000.000
24263,1990,-28.320312,25000000.000
24264,1973,-36.621094,25000000.000
24265,1966,-40.039062,25000000.000
24266,1961,-42.480469,25000000.000
24267,1961,-42.480469,25000000.000
24268,1958,-43.945312,25000000.000
24269,1961,-42.480469,25000000.000
24270,1965,-40.527344,25000000.000
24271,1965,-40.527344,25000000.000
24272,1978,-34.179688,25000000.000
24273,1986,-30.273438,25000000.000
24274,1997,-24.902344,25000000.000
24275,1997,-24.902344,25000000.000
24276,2019,-14.160156,25000000.000
24277,2032,-7.812500,25000000.000
24278,2044,-1.953125,25000000.000
24279,2046,-0.976562,25000000.000
24280,2071,11.230469,25000000.000
24281,2082,16.601562,25000000.000
24282,2093,21.972656,25000000.000
24283,2094,22.460938,25000000.000
24284,2113,31.738281,25000000.000
24285,2119,34.667969,25000000.000
24286,2121,35.644531,25000000.000
24287,2125,37.597656,25000000.000
24288,2129,39.550781,25000000.000
24289,2127,38.574219,25000000.000
24290,2127,38.574219,25000000.000
24291,2127,38.574219,25000000.000
24292,2118,34.179688,25000000.000
24293,2112,31.250000,25000000.000
24294,2102,26.367188,25000000.000
24295,2101,25.878906,25000000.000
24296,2082,16.601562,25000000.000
24297,2071,11.230469,25000000.000
24298,2058,4.882812,25000000.000
24299,2056,3.906250,25000000.000
24300,2030,-8.789062,25000000.000
24301,2016,-15.625000,25000000.000
24302,2004,-21.484375,25000000.000
24303,2002,-22.460938,25000000.000
24304,1981,-32.714844,25000000.000
24305,1973,-36.621094,25000000.000
24306,1967,-39.550781,25000000.000
24307,1966,-40.039062,25000000.000
24308,1960,-42.968750,25000000.000
24309,1960,-42.968750,25000000.000
24310,1962,-41.992188,25000000.000
24311,1962,-41.992188,25000000.000
24312,1972,-37.109375,25000000.000
24313,1980,-33.203125,25000000.000
24314,1988,-29.296875,25000000.000
24315,1989,-28.808594,25000000.000
24316,2009,-19.042969,25000000.000
24317,2021,-13.183594,25000000.000
24318,2034,-6.835938,25000000.000
24319,2035,-6.347656,25000000.000
24320,2060,5.859375,25000000.000
24321,2071,11.230469,25000000.000
24322,2084,17.578125,25000000.000
24323,2085,18.066406,25000000.000
24324,2105,27.832031,25000000.000
24325,2112,31.250000,25000000.000
24326,2120,35.156250,25000000.000
24327,2121,35.644531,25000000.000
24328,2128,39.062500,25000000.000
24329,2128,39.062500,25000000.000
24330,2129,39.550781,25000000.000
24331,2128,39.062500,25000000.000
24332,2123,36.621094,25000000.000
24333,2118,34.179688,25000000.000
24334,2111,30.761719,25000000.000
24335,2109,29.785156,25000000.000
24336,2092,21.484375,25000000.000
24337,2081,16.113281,25000000.000
24338,2068,9.765625,25000000.000
24339,2068,9.765625,25000000.000
24340,2041,-3.417969,25000000.000
24341,2027,-10.253906,25000000.000
24342,2014,-16.601562,25000000.000
24343,2012,-17.578125,25000000.000
24344,1989,-28.808594,25000000.000
24345,1980,-33.203125,25000000.000
24346,1971,-37.597656,25000000.000
24347,1971,-37.597656,25000000.000
24348,1961,-42.480469,25000000.000
24349,1959,-43.457031,25000000.000
24350,1960,-42.968750,25000000.000
24351,1959,-43.457031,25000000.000
24352,1966,-40.039062,25000000.000
24353,1974,-36.132812,25000000.000
24354,1980,-33.203125,25000000.000
24355,1981,-32.714844,25000000.000
24356,2000,-23.437500,25000000.000
24357,2012,-17.578125,25000000.000
24358,2023,-12.207031,25000000.000
24359,2025,-11.230469,25000000.000
24360,2048,0.000000,25000000.000
24361,2062,6.835938,25000000.000
24362,2074,12.695312,25000000.000
24363,2074,12.695312,25000000.000
24364,2098,24.414062,25000000.000
24365,2106,28.320312,25000000.000
24366,2114,32.226562,25000000.000
24367,2115,32.714844,25000000.000
24368,2125,37.597656,25000000.000
24369,2128,39.062500,25000000.000
24370,2129,39.550781,25000000.000
24371,2130,40.039062,25000000.000
24372,2126,38.085938,25000000.000
24373,2123,36.621094,25000000.000
24374,2118,34.179688,25000000.000
24375,2116,33.203125,25000000.000
24376,2100,25.390625,25000000.000
24377,2090,20.507812,25000000.000
24378,2080,15.625000,25000000.000
24379,2078,14.648438,25000000.000
24380,2053,2.441406,25000000.000
24381,2039,-4.394531,25000000.000
24382,2025,-11.230469,25000000.000
24383,2023,-12.207031,25000000.000
24384,1999,-23.925781,25000000.000
24385,1988,-29.296875,25000000.000
24386,1978,-34.179688,25000000.000
24387,1978,-34.179688,25000000.000
24388,1963,-41.503906,25000000.000
24389,1960,-42.968750,25000000.000
24390,1960,-42.968750,25000000.000
24391,1960,-42.968750,25000000.000
24392,1962,-41.992188,25000000.000
24393,1967,-39.550781,25000000.000
24394,1973,-36.621094,25000000.000
24395,1974,-36.132812,25000000.000
24396,1991,-27.832031,25000000.000
24397,2001,-22.949219,25000000.000
24398,2012,-17.578125,25000000.000
24399,2013,-17.089844,25000000.000
24400,2037,-5.371094,25000000.000
24401,2050,0.976562,25000000.000
24402,2063,7.324219,25000000.000
24403,2065,8.300781,25000000.000
24404,2087,19.042969,25000000.000
24405,2098,24.414062,25000000.000
24406,2108,29.296875,25000000.000
24407,2107,28.808594,25000000.000
24408,2121,35.644531,25000000.000
24409,2126,38.085938,25000000.000
24410,2128,39.062500,25000000.000
24411,2127,38.574219,25000000.000
24412,2128,39.062500,25000000.000
24413,2125,37.597656,25000000.000
24414,2121,35.644531,25000000.000
24415,2120,35.156250,25000000.000
24416,2107,28.808594,25000000.000
24417,2098,24.414062,25000000.000
24418,2088,19.531250,25000000.000
24419,2087,19.042969,25000000.000
24420,2063,7.324219,25000000.000
24421,2050,0.976562,25000000.000
24422,2036,-5.859375,25000000.000
24423,2034,-6.835938,25000000.000
24424,2009,-19.042969,25000000.000
24425,1997,-24.902344,25000000.000
24426,1984,-31.250000,25000000.000
24427,1985,-30.761719,25000000.000
24428,1969,-38.574219,25000000.000
24429,1963,-41.503906,25000000.000
24430,1960,-42.968750,25000000.000
24431,1960,-42.968750,25000000.000
24432,1959,-43.457031,25000000.000
24433,1963,-41.503906,25000000.000
24434,1968,-39.062500,25000000.000
24435,1968,-39.062500,25000000.000
24436,1983,-31.738281,25000000.000
24437,1992,-27.343750,25000000.000
24438,2003,-21.972656,25000000.000
24439,2004,-21.484375,25000000.000
24440,2026,-10.742188,25000000.000
24441,2038,-4.882812,25000000.000
24442,2052,1.953125,25000000.000
24443,2053,2.441406,25000000.000
24444,2078,14.648438,25000000.000
24445,2089,20.019531,25000000.000
24446,2099,24.902344,25000000.000
24447,2100,25.390625,25000000.000
24448,2115,32.714844,25000000.000
24449,2121,35.644531,25000000.000
24450,2125,37.597656,25000000.000
24451,2126,38.085938,25000000.000
24452,2127,38.574219,25000000.000
24453,2127,38.574219,25000000.000
24454,2124,37.109375,25000000.000
24455,2123,36.621094,25000000.000
24456,2113,31.738281,25000000.000
24457,2107,28.808594,25000000.000
24458,2098,24.414062,25000000.000
24459,2096,23.437500,25000000.000
24460,2073,12.207031,25000000.000
24461,2061,6.347656,25000000.000
24462,2048,0.000000,25000000.000
24463,2046,-0.976562,25000000.000
24464,2021,-13.183594,25000000.000
24465,2007,-20.019531,25000000.000
24466,1995,-25.878906,25000000.000
24467,1994,-26.367188,25000000.000
24468,1975,-35.644531,25000000.000
24469,1968,-39.062500,25000000.000
24470,1963,-41.503906,25000000.000
24471,1962,-41.992188,25000000.000
24472,1959,-43.457031,25000000.000
24473,1961,-42.480469,25000000.000
24474,1963,-41.503906,25000000.000
24475,1964,-41.015625,25000000.000
24476,1975,-35.644531,25000000.000
24477,1984,-31.250000,25000000.000
24478,1994,-26.367188,25000000.000
24479,1996,-25.390625,25000000.000
24480,2017,-15.136719,25000000.000
24481,2023,-12.207031,25000000.000
24482,2038,-4.882812,25000000.000
24483,2041,-3.417969,25000000.000
24484,2067,9.277344,25000000.000
24485,2078,14.648438,25000000.000
24486,2090,20.507812,25000000.000
24487,2091,20.996094,25000000.000
24488,2109,29.785156,25000000.000
24489,2117,33.691406,25000000.000
24490,2123,36.621094,25000000.000
24491,2123,36.621094,25000000.000
24492,2129,39.550781,25000000.000
24493,2130,40.039062,25000000.000
24494,2127,38.574219,25000000.000
24495,2127,38.574219,25000000.000
24496,2119,34.667969,25000000.000
24497,2114,32.226562,25000000.000
24498,2105,27.832031,25000000.000
24499,2106,28.320312,25000000.000
24500,2086,18.554688,25000000.000
24501,2074,12.695312,25000000.000
24502,2061,6.347656,25000000.000
24503,2060,5.859375,25000000.000
24504,2033,-7.324219,25000000.000
24505,2019,-14.160156,25000000.000
24506,2006,-20.507812,25000000.000
24507,2005,-20.996094,25000000.000
24508,1984,-31.250000,25000000.000
24509,1974,-36.132812,25000000.000
24510,1967,-39.550781,25000000.000
24511,1966,-40.039062,25000000.000
24512,1959,-43.457031,25000000.000
24513,1959,-43.457031,25000000.000
24514,1961,-42.480469,25000000.000
24515,1962,-41.992188,25000000.000
24516,1970,-38.085938,25000000.000
24517,1978,-34.179688,25000000.000
24518,1986,-30.273438,25000000.000
24519,1986,-30.273438,25000000.000
24520,2006,-20.507812,25000000.000
24521,2018,-14.648438,25000000.000
24522,2031,-8.300781,25000000.000
24523,2032,-7.812500,25000000.000
24524,2057,4.394531,25000000.000
24525,2070,10.742188,25000000.000
24526,2082,16.601562,25000000.000
24527,2083,17.089844,25000000.000
24528,2102,26.367188,25000000.000
24529,2111,30.761719,25000000.000
24530,2117,33.691406,25000000.000
24531,2118,34.179688,25000000.000
24532,2127,38.574219,25000000.000
24533,2130,40.039062,25000000.000
24534,2128,39.062500,25000000.000
24535,2128,39.062500,25000000.000
24536,2123,36.621094,25000000.000
24537,2119,34.667969,25000000.000
24538,2114,32.226562,25000000.000
24539,2112,31.250000,25000000.000
24540,2094,22.460938,25000000.000
24541,2083,17.089844,25000000.000
24542,2073,12.207031,25000000.000
24543,2070,10.742188,25000000.000
24544,2045,-1.464844,25000000.000
24545,2030,-8.789062,25000000.000
24546,2017,-15.136719,25000000.000
24547,2015,-16.113281,25000000.000
24548,1992,-27.343750,25000000.000
24549,1981,-32.714844,25000000.000
24550,1973,-36.621094,25000000.000
24551,1972,-37.109375,25000000.000
24552,1962,-41.992188,25000000.000
24553,1959,-43.457031,25000000.000
24554,1959,-43.457031,25000000.000
24555,1959,-43.457031,25000000.000
24556,1965,-40.527344,25000000.000
24557,1971,-37.597656,25000000.000
24558,1978,-34.179688,25000000.000
24559,1979,-33.691406,25000000.000
24560,1997,-24.902344,25000000.000
24561,2009,-19.042969,25000000.000
24562,2021,-13.183594,25000000.000
24563,2021,-13.183594,25000000.000
24564,2046,-0.976562,25000000.000
24565,2058,4.882812,25000000.000
24566,2070,10.742188,25000000.000
24567,2072,11.718750,25000000.000
24568,2094,22.460938,25000000.000
24569,2103,26.855469,25000000.000
24570,2112,31.250000,25000000.000
24571,2113,31.738281,25000000.000
24572,2124,37.109375,25000000.000
24573,2127,38.574219,25000000.000
24574,2129,39.550781,25000000.000
24575,2128,39.062500,25000000.000
24576,2127,38.574219,25000000.000
24577,2123,36.621094,25000000.000
24578,2118,34.179688,25000000.000
24579,2116,33.203125,25000000.000
24580,2103,26.855469,25000000.000
24581,2092,21.484375,25000000.000
24582,2081,16.113281,25000000.000
24583,2081,16.113281,25000000.000
24584,2056,3.906250,25000000.000
24585,2042,-2.929688,25000000.000
24586,2028,-9.765625,25000000.000
24587,2026,-10.742188,25000000.000
24588,2002,-22.460938,25000000.000
24589,1990,-28.320312,25000000.000
24590,1979,-33.691406,25000000.000
24591,1979,-33.691406,25000000.000
24592,1965,-40.527344,25000000.000
24593,1963,-41.503906,25000000.000
24594,1959,-43.457031,25000000.000
24595,1960,-42.968750,25000000.000
24596,1962,-41.992188,25000000.000
24597,1965,-40.527344,25000000.000
24598,1971,-37.597656,25000000.000
24599,1973,-36.621094,25000000.000
24600,1988,-29.296875,25000000.000
24601,1998,-24.414062,25000000.000
24602,2010,-18.554688,25000000.000
24603,2012,-17.578125,25000000.000
24604,2033,-7.324219,25000000.000
24605,2047,-0.488281,25000000.000
24606,2059,5.371094,25000000.000
24607,2060,5.859375,25000000.000
24608,2084,17.578125,25000000.000
24609,2094,22.460938,25000000.000
24610,2105,27.832031,25000000.000
24611,2105,27.832031,25000000.000
24612,2119,34.667969,25000000.000
24613,2124,37.109375,25000000.000
24614,2127,38.574219,25000000.000
24615,2127,38.574219,25000000.000
24616,2128,39.062500,25000000.000
24617,2126,38.085938,25000000.000
24618,2122,36.132812,25000000.000
24619,2122,36.132812,25000000.000
24620,2110,30.273438,25000000.000
24621,2100,25.390625,25000000.000
24622,2090,20.507812,25000000.000
24623,2089,20.019531,25000000.000
24624,2067,9.277344,25000000.000
24625,2053,2.441406,25000000.000
24626,2039,-4.394531,25000000.000
24627,2039,-4.394531,25000000.000
24628,2012,-17.578125,25000000.000
24629,2000,-23.437500,25000000.000
24630,1988,-29.296875,25000000.000
24631,1987,-29.785156,25000000.000
24632,1971,-37.597656,25000000.000
24633,1964,-41.015625,25000000.000
24634,1960,-42.968750,25000000.000
24635,1960,-42.968750,25000000.000
24636,1959,-43.457031,25000000.000
24637,1962,-41.992188,25000000.000
24638,1967,-39.550781,25000000.000
24639,1967,-39.550781,25000000.000
24640,1980,-33.203125,25000000.000
24641,1990,-28.320312,25000000.000
24642,2000,-23.437500,25000000.000
24643,2002,-22.460938,25000000.000
24644,2023,-12.207031,25000000.000
24645,2036,-5.859375,25000000.000
24646,2049,0.488281,25000000.000
24647,2050,0.976562,25000000.000
24648,2074,12.695312,25000000.000
24649,2085,18.066406,25000000.000
24650,2096,23.437500,25000000.000
24651,2097,23.925781,25000000.000
24652,2113,31.738281,25000000.000
24653,2120,35.156250,25000000.000
24654,2125,37.597656,25000000.000
24655,2124,37.109375,25000000.000
24656,2129,39.550781,25000000.000
24657,2128,39.062500,25000000.000
24658,2125,37.597656,25000000.000
24659,2124,37.109375,25000000.000
24660,2116,33.203125,25000000.000
24661,2108,29.296875,25000000.000
24662,2099,24.902344,25000000.000
24663,2097,23.925781,25000000.000
24664,2076,13.671875,25000000.000
24665,2066,8.789062,25000000.000
24666,2051,1.464844,25000000.000
24667,2050,0.976562,25000000.000
24668,2024,-11.718750,25000000.000
24669,2011,-18.066406,25000000.000
24670,1998,-24.414062,25000000.000
24671,1995,-25.878906,25000000.000
24672,1977,-34.667969,25000000.000
24673,1969,-38.574219,25000000.000
24674,1964,-41.015625,25000000.000
24675,1963,-41.503906,25000000.000
24676,1958,-43.945312,25000000.000
24677,1959,-43.457031,25000000.000
24678,1963,-41.503906,25000000.000
24679,1962,-41.992188,25000000.000
24680,1974,-36.132812,25000000.000
24681,1981,-32.714844,25000000.000
24682,1991,-27.832031,25000000.000
24683,1993,-26.855469,25000000.000
24684,2014,-16.601562,25000000.000
24685,2025,-11.230469,25000000.000
24686,2039,-4.394531,25000000.000
24687,2040,-3.906250,25000000.000
24688,2064,7.812500,25000000.000
24689,2076,13.671875,25000000.000
24690,2089,20.019531,25000000.000
24691,2090,20.507812,25000000.000
24692,2108,29.296875,25000000.000
24693,2115,32.714844,25000000.000
24694,2123,36.621094,25000000.000
24695,2121,35.644531,25000000.000
24696,2128,39.062500,25000000.000
24697,2128,39.062500,25000000.000
24698,2128,39.062500,25000000.000
24699,2127,38.574219,25000000.000
24700,2121,35.644531,25000000.000
24701,2114,32.226562,25000000.000
24702,2107,28.808594,25000000.000
24703,2106,28.320312,25000000.000
24704,2088,19.531250,25000000.000
24705,2076,13.671875,25000000.000
24706,2062,6.835938,25000000.000
24707,2061,6.347656,25000000.000
24708,2035,-6.347656,25000000.000
24709,2021,-13.183594,25000000.000
24710,2007,-20.019531,25000000.000
24711,2007,-20.019531,25000000.000
24712,1986,-30.273438,25000000.000
24713,1976,-35.156250,25000000.000
24714,1970,-38.085938,25000000.000
24715,1969,-38.574219,25000000.000
24716,1960,-42.968750,25000000.000
24717,1960,-42.968750,25000000.000
24718,1961,-42.480469,25000000.000
24719,1962,-41.992188,25000000.000
24720,1970,-38.085938,25000000.000
24721,1976,-35.156250,25000000.000
24722,1984,-31.250000,25000000.000
24723,1986,-30.273438,25000000.000
24724,2005,-20.996094,25000000.000
24725,2017,-15.136719,25000000.000
24726,2029,-9.277344,25000000.000
24727,2030,-8.789062,25000000.000
24728,2054,2.929688,25000000.000
24729,2065,8.300781,25000000.000
24730,2079,15.136719,25000000.000
24731,2079,15.136719,25000000.000
24732,2100,25.390625,25000000.000
24733,2110,30.273438,25000000.000
24734,2116,33.203125,25000000.000
24735,2118,34.179688,25000000.000
24736,2126,38.085938,25000000.000
24737,2129,39.550781,25000000.000
24738,2129,39.550781,25000000.000
24739,2129,39.550781,25000000.000
24740,2125,37.597656,25000000.000
24741,2120,35.156250,25000000.000
24742,2113,31.738281,25000000.000
24743,2114,32.226562,25000000.000
24744,2096,23.437500,25000000.000
24745,2085,18.066406,25000000.000
24746,2073,12.207031,25000000.000
24747,2075,13.183594,25000000.000
24748,2048,0.000000,25000000.000
24749,2035,-6.347656,25000000.000
24750,2020,-13.671875,25000000.000
24751,2019,-14.160156,25000000.000
24752,1995,-25.878906,25000000.000
24753,1985,-30.761719,25000000.000
24754,1976,-35.156250,25000000.000
24755,1975,-35.644531,25000000.000
24756,1963,-41.503906,25000000.000
24757,1960,-42.968750,25000000.000
24758,1960,-42.968750,25000000.000
24759,1960,-42.968750,25000000.000
24760,1965,-40.527344,25000000.000
24761,1970,-38.085938,25000000.000
24762,1976,-35.156250,25000000.000
24763,1978,-34.179688,25000000.000
24764,1995,-25.878906,25000000.000
24765,2005,-20.996094,25000000.000
24766,2017,-15.136719,25000000.000
24767,2018,-14.648438,25000000.000
24768,2042,-2.929688,25000000.000
24769,2055,3.417969,25000000.000
24770,2068,9.765625,25000000.000
24771,2069,10.253906,25000000.000
24772,2092,21.484375,25000000.000
24773,2101,25.878906,25000000.000
24774,2110,30.273438,25000000.000
24775,2111,30.761719,25000000.000
24776,2123,36.621094,25000000.000
24777,2127,38.574219,25000000.000
24778,2129,39.550781,25000000.000
24779,2129,39.550781,25000000.000
24780,2128,39.062500,25000000.000
24781,2125,37.597656,25000000.000
24782,2120,35.156250,25000000.000
24783,2119,34.667969,25000000.000
24784,2106,28.320312,25000000.000
24785,2095,22.949219,25000000.000
24786,2085,18.066406,25000000.000
24787,2084,17.578125,25000000.000
24788,2060,5.859375,25000000.000
24789,2046,-0.976562,25000000.000
24790,2031,-8.300781,25000000.000
24791,2031,-8.300781,25000000.000
24792,2004,-21.484375,25000000.000
24793,1993,-26.855469,25000000.000
24794,1983,-31.738281,25000000.000
24795,1981,-32.714844,25000000.000
24796,1965,-40.527344,25000000.000
24797,1962,-41.992188,25000000.000
24798,1959,-43.457031,25000000.000
24799,1959,-43.457031,25000000.000
24800,1960,-42.968750,25000000.000
24801,1963,-41.503906,25000000.000
24802,1969,-38.574219,25000000.000
24803,1970,-38.085938,25000000.000
24804,1986,-30.273438,25000000.000
24805,1994,-26.367188,25000000.000
24806,2007,-20.019531,25000000.000
24807,2007,-20.019531,25000000.000
24808,2030,-8.789062,25000000.000
24809,2044,-1.953125,25000000.000
24810,2057,4.394531,25000000.000
24811,2058,4.882812,25000000.000
24812,2082,16.601562,25000000.000
24813,2093,21.972656,25000000.000
24814,2102,26.367188,25000000.000
24815,2104,27.343750,25000000.000
24816,2118,34.179688,25000000.000
24817,2124,37.109375,25000000.000
24818,2127,38.574219,25000000.000
24819,2127,38.574219,25000000.000
24820,2129,39.550781,25000000.000
24821,2126,38.085938,25000000.000
24822,2122,36.132812,25000000.000
24823,2122,36.132812,25000000.000
24824,2111,30.761719,25000000.000
24825,2102,26.367188,25000000.000
24826,2094,22.460938,25000000.000
24827,2092,21.484375,25000000.000
24828,2070,10.742188,25000000.000
24829,2060,5.859375,25000000.000
24830,2039,-4.394531,25000000.000
24831,2045,-1.464844,25000000.000
24832,2015,-16.113281,25000000.000
24833,2003,-21.972656,25000000.000
24834,1991,-27.832031,25000000.000
24835,1990,-28.320312,25000000.000
24836,1973,-36.621094,25000000.000
24837,1966,-40.039062,25000000.000
24838,1961,-42.480469,25000000.000
24839,1961,-42.480469,25000000.000
24840,1959,-43.457031,25000000.000
24841,1961,-42.480469,25000000.000
24842,1965,-40.527344,25000000.000
24843,1966,-40.039062,25000000.000
24844,1979,-33.691406,25000000.000
24845,1988,-29.296875,25000000.000
24846,1999,-23.925781,25000000.000
24847,2000,-23.437500,25000000.000
24848,2019,-14.160156,25000000.000
24849,2032,-7.812500,25000000.000
24850,2045,-1.464844,25000000.000
24851,2048,0.000000,25000000.000
24852,2070,10.742188,25000000.000
24853,2082,16.601562,25000000.000
24854,2094,22.460938,25000000.000
24855,2095,22.949219,25000000.000
24856,2112,31.250000,25000000.000
24857,2118,34.179688,25000000.000
24858,2124,37.109375,25000000.000
24859,2124,37.109375,25000000.000
24860,2128,39.062500,25000000.000
24861,2128,39.062500,25000000.000
24862,2126,38.085938,25000000.000
24863,2126,38.085938,25000000.000
24864,2117,33.691406,25000000.000
24865,2110,30.273438,25000000.000
24866,2102,26.367188,25000000.000
24867,2101,25.878906,25000000.000
24868,2080,15.625000,25000000.000
24869,2067,9.277344,25000000.000
24870,2055,3.417969,25000000.000
24871,2053,2.441406,25000000.000
24872,2027,-10.253906,25000000.000
24873,2013,-17.089844,25000000.000
24874,2002,-22.460938,25000000.000
24875,1998,-24.414062,25000000.000
24876,1979,-33.691406,25000000.000
24877,1971,-37.597656,25000000.000
24878,1965,-40.527344,25000000.000
24879,1964,-41.015625,25000000.000
24880,1959,-43.457031,25000000.000
24881,1960,-42.968750,25000000.000
24882,1961,-42.480469,25000000.000
24883,1963,-41.503906,25000000.000
24884,1972,-37.109375,25000000.000
24885,1981,-32.714844,25000000.000
24886,1989,-28.808594,25000000.000
24887,1990,-28.320312,25000000.000
24888,2011,-18.066406,25000000.000
24889,2022,-12.695312,25000000.000
24890,2035,-6.347656,25000000.000
24891,2037,-5.371094,25000000.000
24892,2061,6.347656,25000000.000
24893,2073,12.207031,25000000.000
24894,2086,18.554688,25000000.000
24895,2087,19.042969,25000000.000
24896,2106,28.320312,25000000.000
24897,2113,31.738281,25000000.000
24898,2120,35.156250,25000000.000
24899,2121,35.644531,25000000.000
24900,2129,39.550781,25000000.000
24901,2130,40.039062,25000000.000
24902,2128,39.062500,25000000.000
24903,2129,39.550781,25000000.000
24904,2121,35.644531,25000000.000
24905,2116,33.203125,25000000.000
24906,2110,30.273438,25000000.000
24907,2109,29.785156,25000000.000
24908,2091,20.996094,25000000.000
24909,2079,15.136719,25000000.000
24910,2066,8.789062,25000000.000
24911,2065,8.300781,25000000.000
24912,2040,-3.906250,25000000.000
24913,2026,-10.742188,25000000.000
24914,2013,-17.089844,25000000.000
24915,2011,-18.066406,25000000.000
24916,1990,-28.320312,25000000.000
24917,1979,-33.691406,25000000.000
24918,1971,-37.597656,25000000.000
24919,1971,-37.597656,25000000.000
24920,1963,-41.503906,25000000.000
24921,1961,-42.480469,25000000.000
24922,1961,-42.480469,25000000.000
24923,1961,-42.480469,25000000.000
24924,1968,-39.062500,25000000.000
24925,1973,-36.621094,25000000.000
24926,1982,-32.226562,25000000.000
24927,1983,-31.738281,25000000.000
24928,2001,-22.949219,25000000.000
24929,2012,-17.578125,25000000.000
24930,2025,-11.230469,25000000.000
24931,2026,-10.742188,25000000.000
24932,2050,0.976562,25000000.000
24933,2063,7.324219,25000000.000
24934,2075,13.183594,25000000.000
24935,2076,13.671875,25000000.000
24936,2098,24.414062,25000000.000
24937,2107,28.808594,25000000.000
24938,2116,33.203125,25000000.000
24939,2115,32.714844,25000000.000
24940,2125,37.597656,25000000.000
24941,2128,39.062500,25000000.000
24942,2128,39.062500,25000000.000
24943,2129,39.550781,25000000.000
24944,2125,37.597656,25000000.000
24945,2122,36.132812,25000000.000
24946,2115,32.714844,25000000.000
24947,2114,32.226562,25000000.000
24948,2099,24.902344,25000000.000
24949,2087,19.042969,25000000.000
24950,2076,13.671875,25000000.000
24951,2075,13.183594,25000000.000
24952,2051,1.464844,25000000.000
24953,2037,-5.371094,25000000.000
24954,2023,-12.207031,25000000.000
24955,2021,-13.183594,25000000.000
24956,1997,-24.902344,25000000.000
24957,1986,-30.273438,25000000.000
24958,1976,-35.156250,25000000.000
24959,1976,-35.156250,25000000.000
24960,1963,-41.503906,25000000.000
24961,1960,-42.968750,25000000.000
24962,1960,-42.968750,25000000.000
24963,1959,-43.457031,25000000.000
24964,1963,-41.503906,25000000.000
24965,1968,-39.062500,25000000.000
24966,1974,-36.132812,25000000.000
24967,1976,-35.156250,25000000.000
24968,1991,-27.832031,25000000.000
24969,2003,-21.972656,25000000.000
24970,2015,-16.113281,25000000.000
24971,2016,-15.625000,25000000.000
24972,2039,-4.394531,25000000.000
24973,2052,1.953125,25000000.000
24974,2065,8.300781,25000000.000
24975,2067,9.277344,25000000.000
24976,2089,20.019531,25000000.000
24977,2100,25.390625,25000000.000
24978,2108,29.296875,25000000.000
24979,2109,29.785156,25000000.000
24980,2122,36.132812,25000000.000
24981,2126,38.085938,25000000.000
24982,2128,39.062500,25000000.000
24983,2129,39.550781,25000000.000
24984,2127,38.574219,25000000.000
24985,2125,37.597656,25000000.000
24986,2120,35.156250,25000000.000
24987,2119,34.667969,25000000.000
24988,2106,28.320312,25000000.000
24989,2097,23.925781,25000000.000
24990,2085,18.066406,25000000.000
24991,2085,18.066406,25000000.000
24992,2062,6.835938,25000000.000
24993,2048,0.000000,25000000.000
24994,2034,-6.835938,25000000.000
24995,2033,-7.324219,25000000.000
24996,2008,-19.531250,25000000.000
24997,1994,-26.367188,25000000.000
24998,1984,-31.250000,25000000.000
24999,1984,-31.250000,25000000.000
25000,1968,-39.062500,25000000.000
25001,1962,-41.992188,25000000.000
25002,1960,-42.968750,25000000.000
25003,1960,-42.968750,25000000.000
25004,1961,-42.480469,25000000.000
25005,1963,-41.503906,25000000.000
25006,1970,-38.085938,25000000.000
25007,1970,-38.085938,25000000.000
25008,1985,-30.761719,25000000.000
25009,1995,-25.878906,25000000.000
25010,2005,-20.996094,25000000.000
25011,2006,-20.507812,25000000.000
25012,2028,-9.765625,25000000.000
25013,2042,-2.929688,25000000.000
25014,2053,2.441406,25000000.000
25015,2054,2.929688,25000000.000
25016,2078,14.648438,25000000.000
25017,2088,19.531250,25000000.000
25018,2099,24.902344,25000000.000
25019,2100,25.390625,25000000.000
25020,2114,32.226562,25000000.000
25021,2121,35.644531,25000000.000
25022,2125,37.597656,25000000.000
25023,2125,37.597656,25000000.000
25024,2126,38.085938,25000000.000
25025,2126,38.085938,25000000.000
25026,2123,36.621094,25000000.000
25027,2123,36.621094,25000000.000
25028,2113,31.738281,25000000.000
25029,2104,27.343750,25000000.000
25030,2096,23.437500,25000000.000
25031,2095,22.949219,25000000.000
25032,2074,12.695312,25000000.000
25033,2060,5.859375,25000000.000
25034,2046,-0.976562,25000000.000
25035,2045,-1.464844,25000000.000
25036,2018,-14.648438,25000000.000
25037,2006,-20.507812,25000000.000
25038,1993,-26.855469,25000000.000
25039,1993,-26.855469,25000000.000
25040,1974,-36.132812,25000000.000
25041,1969,-38.574219,25000000.000
25042,1963,-41.503906,25000000.000
25043,1962,-41.992188,25000000.000
25044,1959,-43.457031,25000000.000
25045,1961,-42.480469,25000000.000
25046,1966,-40.039062,25000000.000
25047,1966,-40.039062,25000000.000
25048,1976,-35.156250,25000000.000
25049,1984,-31.250000,25000000.000
25050,1996,-25.390625,25000000.000
25051,1997,-24.902344,25000000.000
25052,2017,-15.136719,25000000.000
25053,2030,-8.789062,25000000.000
25054,2043,-2.441406,25000000.000
25055,2044,-1.953125,25000000.000
25056,2067,9.277344,25000000.000
25057,2079,15.136719,25000000.000
25058,2092,21.484375,25000000.000
25059,2092,21.484375,25000000.000
25060,2109,29.785156,25000000.000
25061,2117,33.691406,25000000.000
25062,2122,36.132812,25000000.000
25063,2123,36.621094,25000000.000
25064,2128,39.062500,25000000.000
25065,2129,39.550781,25000000.000
25066,2127,38.574219,25000000.000
25067,2126,38.085938,25000000.000
25068,2119,34.667969,25000000.000
25069,2111,30.761719,25000000.000
25070,2104,27.343750,25000000.000
25071,2103,26.855469,25000000.000
25072,2082,16.601562,25000000.000
25073,2071,11.230469,25000000.000
25074,2058,4.882812,25000000.000
25075,2056,3.906250,25000000.000
25076,2031,-8.300781,25000000.000
25077,2017,-15.136719,25000000.000
25078,2004,-21.484375,25000000.000
25079,2003,-21.972656,25000000.000
25080,1982,-32.226562,25000000.000
25081,1973,-36.621094,25000000.000
25082,1967,-39.550781,25000000.000
25083,1966,-40.039062,25000000.000
25084,1960,-42.968750,25000000.000
25085,1960,-42.968750,25000000.000
25086,1962,-41.992188,25000000.000
25087,1963,-41.503906,25000000.000
25088,1972,-37.109375,25000000.000
25089,1978,-34.179688,25000000.000
25090,1987,-29.785156,25000000.000
25091,1989,-28.808594,25000000.000
25092,2008,-19.531250,25000000.000
25093,2021,-13.183594,25000000.000
25094,2033,-7.324219,25000000.000
25095,2034,-6.835938,25000000.000
25096,2058,4.882812,25000000.000
25097,2072,11.718750,25000000.000
25098,2083,17.089844,25000000.000
25099,2084,17.578125,25000000.000
25100,2103,26.855469,25000000.000
25101,2112,31.250000,25000000.000
25102,2118,34.179688,25000000.000
25103,2119,34.667969,25000000.000
25104,2128,39.062500,25000000.000
25105,2129,39.550781,25000000.000
25106,2128,39.062500,25000000.000
25107,2129,39.550781,25000000.000
25108,2124,37.109375,25000000.000
25109,2118,34.179688,25000000.000
25110,2110,30.273438,25000000.000
25111,2111,30.761719,25000000.000
25112,2093,21.972656,25000000.000
25113,2082,16.601562,25000000.000
25114,2069,10.253906,25000000.000
25115,2068,9.765625,25000000.000
25116,2042,-2.929688,25000000.000
25117,2029,-9.277344,25000000.000
25118,2015,-16.113281,25000000.000
25119,2014,-16.601562,25000000.000
25120,1990,-28.320312,25000000.000
25121,1980,-33.203125,25000000.000
25122,1971,-37.597656,25000000.000
25123,1971,-37.597656,25000000.000
25124,1961,-42.480469,25000000.000
25125,1959,-43.457031,25000000.000
25126,1959,-43.457031,25000000.000
25127,1959,-43.457031,25000000.000
25128,1967,-39.550781,25000000.000
25129,1972,-37.109375,25000000.000
25130,1980,-33.203125,25000000.000
25131,1980,-33.203125,25000000.000
25132,1999,-23.925781,25000000.000
25133,2011,-18.066406,25000000.000
25134,2022,-12.695312,25000000.000
25135,2023,-12.207031,25000000.000
25136,2049,0.488281,25000000.000
25137,2061,6.347656,25000000.000
25138,2074,12.695312,25000000.000
25139,2075,13.183594,25000000.000
25140,2096,23.437500,25000000.000
25141,2105,27.832031,25000000.000
25142,2114,32.226562,25000000.000
25143,2115,32.714844,25000000.000
25144,2126,38.085938,25000000.000
25145,2127,38.574219,25000000.000
25146,2128,39.062500,25000000.000
25147,2129,39.550781,25000000.000
25148,2126,38.085938,25000000.000
25149,2122,36.132812,25000000.000
25150,2118,34.179688,25000000.000
25151,2116,33.203125,25000000.000
25152,2101,25.878906,25000000.000
25153,2091,20.996094,25000000.000
25154,2080,15.625000,25000000.000
25155,2078,14.648438,25000000.000
25156,2054,2.929688,25000000.000
25157,2040,-3.906250,25000000.000
25158,2026,-10.742188,25000000.000
25159,2026,-10.742188,25000000.000
25160,2000,-23.437500,25000000.000
25161,1989,-28.808594,25000000.000
25162,1980,-33.203125,25000000.000
25163,1978,-34.179688,25000000.000
25164,1966,-40.039062,25000000.000
25165,1962,-41.992188,25000000.000
25166,1960,-42.968750,25000000.000
25167,1961,-42.480469,25000000.000
25168,1963,-41.503906,25000000.000
25169,1967,-39.550781,25000000.000
25170,1973,-36.621094,25000000.000
25171,1973,-36.621094,25000000.000
25172,1989,-28.808594,25000000.000
25173,2000,-23.437500,25000000.000
25174,2011,-18.066406,25000000.000
25175,2013,-17.089844,25000000.000
25176,2035,-6.347656,25000000.000
25177,2050,0.976562,25000000.000
25178,2058,4.882812,25000000.000
25179,2063,7.324219,25000000.000
25180,2088,19.531250,25000000.000
25181,2096,23.437500,25000000.000
25182,2105,27.832031,25000000.000
25183,2106,28.320312,25000000.000
25184,2121,35.644531,25000000.000
25185,2124,37.109375,25000000.000
25186,2127,38.574219,25000000.000
25187,2127,38.574219,25000000.000
25188,2128,39.062500,25000000.000
25189,2126,38.085938,25000000.000
25190,2121,35.644531,25000000.000
25191,2120,35.156250,25000000.000
25192,2108,29.296875,25000000.000
25193,2099,24.902344,25000000.000
25194,2089,20.019531,25000000.000
25195,2087,19.042969,25000000.000
25196,2065,8.300781,25000000.000
25197,2052,1.953125,25000000.000
25198,2038,-4.882812,25000000.000
25199,2037,-5.371094,25000000.000
25200,2011,-18.066406,25000000.000
25201,1998,-24.414062,25000000.000
25202,1987,-29.785156,25000000.000
25203,1986,-30.273438,25000000.000
25204,1969,-38.574219,25000000.000
25205,1964,-41.015625,25000000.000
25206,1960,-42.968750,25000000.000
25207,1960,-42.968750,25000000.000
25208,1959,-43.457031,25000000.000
25209,1963,-41.503906,25000000.000
25210,1967,-39.550781,25000000.000
25211,1968,-39.062500,25000000.000
25212,1982,-32.226562,25000000.000
25213,1991,-27.832031,25000000.000
25214,2001,-22.949219,25000000.000
25215,2002,-22.460938,25000000.000
25216,2025,-11.230469,25000000.000
25217,2038,-4.882812,25000000.000
25218,2050,0.976562,25000000.000
25219,2052,1.953125,25000000.000
25220,2076,13.671875,25000000.000
25221,2087,19.042969,25000000.000
25222,2098,24.414062,25000000.000
25223,2099,24.902344,25000000.000
25224,2115,32.714844,25000000.000
25225,2120,35.156250,25000000.000
25226,2125,37.597656,25000000.000
25227,2125,37.597656,25000000.000
25228,2128,39.062500,25000000.000
25229,2127,38.574219,25000000.000
25230,2125,37.597656,25000000.000
25231,2125,37.597656,25000000.000
25232,2115,32.714844,25000000.000
25233,2105,27.832031,25000000.000
25234,2099,24.902344,25000000.000
25235,2098,24.414062,25000000.000
25236,2075,13.183594,25000000.000
25237,2063,7.324219,25000000.000
25238,2049,0.488281,25000000.000
25239,2047,-0.488281,25000000.000
25240,2022,-12.695312,25000000.000
25241,2009,-19.042969,25000000.000
25242,1996,-25.390625,25000000.000
25243,1995,-25.878906,25000000.000
25244,1976,-35.156250,25000000.000
25245,1969,-38.574219,25000000.000
25246,1963,-41.503906,25000000.000
25247,1962,-41.992188,25000000.000
25248,1959,-43.457031,25000000.000
25249,1960,-42.968750,25000000.000
25250,1963,-41.503906,25000000.000
25251,1964,-41.015625,25000000.000
25252,1975,-35.644531,25000000.000
25253,1983,-31.738281,25000000.000
25254,1993,-26.855469,25000000.000
25255,1992,-27.343750,25000000.000
25256,2016,-15.625000,25000000.000
25257,2027,-10.253906,25000000.000
25258,2040,-3.906250,25000000.000
25259,2040,-3.906250,25000000.000
25260,2065,8.300781,25000000.000
25261,2077,14.160156,25000000.000
25262,2088,19.531250,25000000.000
25263,2091,20.996094,25000000.000
25264,2108,29.296875,25000000.000
25265,2114,32.226562,25000000.000
25266,2122,36.132812,25000000.000
25267,2121,35.644531,25000000.000
25268,2127,38.574219,25000000.000
25269,2128,39.062500,25000000.000
25270,2126,38.085938,25000000.000
25271,2126,38.085938,25000000.000
25272,2119,34.667969,25000000.000
25273,2113,31.738281,25000000.000
25274,2106,28.320312,25000000.000
25275,2105,27.832031,25000000.000
25276,2086,18.554688,25000000.000
25277,2075,13.183594,25000000.000
25278,2061,6.347656,25000000.000
25279,2060,5.859375,25000000.000
25280,2035,-6.347656,25000000.000
25281,2020,-13.671875,25000000.000
25282,2008,-19.531250,25000000.000
25283,2006,-20.507812,25000000.000
25284,1984,-31.250000,25000000.000
25285,1976,-35.156250,25000000.000
25286,1969,-38.574219,25000000.000
25287,1968,-39.062500,25000000.000
25288,1961,-42.480469,25000000.000
25289,1960,-42.968750,25000000.000
25290,1962,-41.992188,25000000.000
25291,1962,-41.992188,25000000.000
25292,1970,-38.085938,25000000.000
25293,1976,-35.156250,25000000.000
25294,1986,-30.273438,25000000.000
25295,1986,-30.273438,25000000.000
25296,2005,-20.996094,25000000.000
25297,2018,-14.648438,25000000.000
25298,2029,-9.277344,25000000.000
25299,2031,-8.300781,25000000.000
25300,2055,3.417969,25000000.000
25301,2068,9.765625,25000000.000
25302,2081,16.113281,25000000.000
25303,2081,16.113281,25000000.000
25304,2101,25.878906,25000000.000
25305,2109,29.785156,25000000.000
25306,2118,34.179688,25000000.000
25307,2118,34.179688,25000000.000
25308,2126,38.085938,25000000.000
25309,2129,39.550781,25000000.000
25310,2128,39.062500,25000000.000
25311,2129,39.550781,25000000.000
25312,2125,37.597656,25000000.000
25313,2119,34.667969,25000000.000
25314,2113,31.738281,25000000.000
25315,2112,31.250000,25000000.000
25316,2095,22.949219,25000000.000
25317,2084,17.578125,25000000.000
25318,2073,12.207031,25000000.000
25319,2071,11.230469,25000000.000
25320,2046,-0.976562,25000000.000
25321,2033,-7.324219,25000000.000
25322,2019,-14.160156,25000000.000
25323,2018,-14.648438,25000000.000
25324,1994,-26.367188,25000000.000
25325,1983,-31.738281,25000000.000
25326,1975,-35.644531,25000000.000
25327,1974,-36.132812,25000000.000
25328,1963,-41.503906,25000000.000
25329,1960,-42.968750,25000000.000
25330,1960,-42.968750,25000000.000
25331,1961,-42.480469,25000000.000
25332,1966,-40.039062,25000000.000
25333,1971,-37.597656,25000000.000
25334,1978,-34.179688,25000000.000
25335,1978,-34.179688,25000000.000
25336,1996,-25.390625,25000000.000
25337,2008,-19.531250,25000000.000
25338,2020,-13.671875,25000000.000
25339,2020,-13.671875,25000000.000
25340,2044,-1.953125,25000000.000
25341,2057,4.394531,25000000.000
25342,2070,10.742188,25000000.000
25343,2071,11.230469,25000000.000
25344,2092,21.484375,25000000.000
25345,2102,26.367188,25000000.000
25346,2110,30.273438,25000000.000
25347,2112,31.250000,25000000.000
25348,2123,36.621094,25000000.000
25349,2126,38.085938,25000000.000
25350,2129,39.550781,25000000.000
25351,2129,39.550781,25000000.000
25352,2127,38.574219,25000000.000
25353,2123,36.621094,25000000.000
25354,2118,34.179688,25000000.000
25355,2118,34.179688,25000000.000
25356,2103,26.855469,25000000.000
25357,2094,22.460938,25000000.000
25358,2082,16.601562,25000000.000
25359,2081,16.113281,25000000.000
25360,2057,4.394531,25000000.000
25361,2043,-2.441406,25000000.000
25362,2030,-8.789062,25000000.000
25363,2028,-9.765625,25000000.000
25364,2003,-21.972656,25000000.000
25365,1992,-27.343750,25000000.000
25366,1982,-32.226562,25000000.000
25367,1980,-33.203125,25000000.000
25368,1967,-39.550781,25000000.000
25369,1962,-41.992188,25000000.000
25370,1960,-42.968750,25000000.000
25371,1960,-42.968750,25000000.000
25372,1961,-42.480469,25000000.000
25373,1965,-40.527344,25000000.000
25374,1971,-37.597656,25000000.000
25375,1972,-37.109375,25000000.000
25376,1987,-29.785156,25000000.000
25377,1997,-24.902344,25000000.000
25378,2009,-19.042969,25000000.000
25379,2009,-19.042969,25000000.000
25380,2032,-7.812500,25000000.000
25381,2047,-0.488281,25000000.000
25382,2058,4.882812,25000000.000
25383,2060,5.859375,25000000.000
25384,2083,17.089844,25000000.000
25385,2094,22.460938,25000000.000
25386,2102,26.367188,25000000.000
25387,2104,27.343750,25000000.000
25388,2119,34.667969,25000000.000
25389,2122,36.132812,25000000.000
25390,2126,38.085938,25000000.000
25391,2126,38.085938,25000000.000
25392,2128,39.062500,25000000.000
25393,2125,37.597656,25000000.000
25394,2122,36.132812,25000000.000
25395,2122,36.132812,25000000.000
25396,2111,30.761719,25000000.000
25397,2100,25.390625,25000000.000
25398,2093,21.972656,25000000.000
25399,2090,20.507812,25000000.000
25400,2067,9.277344,25000000.000
25401,2055,3.417969,25000000.000
25402,2041,-3.417969,25000000.000
25403,2038,-4.882812,25000000.000
25404,2015,-16.113281,25000000.000
25405,2001,-22.949219,25000000.000
25406,1990,-28.320312,25000000.000
25407,1989,-28.808594,25000000.000
25408,1972,-37.109375,25000000.000
25409,1965,-40.527344,25000000.000
25410,1961,-42.480469,25000000.000
25411,1960,-42.968750,25000000.000
25412,1959,-43.457031,25000000.000
25413,1962,-41.992188,25000000.000
25414,1966,-40.039062,25000000.000
25415,1966,-40.039062,25000000.000
25416,1980,-33.203125,25000000.000
25417,1989,-28.808594,25000000.000
25418,1999,-23.925781,25000000.000
25419,1999,-23.925781,25000000.000
25420,2022,-12.695312,25000000.000
25421,2034,-6.835938,25000000.000
25422,2048,0.000000,25000000.000
25423,2049,0.488281,25000000.000
25424,2072,11.718750,25000000.000
25425,2084,17.578125,25000000.000
25426,2095,22.949219,25000000.000
25427,2097,23.925781,25000000.000
25428,2112,31.250000,25000000.000
25429,2119,34.667969,25000000.000
25430,2124,37.109375,25000000.000
25431,2125,37.597656,25000000.000
25432,2128,39.062500,25000000.000
25433,2128,39.062500,25000000.000
25434,2125,37.597656,25000000.000
25435,2125,37.597656,25000000.000
25436,2115,32.714844,25000000.000
25437,2109,29.785156,25000000.000
25438,2100,25.390625,25000000.000
25439,2098,24.414062,25000000.000
25440,2078,14.648438,25000000.000
25441,2066,8.789062,25000000.000
25442,2053,2.441406,25000000.000
25443,2051,1.464844,25000000.000
25444,2026,-10.742188,25000000.000
25445,2013,-17.089844,25000000.000
25446,1998,-24.414062,25000000.000
25447,1998,-24.414062,25000000.000
25448,1979,-33.691406,25000000.000
25449,1971,-37.597656,25000000.000
25450,1964,-41.015625,25000000.000
25451,1964,-41.015625,25000000.000
25452,1959,-43.457031,25000000.000
25453,1959,-43.457031,25000000.000
25454,1962,-41.992188,25000000.000
25455,1963,-41.503906,25000000.000
25456,1974,-36.132812,25000000.000
25457,1982,-32.226562,25000000.000
25458,1991,-27.832031,25000000.000
25459,1991,-27.832031,25000000.000
25460,2013,-17.089844,25000000.000
25461,2025,-11.230469,25000000.000
25462,2038,-4.882812,25000000.000
25463,2038,-4.882812,25000000.000
25464,2062,6.835938,25000000.000
25465,2075,13.183594,25000000.000
25466,2086,18.554688,25000000.000
25467,2088,19.531250,25000000.000
25468,2106,28.320312,25000000.000
25469,2115,32.714844,25000000.000
25470,2121,35.644531,25000000.000
25471,2121,35.644531,25000000.000
25472,2128,39.062500,25000000.000
25473,2129,39.550781,25000000.000
25474,2128,39.062500,25000000.000
25475,2127,38.574219,25000000.000
25476,2122,36.132812,25000000.000
25477,2115,32.714844,25000000.000
25478,2107,28.808594,25000000.000
25479,2107,28.808594,25000000.000
25480,2088,19.531250,25000000.000
25481,2076,13.671875,25000000.000
25482,2064,7.812500,25000000.000
25483,2062,6.835938,25000000.000
25484,2037,-5.371094,25000000.000
25485,2024,-11.718750,25000000.000
25486,2011,-18.066406,25000000.000
25487,2009,-19.042969,25000000.000
25488,1987,-29.785156,25000000.000
25489,1977,-34.667969,25000000.000
25490,1970,-38.085938,25000000.000
25491,1970,-38.085938,25000000.000
25492,1961,-42.480469,25000000.000
25493,1960,-42.968750,25000000.000
25494,1962,-41.992188,25000000.000
25495,1961,-42.480469,25000000.000
25496,1969,-38.574219,25000000.000
25497,1976,-35.156250,25000000.000
25498,1984,-31.250000,25000000.000
25499,1985,-30.761719,25000000.000
25500,2003,-21.972656,25000000.000
25501,2015,-16.113281,25000000.000
25502,2026,-10.742188,25000000.000
25503,2028,-9.765625,25000000.000
25504,2052,1.953125,25000000.000
25505,2065,8.300781,25000000.000
25506,2077,14.160156,25000000.000
25507,2079,15.136719,25000000.000
25508,2099,24.902344,25000000.000
25509,2109,29.785156,25000000.000
25510,2116,33.203125,25000000.000
25511,2117,33.691406,25000000.000
25512,2126,38.085938,25000000.000
25513,2128,39.062500,25000000.000
25514,2129,39.550781,25000000.000
25515,2129,39.550781,25000000.000
25516,2126,38.085938,25000000.000
25517,2121,35.644531,25000000.000
25518,2113,31.738281,25000000.000
25519,2113,31.738281,25000000.000
25520,2099,24.902344,25000000.000
25521,2087,19.042969,25000000.000
25522,2077,14.160156,25000000.000
25523,2075,13.183594,25000000.000
25524,2049,0.488281,25000000.000
25525,2036,-5.859375,25000000.000
25526,2019,-14.160156,25000000.000
25527,2024,-11.718750,25000000.000
25528,2001,-22.949219,25000000.000
25529,1988,-29.296875,25000000.000
25530,1976,-35.156250,25000000.000
25531,1976,-35.156250,25000000.000
25532,1964,-41.015625,25000000.000
25533,1961,-42.480469,25000000.000
25534,1960,-42.968750,25000000.000
25535,1960,-42.968750,25000000.000
25536,1965,-40.527344,25000000.000
25537,1969,-38.574219,25000000.000
25538,1977,-34.667969,25000000.000
25539,1976,-35.156250,25000000.000
25540,1994,-26.367188,25000000.000
25541,2004,-21.484375,25000000.000
25542,2015,-16.113281,25000000.000
25543,2018,-14.648438,25000000.000
25544,2042,-2.929688,25000000.000
25545,2055,3.417969,25000000.000
25546,2066,8.789062,25000000.000
25547,2068,9.765625,25000000.000
25548,2090,20.507812,25000000.000
25549,2100,25.390625,25000000.000
25550,2109,29.785156,25000000.000
25551,2111,30.761719,25000000.000
25552,2121,35.644531,25000000.000
25553,2126,38.085938,25000000.000
25554,2128,39.062500,25000000.000
25555,2128,39.062500,25000000.000
25556,2127,38.574219,25000000.000
25557,2124,37.109375,25000000.000
25558,2119,34.667969,25000000.000
25559,2118,34.179688,25000000.000
25560,2104,27.343750,25000000.000
25561,2096,23.437500,25000000.000
25562,2085,18.066406,25000000.000
25563,2084,17.578125,25000000.000
25564,2060,5.859375,25000000.000
25565,2047,-0.488281,25000000.000
25566,2034,-6.835938,25000000.000
25567,2032,-7.812500,25000000.000
25568,2006,-20.507812,25000000.000
25569,1995,-25.878906,25000000.000
25570,1982,-32.226562,25000000.000
25571,1982,-32.226562,25000000.000
25572,1968,-39.062500,25000000.000
25573,1963,-41.503906,25000000.000
25574,1960,-42.968750,25000000.000
25575,1960,-42.968750,25000000.000
25576,1960,-42.968750,25000000.000
25577,1964,-41.015625,25000000.000
25578,1969,-38.574219,25000000.000
25579,1970,-38.085938,25000000.000
25580,1984,-31.250000,25000000.000
25581,1994,-26.367188,25000000.000
25582,2006,-20.507812,25000000.000
25583,2006,-20.507812,25000000.000
25584,2028,-9.765625,25000000.000
25585,2042,-2.929688,25000000.000
25586,2055,3.417969,25000000.000
25587,2057,4.394531,25000000.000
25588,2080,15.625000,25000000.000
25589,2091,20.996094,25000000.000
25590,2100,25.390625,25000000.000
25591,2102,26.367188,25000000.000
25592,2117,33.691406,25000000.000
25593,2122,36.132812,25000000.000
25594,2126,38.085938,25000000.000
25595,2126,38.085938,25000000.000
25596,2128,39.062500,25000000.000
25597,2127,38.574219,25000000.000
25598,2123,36.621094,25000000.000
25599,2121,35.644531,25000000.000
25600,2113,31.738281,25000000.000
25601,2104,27.343750,25000000.000
25602,2094,22.460938,25000000.000
25603,2093,21.972656,25000000.000
25604,2072,11.718750,25000000.000
25605,2059,5.371094,25000000.000
25606,2045,-1.464844,25000000.000
25607,2043,-2.441406,25000000.000
25608,2018,-14.648438,25000000.000
25609,2004,-21.484375,25000000.000
25610,1993,-26.855469,25000000.000
25611,1991,-27.832031,25000000.000
25612,1973,-36.621094,25000000.000
25613,1967,-39.550781,25000000.000
25614,1962,-41.992188,25000000.000
25615,1961,-42.480469,25000000.000
25616,1960,-42.968750,25000000.000
25617,1961,-42.480469,25000000.000
25618,1965,-40.527344,25000000.000
25619,1965,-40.527344,25000000.000
25620,1979,-33.691406,25000000.000
25621,1987,-29.785156,25000000.000
25622,1996,-25.390625,25000000.000
25623,1996,-25.390625,25000000.000
25624,2019,-14.160156,25000000.000
25625,2031,-8.300781,25000000.000
25626,2045,-1.464844,25000000.000
25627,2046,-0.976562,25000000.000
25628,2069,10.253906,25000000.000
25629,2082,16.601562,25000000.000
25630,2093,21.972656,25000000.000
25631,2094,22.460938,25000000.000
25632,2111,30.761719,25000000.000
25633,2118,34.179688,25000000.000
25634,2122,36.132812,25000000.000
25635,2123,36.621094,25000000.000
25636,2128,39.062500,25000000.000
25637,2128,39.062500,25000000.000
25638,2126,38.085938,25000000.000
25639,2126,38.085938,25000000.000
25640,2118,34.179688,25000000.000
25641,2113,31.738281,25000000.000
25642,2103,26.855469,25000000.000
25643,2102,26.367188,25000000.000
25644,2081,16.113281,25000000.000
25645,2071,11.230469,25000000.000
25646,2057,4.394531,25000000.000
25647,2055,3.417969,25000000.000
25648,2028,-9.765625,25000000.000
25649,2015,-16.113281,25000000.000
25650,2003,-21.972656,25000000.000
25651,2002,-22.460938,25000000.000
25652,1981,-32.714844,25000000.000
25653,1973,-36.621094,25000000.000
25654,1966,-40.039062,25000000.000
25655,1966,-40.039062,25000000.000
25656,1960,-42.968750,25000000.000
25657,1961,-42.480469,25000000.000
25658,1962,-41.992188,25000000.000
25659,1962,-41.992188,25000000.000
25660,1972,-37.109375,25000000.000
25661,1979,-33.691406,25000000.000
25662,1989,-28.808594,25000000.000
25663,1990,-28.320312,25000000.000
25664,2009,-19.042969,25000000.000
25665,2021,-13.183594,25000000.000
25666,2035,-6.347656,25000000.000
25667,2036,-5.859375,25000000.000
25668,2060,5.859375,25000000.000
25669,2072,11.718750,25000000.000
25670,2084,17.578125,25000000.000
25671,2084,17.578125,25000000.000
25672,2105,27.832031,25000000.000
25673,2113,31.738281,25000000.000
25674,2120,35.156250,25000000.000
25675,2120,35.156250,25000000.000
25676,2127,38.574219,25000000.000
25677,2130,40.039062,25000000.000
25678,2129,39.550781,25000000.000
25679,2129,39.550781,25000000.000
25680,2122,36.132812,25000000.000
25681,2118,34.179688,25000000.000
25682,2111,30.761719,25000000.000
25683,2111,30.761719,25000000.000
25684,2092,21.484375,25000000.000
25685,2081,16.113281,25000000.000
25686,2067,9.277344,25000000.000
25687,2067,9.277344,25000000.000
25688,2041,-3.417969,25000000.000
25689,2027,-10.253906,25000000.000
25690,2014,-16.601562,25000000.000
25691,2013,-17.089844,25000000.000
25692,1989,-28.808594,25000000.000
25693,1980,-33.203125,25000000.000
25694,1972,-37.109375,25000000.000
25695,1970,-38.085938,25000000.000
25696,1962,-41.992188,25000000.000
25697,1960,-42.968750,25000000.000
25698,1961,-42.480469,25000000.000
25699,1960,-42.968750,25000000.000
25700,1967,-39.550781,25000000.000
25701,1974,-36.132812,25000000.000
25702,1981,-32.714844,25000000.000
25703,1981,-32.714844,25000000.000
25704,2000,-23.437500,25000000.000
25705,2012,-17.578125,25000000.000
25706,2023,-12.207031,25000000.000
25707,2025,-11.230469,25000000.000
25708,2049,0.488281,25000000.000
25709,2062,6.835938,25000000.000
25710,2075,13.183594,25000000.000
25711,2075,13.183594,25000000.000
25712,2096,23.437500,25000000.000
25713,2106,28.320312,25000000.000
25714,2114,32.226562,25000000.000
25715,2115,32.714844,25000000.000
25716,2126,38.085938,25000000.000
25717,2127,38.574219,25000000.000
25718,2129,39.550781,25000000.000
25719,2129,39.550781,25000000.000
25720,2126,38.085938,25000000.000
25721,2121,35.644531,25000000.000
25722,2116,33.203125,25000000.000
25723,2115,32.714844,25000000.000
25724,2100,25.390625,25000000.000
25725,2090,20.507812,25000000.000
25726,2078,14.648438,25000000.000
25727,2077,14.160156,25000000.000
25728,2052,1.953125,25000000.000
25729,2038,-4.882812,25000000.000
25730,2025,-11.230469,25000000.000
25731,2023,-12.207031,25000000.000
25732,1999,-23.925781,25000000.000
25733,1988,-29.296875,25000000.000
25734,1978,-34.179688,25000000.000
25735,1977,-34.667969,25000000.000
25736,1965,-40.527344,25000000.000
25737,1961,-42.480469,25000000.000
25738,1960,-42.968750,25000000.000
25739,1959,-43.457031,25000000.000
25740,1963,-41.503906,25000000.000
25741,1969,-38.574219,25000000.000
25742,1974,-36.132812,25000000.000
25743,1975,-35.644531,25000000.000
25744,1992,-27.343750,25000000.000
25745,2002,-22.460938,25000000.000
25746,2013,-17.089844,25000000.000
25747,2014,-16.601562,25000000.000
25748,2038,-4.882812,25000000.000
25749,2051,1.464844,25000000.000
25750,2064,7.812500,25000000.000
25751,2065,8.300781,25000000.000
25752,2088,19.531250,25000000.000
25753,2098,24.414062,25000000.000
25754,2107,28.808594,25000000.000
25755,2108,29.296875,25000000.000
25756,2121,35.644531,25000000.000
25757,2125,37.597656,25000000.000
25758,2128,39.062500,25000000.000
25759,2128,39.062500,25000000.000
25760,2128,39.062500,25000000.000
25761,2126,38.085938,25000000.000
25762,2122,36.132812,25000000.000
25763,2121,35.644531,25000000.000
25764,2107,28.808594,25000000.000
25765,2099,24.902344,25000000.000
25766,2088,19.531250,25000000.000
25767,2087,19.042969,25000000.000
25768,2064,7.812500,25000000.000
25769,2050,0.976562,25000000.000
25770,2036,-5.859375,25000000.000
25771,2035,-6.347656,25000000.000
25772,2010,-18.554688,25000000.000
25773,1996,-25.390625,25000000.000
25774,1987,-29.785156,25000000.000
25775,1984,-31.250000,25000000.000
25776,1968,-39.062500,25000000.000
25777,1963,-41.503906,25000000.000
25778,1959,-43.457031,25000000.000
25779,1960,-42.968750,25000000.000
25780,1959,-43.457031,25000000.000
25781,1962,-41.992188,25000000.000
25782,1968,-39.062500,25000000.000
25783,1968,-39.062500,25000000.000
25784,1982,-32.226562,25000000.000
25785,1992,-27.343750,25000000.000
25786,2002,-22.460938,25000000.000
25787,2003,-21.972656,25000000.000
25788,2027,-10.253906,25000000.000
25789,2039,-4.394531,25000000.000
25790,2052,1.953125,25000000.000
25791,2054,2.929688,25000000.000
25792,2077,14.160156,25000000.000
25793,2089,20.019531,25000000.000
25794,2099,24.902344,25000000.000
25795,2100,25.390625,25000000.000
25796,2116,33.203125,25000000.000
25797,2121,35.644531,25000000.000
25798,2124,37.109375,25000000.000
25799,2125,37.597656,25000000.000
25800,2129,39.550781,25000000.000
25801,2127,38.574219,25000000.000
25802,2124,37.109375,25000000.000
25803,2123,36.621094,25000000.000
25804,2113,31.738281,25000000.000
25805,2106,28.320312,25000000.000
25806,2097,23.925781,25000000.000
25807,2095,22.949219,25000000.000
25808,2075,13.183594,25000000.000
25809,2062,6.835938,25000000.000
25810,2048,0.000000,25000000.000
25811,2046,-0.976562,25000000.000
25812,2020,-13.671875,25000000.000
25813,2007,-20.019531,25000000.000
25814,1994,-26.367188,25000000.000
25815,1993,-26.855469,25000000.000
25816,1975,-35.644531,25000000.000
25817,1968,-39.062500,25000000.000
25818,1963,-41.503906,25000000.000
25819,1962,-41.992188,25000000.000
25820,1959,-43.457031,25000000.000
25821,1959,-43.457031,25000000.000
25822,1964,-41.015625,25000000.000
25823,1964,-41.015625,25000000.000
25824,1975,-35.644531,25000000.000
25825,1984,-31.250000,25000000.000
25826,1993,-26.855469,25000000.000
25827,1994,-26.367188,25000000.000
25828,2016,-15.625000,25000000.000
25829,2028,-9.765625,25000000.000
25830,2041,-3.417969,25000000.000
25831,2042,-2.929688,25000000.000
25832,2067,9.277344,25000000.000
25833,2081,16.113281,25000000.000
25834,2090,20.507812,25000000.000
25835,2091,20.996094,25000000.000
25836,2109,29.785156,25000000.000
25837,2116,33.203125,25000000.000
25838,2122,36.132812,25000000.000
25839,2122,36.132812,25000000.000
25840,2128,39.062500,25000000.000
25841,2129,39.550781,25000000.000
25842,2127,38.574219,25000000.000
25843,2127,38.574219,25000000.000
25844,2120,35.156250,25000000.000
25845,2112,31.250000,25000000.000
25846,2105,27.832031,25000000.000
25847,2104,27.343750,25000000.000
25848,2084,17.578125,25000000.000
25849,2073,12.207031,25000000.000
25850,2060,5.859375,25000000.000
25851,2059,5.371094,25000000.000
25852,2033,-7.324219,25000000.000
25853,2019,-14.160156,25000000.000
25854,2006,-20.507812,25000000.000
25855,2004,-21.484375,25000000.000
25856,1984,-31.250000,25000000.000
25857,1975,-35.644531,25000000.000
25858,1968,-39.062500,25000000.000
25859,1967,-39.550781,25000000.000
25860,1960,-42.968750,25000000.000
25861,1959,-43.457031,25000000.000
25862,1962,-41.992188,25000000.000
25863,1962,-41.992188,25000000.000
25864,1970,-38.085938,25000000.000
25865,1979,-33.691406,25000000.000
25866,1988,-29.296875,25000000.000
25867,1986,-30.273438,25000000.000
25868,2007,-20.019531,25000000.000
25869,2018,-14.648438,25000000.000
25870,2030,-8.789062,25000000.000
25871,2033,-7.324219,25000000.000
25872,2057,4.394531,25000000.000
25873,2070,10.742188,25000000.000
25874,2081,16.113281,25000000.000
25875,2084,17.578125,25000000.000
25876,2106,28.320312,25000000.000
25877,2109,29.785156,25000000.000
25878,2118,34.179688,25000000.000
25879,2119,34.667969,25000000.000
25880,2127,38.574219,25000000.000
25881,2129,39.550781,25000000.000
25882,2129,39.550781,25000000.000
25883,2128,39.062500,25000000.000
25884,2123,36.621094,25000000.000
25885,2119,34.667969,25000000.000
25886,2112,31.250000,25000000.000
25887,2111,30.761719,25000000.000
25888,2094,22.460938,25000000.000
25889,2083,17.089844,25000000.000
25890,2070,10.742188,25000000.000
25891,2069,10.253906,25000000.000
25892,2045,-1.464844,25000000.000
25893,2030,-8.789062,25000000.000
25894,2016,-15.625000,25000000.000
25895,2015,-16.113281,25000000.000
25896,1992,-27.343750,25000000.000
25897,1982,-32.226562,25000000.000
25898,1973,-36.621094,25000000.000
25899,1972,-37.109375,25000000.000
25900,1962,-41.992188,25000000.000
25901,1959,-43.457031,25000000.000
25902,1960,-42.968750,25000000.000
25903,1960,-42.968750,25000000.000
25904,1965,-40.527344,25000000.000
25905,1970,-38.085938,25000000.000
25906,1978,-34.179688,25000000.000
25907,1978,-34.179688,25000000.000
25908,1998,-24.414062,25000000.000
25909,2008,-19.531250,25000000.000
25910,2020,-13.671875,25000000.000
25911,2022,-12.695312,25000000.000
25912,2046,-0.976562,25000000.000
25913,2059,5.371094,25000000.000
25914,2072,11.718750,25000000.000
25915,2073,12.207031,25000000.000
25916,2094,22.460938,25000000.000
25917,2105,27.832031,25000000.000
25918,2112,31.250000,25000000.000
25919,2113,31.738281,25000000.000
25920,2124,37.109375,25000000.000
25921,2128,39.062500,25000000.000
25922,2129,39.550781,25000000.000
25923,2129,39.550781,25000000.000
25924,2127,38.574219,25000000.000
25925,2123,36.621094,25000000.000
25926,2118,34.179688,25000000.000
25927,2118,34.179688,25000000.000
25928,2102,26.367188,25000000.000
25929,2092,21.484375,25000000.000
25930,2081,16.113281,25000000.000
25931,2080,15.625000,25000000.000
25932,2057,4.394531,25000000.000
25933,2043,-2.441406,25000000.000
25934,2028,-9.765625,25000000.000
25935,2027,-10.253906,25000000.000
25936,2002,-22.460938,25000000.000
25937,1990,-28.320312,25000000.000
25938,1981,-32.714844,25000000.000
25939,1981,-32.714844,25000000.000
25940,1966,-40.039062,25000000.000
25941,1963,-41.503906,25000000.000
25942,1959,-43.457031,25000000.000
25943,1960,-42.968750,25000000.000
25944,1962,-41.992188,25000000.000
25945,1966,-40.039062,25000000.000
25946,1973,-36.621094,25000000.000
25947,1973,-36.621094,25000000.000
25948,1989,-28.808594,25000000.000
25949,1999,-23.925781,25000000.000
25950,2010,-18.554688,25000000.000
25951,2012,-17.578125,25000000.000
25952,2034,-6.835938,25000000.000
25953,2048,0.000000,25000000.000
25954,2061,6.347656,25000000.000
25955,2062,6.835938,25000000.000
25956,2085,18.066406,25000000.000
25957,2096,23.437500,25000000.000
25958,2105,27.832031,25000000.000
25959,2106,28.320312,25000000.000
25960,2119,34.667969,25000000.000
25961,2124,37.109375,25000000.000
25962,2127,38.574219,25000000.000
25963,2128,39.062500,25000000.000
25964,2129,39.550781,25000000.000
25965,2126,38.085938,25000000.000
25966,2122,36.132812,25000000.000
25967,2121,35.644531,25000000.000
25968,2110,30.273438,25000000.000
25969,2100,25.390625,25000000.000
25970,2091,20.996094,25000000.000
25971,2089,20.019531,25000000.000
25972,2066,8.789062,25000000.000
25973,2052,1.953125,25000000.000
25974,2038,-4.882812,25000000.000
25975,2038,-4.882812,25000000.000
25976,2012,-17.578125,25000000.000
25977,1999,-23.925781,25000000.000
25978,1988,-29.296875,25000000.000
25979,1987,-29.785156,25000000.000
25980,1970,-38.085938,25000000.000
25981,1965,-40.527344,25000000.000
25982,1961,-42.480469,25000000.000
25983,1960,-42.968750,25000000.000
25984,1959,-43.457031,25000000.000
25985,1961,-42.480469,25000000.000
25986,1966,-40.039062,25000000.000
25987,1966,-40.039062,25000000.000
25988,1980,-33.203125,25000000.000
25989,1989,-28.808594,25000000.000
25990,2000,-23.437500,25000000.000
25991,2000,-23.437500,25000000.000
25992,2023,-12.207031,25000000.000
25993,2035,-6.347656,25000000.000
25994,2049,0.488281,25000000.000
25995,2050,0.976562,25000000.000
25996,2074,12.695312,25000000.000
25997,2084,17.578125,25000000.000
25998,2096,23.437500,25000000.000
25999,2097,23.925781,25000000.000
26000,2113,31.738281,25000000.000
26001,2119,34.667969,25000000.000
26002,2124,37.109375,25000000.000
26003,2124,37.109375,25000000.000
26004,2128,39.062500,25000000.000
26005,2128,39.062500,25000000.000
26006,2125,37.597656,25000000.000
26007,2125,37.597656,25000000.000
26008,2116,33.203125,25000000.000
26009,2108,29.296875,25000000.000
26010,2098,24.414062,25000000.000
26011,2098,24.414062,25000000.000
26012,2077,14.160156,25000000.000
26013,2065,8.300781,25000000.000
26014,2052,1.953125,25000000.000
26015,2049,0.488281,25000000.000
26016,2024,-11.718750,25000000.000
26017,2010,-18.554688,25000000.000
26018,1998,-24.414062,25000000.000
26019,1997,-24.902344,25000000.000
26020,1977,-34.667969,25000000.000
26021,1969,-38.574219,25000000.000
26022,1964,-41.015625,25000000.000
26023,1963,-41.503906,25000000.000
26024,1960,-42.968750,25000000.000
26025,1960,-42.968750,25000000.000
26026,1963,-41.503906,25000000.000
26027,1963,-41.503906,25000000.000
26028,1974,-36.132812,25000000.000
26029,1981,-32.714844,25000000.000
26030,1991,-27.832031,25000000.000
26031,1992,-27.343750,25000000.000
26032,2013,-17.089844,25000000.000
26033,2026,-10.742188,25000000.000
26034,2038,-4.882812,25000000.000
26035,2039,-4.394531,25000000.000
26036,2065,8.300781,25000000.000
26037,2075,13.183594,25000000.000
26038,2088,19.531250,25000000.000
26039,2088,19.531250,25000000.000
26040,2107,28.808594,25000000.000
26041,2115,32.714844,25000000.000
26042,2121,35.644531,25000000.000
26043,2122,36.132812,25000000.000
26044,2128,39.062500,25000000.000
26045,2129,39.550781,25000000.000
26046,2128,39.062500,25000000.000
26047,2127,38.574219,25000000.000
26048,2121,35.644531,25000000.000
26049,2115,32.714844,25000000.000
26050,2107,28.808594,25000000.000
26051,2106,28.320312,25000000.000
26052,2088,19.531250,25000000.000
26053,2075,13.183594,25000000.000
26054,2063,7.324219,25000000.000
26055,2062,6.835938,25000000.000
26056,2035,-6.347656,25000000.000
26057,2023,-12.207031,25000000.000
26058,2010,-18.554688,25000000.000
26059,2008,-19.531250,25000000.000
26060,1986,-30.273438,25000000.000
26061,1977,-34.667969,25000000.000
26062,1970,-38.085938,25000000.000
26063,1969,-38.574219,25000000.000
26064,1959,-43.457031,25000000.000
26065,1958,-43.945312,25000000.000
26066,1961,-42.480469,25000000.000
26067,1961,-42.480469,25000000.000
26068,1967,-39.550781,25000000.000
26069,1975,-35.644531,25000000.000
26070,1983,-31.738281,25000000.000
26071,1983,-31.738281,25000000.000
26072,2003,-21.972656,25000000.000
26073,2015,-16.113281,25000000.000
26074,2028,-9.765625,25000000.000
26075,2028,-9.765625,25000000.000
26076,2054,2.929688,25000000.000
26077,2066,8.789062,25000000.000
26078,2078,14.648438,25000000.000
26079,2079,15.136719,25000000.000
26080,2100,25.390625,25000000.000
26081,2108,29.296875,25000000.000
26082,2117,33.691406,25000000.000
26083,2117,33.691406,25000000.000
26084,2125,37.597656,25000000.000
26085,2128,39.062500,25000000.000
26086,2129,39.550781,25000000.000
26087,2129,39.550781,25000000.000
26088,2125,37.597656,25000000.000
26089,2120,35.156250,25000000.000
26090,2115,32.714844,25000000.000
26091,2113,31.738281,25000000.000
26092,2097,23.925781,25000000.000
26093,2087,19.042969,25000000.000
26094,2075,13.183594,25000000.000
26095,2073,12.207031,25000000.000
26096,2048,0.000000,25000000.000
26097,2035,-6.347656,25000000.000
26098,2020,-13.671875,25000000.000
26099,2019,-14.160156,25000000.000
26100,1995,-25.878906,25000000.000
26101,1984,-31.250000,25000000.000
26102,1976,-35.156250,25000000.000
26103,1974,-36.132812,25000000.000
26104,1963,-41.503906,25000000.000
26105,1960,-42.968750,25000000.000
26106,1959,-43.457031,25000000.000
26107,1959,-43.457031,25000000.000
26108,1964,-41.015625,25000000.000
26109,1970,-38.085938,25000000.000
26110,1975,-35.644531,25000000.000
26111,1978,-34.179688,25000000.000
26112,1995,-25.878906,25000000.000
26113,2005,-20.996094,25000000.000
26114,2017,-15.136719,25000000.000
26115,2018,-14.648438,25000000.000
26116,2042,-2.929688,25000000.000
26117,2056,3.906250,25000000.000
26118,2069,10.253906,25000000.000
26119,2069,10.253906,25000000.000
26120,2092,21.484375,25000000.000
26121,2102,26.367188,25000000.000
26122,2110,30.273438,25000000.000
26123,2110,30.273438,25000000.000
26124,2123,36.621094,25000000.000
26125,2126,38.085938,25000000.000
26126,2129,39.550781,25000000.000
26127,2129,39.550781,25000000.000
26128,2127,38.574219,25000000.000
26129,2125,37.597656,25000000.000
26130,2119,34.667969,25000000.000
26131,2119,34.667969,25000000.000
26132,2104,27.343750,25000000.000
26133,2095,22.949219,25000000.000
26134,2085,18.066406,25000000.000
26135,2082,16.601562,25000000.000
26136,2059,5.371094,25000000.000
26137,2046,-0.976562,25000000.000
26138,2031,-8.300781,25000000.000
26139,2031,-8.300781,25000000.000
26140,2006,-20.507812,25000000.000
26141,1993,-26.855469,25000000.000
26142,1983,-31.738281,25000000.000
26143,1982,-32.226562,25000000.000
26144,1968,-39.062500,25000000.000
26145,1963,-41.503906,25000000.000
26146,1962,-41.992188,25000000.000
26147,1960,-42.968750,25000000.000
26148,1962,-41.992188,25000000.000
26149,1964,-41.015625,25000000.000
26150,1971,-37.597656,25000000.000
26151,1971,-37.597656,25000000.000
26152,1986,-30.273438,25000000.000
26153,1996,-25.390625,25000000.000
26154,2008,-19.531250,25000000.000
26155,2008,-19.531250,25000000.000
26156,2031,-8.300781,25000000.000
26157,2044,-1.953125,25000000.000
26158,2056,3.906250,25000000.000
26159,2059,5.371094,25000000.000
26160,2081,16.113281,25000000.000
26161,2093,21.972656,25000000.000
26162,2102,26.367188,25000000.000
26163,2103,26.855469,25000000.000
26164,2117,33.691406,25000000.000
26165,2122,36.132812,25000000.000
26166,2126,38.085938,25000000.000
26167,2126,38.085938,25000000.000
26168,2128,39.062500,25000000.000
26169,2126,38.085938,25000000.000
26170,2123,36.621094,25000000.000
26171,2122,36.132812,25000000.000
26172,2110,30.273438,25000000.000
26173,2103,26.855469,25000000.000
26174,2093,21.972656,25000000.000
26175,2092,21.484375,25000000.000
26176,2070,10.742188,25000000.000
26177,2057,4.394531,25000000.000
26178,2043,-2.441406,25000000.000
26179,2042,-2.929688,25000000.000
26180,2017,-15.136719,25000000.000
26181,2003,-21.972656,25000000.000
26182,1991,-27.832031,25000000.000
26183,1990,-28.320312,25000000.000
26184,1972,-37.109375,25000000.000
26185,1966,-40.039062,25000000.000
26186,1962,-41.992188,25000000.000
26187,1962,-41.992188,25000000.000
26188,1959,-43.457031,25000000.000
26189,1961,-42.480469,25000000.000
26190,1965,-40.527344,25000000.000
26191,1965,-40.527344,25000000.000
26192,1978,-34.179688,25000000.000
26193,1987,-29.785156,25000000.000
26194,1996,-25.390625,25000000.000
26195,1997,-24.902344,25000000.000
26196,2021,-13.183594,25000000.000
26197,2033,-7.324219,25000000.000
26198,2046,-0.976562,25000000.000
26199,2047,-0.488281,25000000.000
26200,2071,11.230469,25000000.000
26201,2083,17.089844,25000000.000
26202,2094,22.460938,25000000.000
26203,2095,22.949219,25000000.000
26204,2112,31.250000,25000000.000
26205,2119,34.667969,25000000.000
26206,2123,36.621094,25000000.000
26207,2125,37.597656,25000000.000
26208,2129,39.550781,25000000.000
26209,2128,39.062500,25000000.000
26210,2126,38.085938,25000000.000
26211,2126,38.085938,25000000.000
26212,2118,34.179688,25000000.000
26213,2110,30.273438,25000000.000
26214,2101,25.878906,25000000.000
26215,2101,25.878906,25000000.000
26216,2081,16.113281,25000000.000
26217,2067,9.277344,25000000.000
26218,2054,2.929688,25000000.000
26219,2054,2.929688,25000000.000
26220,2028,-9.765625,25000000.000
26221,2014,-16.601562,25000000.000
26222,2001,-22.949219,25000000.000
26223,2000,-23.437500,25000000.000
26224,1978,-34.179688,25000000.000
26225,1967,-39.550781,25000000.000
26226,1966,-40.039062,25000000.000
26227,1964,-41.015625,25000000.000
26228,1959,-43.457031,25000000.000
26229,1959,-43.457031,25000000.000
26230,1961,-42.480469,25000000.000
26231,1962,-41.992188,25000000.000
26232,1972,-37.109375,25000000.000
26233,1980,-33.203125,25000000.000
26234,1989,-28.808594,25000000.000
26235,1989,-28.808594,25000000.000
26236,2010,-18.554688,25000000.000
26237,2022,-12.695312,25000000.000
26238,2035,-6.347656,25000000.000
26239,2037,-5.371094,25000000.000
26240,2061,6.347656,25000000.000
26241,2074,12.695312,25000000.000
26242,2086,18.554688,25000000.000
26243,2086,18.554688,25000000.000
26244,2106,28.320312,25000000.000
26245,2113,31.738281,25000000.000
26246,2120,35.156250,25000000.000
26247,2121,35.644531,25000000.000
26248,2129,39.550781,25000000.000
26249,2128,39.062500,25000000.000
26250,2128,39.062500,25000000.000
26251,2128,39.062500,25000000.000
26252,2122,36.132812,25000000.000
26253,2117,33.691406,25000000.000
26254,2109,29.785156,25000000.000
26255,2109,29.785156,25000000.000
26256,2091,20.996094,25000000.000
26257,2080,15.625000,25000000.000
26258,2067,9.277344,25000000.000
26259,2065,8.300781,25000000.000
26260,2038,-4.882812,25000000.000
26261,2025,-11.230469,25000000.000
26262,2012,-17.578125,25000000.000
26263,2011,-18.066406,25000000.000
26264,1989,-28.808594,25000000.000
26265,1979,-33.691406,25000000.000
26266,1970,-38.085938,25000000.000
26267,1970,-38.085938,25000000.000
26268,1960,-42.968750,25000000.000
26269,1960,-42.968750,25000000.000
26270,1961,-42.480469,25000000.000
26271,1960,-42.968750,25000000.000
26272,1967,-39.550781,25000000.000
26273,1974,-36.132812,25000000.000
26274,1982,-32.226562,25000000.000
26275,1982,-32.226562,25000000.000
26276,2001,-22.949219,25000000.000
26277,2012,-17.578125,25000000.000
26278,2024,-11.718750,25000000.000
26279,2025,-11.230469,25000000.000
26280,2050,0.976562,25000000.000
26281,2062,6.835938,25000000.000
26282,2075,13.183594,25000000.000
26283,2076,13.671875,25000000.000
26284,2097,23.925781,25000000.000
26285,2107,28.808594,25000000.000
26286,2115,32.714844,25000000.000
26287,2115,32.714844,25000000.000
26288,2126,38.085938,25000000.000
26289,2128,39.062500,25000000.000
26290,2129,39.550781,25000000.000
26291,2129,39.550781,25000000.000
26292,2126,38.085938,25000000.000
26293,2122,36.132812,25000000.000
26294,2116,33.203125,25000000.000
26295,2115,32.714844,25000000.000
26296,2101,25.878906,25000000.000
26297,2089,20.019531,25000000.000
26298,2078,14.648438,25000000.000
26299,2076,13.671875,25000000.000
26300,2050,0.976562,25000000.000
26301,2038,-4.882812,25000000.000
26302,2024,-11.718750,25000000.000
26303,2023,-12.207031,25000000.000
26304,1999,-23.925781,25000000.000
26305,1988,-29.296875,25000000.000
26306,1978,-34.179688,25000000.000
26307,1977,-34.667969,25000000.000
26308,1964,-41.015625,25000000.000
26309,1961,-42.480469,25000000.000
26310,1959,-43.457031,25000000.000
26311,1960,-42.968750,25000000.000
26312,1964,-41.015625,25000000.000
26313,1968,-39.062500,25000000.000
26314,1975,-35.644531,25000000.000
26315,1975,-35.644531,25000000.000
26316,1991,-27.832031,25000000.000
26317,2003,-21.972656,25000000.000
26318,2015,-16.113281,25000000.000
26319,2015,-16.113281,25000000.000
26320,2040,-3.906250,25000000.000
26321,2053,2.441406,25000000.000
26322,2066,8.789062,25000000.000
26323,2067,9.277344,25000000.000
26324,2088,19.531250,25000000.000
26325,2099,24.902344,25000000.000
26326,2109,29.785156,25000000.000
26327,2109,29.785156,25000000.000
26328,2122,36.132812,25000000.000
26329,2126,38.085938,25000000.000
26330,2128,39.062500,25000000.000
26331,2128,39.062500,25000000.000
26332,2128,39.062500,25000000.000
26333,2126,38.085938,25000000.000
26334,2120,35.156250,25000000.000
26335,2119,34.667969,25000000.000
26336,2106,28.320312,25000000.000
26337,2098,24.414062,25000000.000
26338,2087,19.042969,25000000.000
26339,2087,19.042969,25000000.000
26340,2063,7.324219,25000000.000
26341,2049,0.488281,25000000.000
26342,2035,-6.347656,25000000.000
26343,2035,-6.347656,25000000.000
26344,2008,-19.531250,25000000.000
26345,1997,-24.902344,25000000.000
26346,1986,-30.273438,25000000.000
26347,1984,-31.250000,25000000.000
26348,1969,-38.574219,25000000.000
26349,1964,-41.015625,25000000.000
26350,1960,-42.968750,25000000.000
26351,1958,-43.945312,25000000.000
26352,1960,-42.968750,25000000.000
26353,1964,-41.015625,25000000.000
26354,1968,-39.062500,25000000.000
26355,1968,-39.062500,25000000.000
26356,1983,-31.738281,25000000.000
26357,1992,-27.343750,25000000.000
26358,2003,-21.972656,25000000.000
26359,2004,-21.484375,25000000.000
26360,2026,-10.742188,25000000.000
26361,2040,-3.906250,25000000.000
26362,2052,1.953125,25000000.000
26363,2055,3.417969,25000000.000
26364,2078,14.648438,25000000.000
26365,2089,20.019531,25000000.000
26366,2100,25.390625,25000000.000
26367,2100,25.390625,25000000.000
26368,2115,32.714844,25000000.000
26369,2122,36.132812,25000000.000
26370,2126,38.085938,25000000.000
26371,2126,38.085938,25000000.000
26372,2128,39.062500,25000000.000
26373,2128,39.062500,25000000.000
26374,2124,37.109375,25000000.000
26375,2123,36.621094,25000000.000
26376,2114,32.226562,25000000.000
26377,2105,27.832031,25000000.000
26378,2096,23.437500,25000000.000
26379,2094,22.460938,25000000.000
26380,2073,12.207031,25000000.000
26381,2061,6.347656,25000000.000
26382,2047,-0.488281,25000000.000
26383,2044,-1.953125,25000000.000
26384,2019,-14.160156,25000000.000
26385,2007,-20.019531,25000000.000
26386,1994,-26.367188,25000000.000
26387,1993,-26.855469,25000000.000
26388,1974,-36.132812,25000000.000
26389,1968,-39.062500,25000000.000
26390,1963,-41.503906,25000000.000
26391,1963,-41.503906,25000000.000
26392,1960,-42.968750,25000000.000
26393,1960,-42.968750,25000000.000
26394,1963,-41.503906,25000000.000
26395,1964,-41.015625,25000000.000
26396,1975,-35.644531,25000000.000
26397,1984,-31.250000,25000000.000
26398,1994,-26.367188,25000000.000
26399,1996,-25.390625,25000000.000
26400,2018,-14.648438,25000000.000
26401,2030,-8.789062,25000000.000
26402,2042,-2.929688,25000000.000
26403,2044,-1.953125,25000000.000
26404,2067,9.277344,25000000.000
26405,2079,15.136719,25000000.000
26406,2092,21.484375,25000000.000
26407,2092,21.484375,25000000.000
26408,2110,30.273438,25000000.000
26409,2117,33.691406,25000000.000
26410,2123,36.621094,25000000.000
26411,2123,36.621094,25000000.000
26412,2127,38.574219,25000000.000
26413,2128,39.062500,25000000.000
26414,2125,37.597656,25000000.000
26415,2126,38.085938,25000000.000
26416,2119,34.667969,25000000.000
26417,2112,31.250000,25000000.000
26418,2104,27.343750,25000000.000
26419,2102,26.367188,25000000.000
26420,2083,17.089844,25000000.000
26421,2071,11.230469,25000000.000
26422,2058,4.882812,25000000.000
26423,2057,4.394531,25000000.000
26424,2031,-8.300781,25000000.000
26425,2016,-15.625000,25000000.000
26426,2005,-20.996094,25000000.000
26427,2003,-21.972656,25000000.000
26428,1984,-31.250000,25000000.000
26429,1974,-36.132812,25000000.000
26430,1968,-39.062500,25000000.000
26431,1967,-39.550781,25000000.000
26432,1959,-43.457031,25000000.000
26433,1960,-42.968750,25000000.000
26434,1962,-41.992188,25000000.000
26435,1961,-42.480469,25000000.000
26436,1970,-38.085938,25000000.000
26437,1978,-34.179688,25000000.000
26438,1987,-29.785156,25000000.000
26439,1988,-29.296875,25000000.000
26440,2007,-20.019531,25000000.000
26441,2019,-14.160156,25000000.000
26442,2031,-8.300781,25000000.000
26443,2033,-7.324219,25000000.000
26444,2057,4.394531,25000000.000
26445,2070,10.742188,25000000.000
26446,2083,17.089844,25000000.000
26447,2083,17.089844,25000000.000
26448,2104,27.343750,25000000.000
26449,2111,30.761719,25000000.000
26450,2119,34.667969,25000000.000
26451,2118,34.179688,25000000.000
26452,2127,38.574219,25000000.000
26453,2129,39.550781,25000000.000
26454,2130,40.039062,25000000.000
26455,2129,39.550781,25000000.000
26456,2123,36.621094,25000000.000
26457,2118,34.179688,25000000.000
26458,2112,31.250000,25000000.000
26459,2111,30.761719,25000000.000
26460,2093,21.972656,25000000.000
26461,2082,16.601562,25000000.000
26462,2070,10.742188,25000000.000
26463,2069,10.253906,25000000.000
26464,2044,-1.953125,25000000.000
26465,2030,-8.789062,25000000.000
26466,2016,-15.625000,25000000.000
26467,2016,-15.625000,25000000.000
26468,1992,-27.343750,25000000.000
26469,1982,-32.226562,25000000.000
26470,1973,-36.621094,25000000.000
26471,1972,-37.109375,25000000.000
26472,1962,-41.992188,25000000.000
26473,1961,-42.480469,25000000.000
26474,1959,-43.457031,25000000.000
26475,1959,-43.457031,25000000.000
26476,1965,-40.527344,25000000.000
26477,1971,-37.597656,25000000.000
26478,1978,-34.179688,25000000.000
26479,1980,-33.203125,25000000.000
26480,1998,-24.414062,25000000.000
26481,2009,-19.042969,25000000.000
26482,2021,-13.183594,25000000.000
26483,2022,-12.695312,25000000.000
26484,2047,-0.488281,25000000.000
26485,2059,5.371094,25000000.000
26486,2072,11.718750,25000000.000
26487,2074,12.695312,25000000.000
26488,2094,22.460938,25000000.000
26489,2105,27.832031,25000000.000
26490,2113,31.738281,25000000.000
26491,2113,31.738281,25000000.000
26492,2124,37.109375,25000000.000
26493,2128,39.062500,25000000.000
26494,2129,39.550781,25000000.000
26495,2128,39.062500,25000000.000
26496,2126,38.085938,25000000.000
26497,2123,36.621094,25000000.000
26498,2117,33.691406,25000000.000
26499,2116,33.203125,25000000.000
26500,2102,26.367188,25000000.000
26501,2092,21.484375,25000000.000
26502,2080,15.625000,25000000.000
26503,2079,15.136719,25000000.000
26504,2055,3.417969,25000000.000
26505,2040,-3.906250,25000000.000
26506,2027,-10.253906,25000000.000
26507,2026,-10.742188,25000000.000
26508,2000,-23.437500,25000000.000
26509,1991,-27.832031,25000000.000
26510,1979,-33.691406,25000000.000
26511,1981,-32.714844,25000000.000
26512,1966,-40.039062,25000000.000
26513,1960,-42.968750,25000000.000
26514,1959,-43.457031,25000000.000
26515,1961,-42.480469,25000000.000
26516,1961,-42.480469,25000000.000
26517,1966,-40.039062,25000000.000
26518,1974,-36.132812,25000000.000
26519,1973,-36.621094,25000000.000
26520,1990,-28.320312,25000000.000
26521,1999,-23.925781,25000000.000
26522,2012,-17.578125,25000000.000
26523,2012,-17.578125,25000000.000
26524,2036,-5.859375,25000000.000
26525,2049,0.488281,25000000.000
26526,2061,6.347656,25000000.000
26527,2063,7.324219,25000000.000
26528,2087,19.042969,25000000.000
26529,2096,23.437500,25000000.000
26530,2106,28.320312,25000000.000
26531,2108,29.296875,25000000.000
26532,2121,35.644531,25000000.000
26533,2126,38.085938,25000000.000
26534,2128,39.062500,25000000.000
26535,2128,39.062500,25000000.000
26536,2128,39.062500,25000000.000
26537,2125,37.597656,25000000.000
26538,2122,36.132812,25000000.000
26539,2122,36.132812,25000000.000
26540,2109,29.785156,25000000.000
26541,2099,24.902344,25000000.000
26542,2089,20.019531,25000000.000
26543,2088,19.531250,25000000.000
26544,2064,7.812500,25000000.000
26545,2051,1.464844,25000000.000
26546,2038,-4.882812,25000000.000
26547,2036,-5.859375,25000000.000
26548,2012,-17.578125,25000000.000
26549,1999,-23.925781,25000000.000
26550,1988,-29.296875,25000000.000
26551,1986,-30.273438,25000000.000
26552,1971,-37.597656,25000000.000
26553,1964,-41.015625,25000000.000
26554,1961,-42.480469,25000000.000
26555,1960,-42.968750,25000000.000
26556,1960,-42.968750,25000000.000
26557,1961,-42.480469,25000000.000
26558,1967,-39.550781,25000000.000
26559,1967,-39.550781,25000000.000
26560,1981,-32.714844,25000000.000
26561,1990,-28.320312,25000000.000
26562,2001,-22.949219,25000000.000
26563,2002,-22.460938,25000000.000
26564,2025,-11.230469,25000000.000
26565,2037,-5.371094,25000000.000
26566,2050,0.976562,25000000.000
26567,2052,1.953125,25000000.000
26568,2075,13.183594,25000000.000
26569,2087,19.042969,25000000.000
26570,2098,24.414062,25000000.000
26571,2099,24.902344,25000000.000
26572,2112,31.250000,25000000.000
26573,2123,36.621094,25000000.000
26574,2127,38.574219,25000000.000
26575,2122,36.132812,25000000.000
26576,2128,39.062500,25000000.000
26577,2127,38.574219,25000000.000
26578,2125,37.597656,25000000.000
26579,2124,37.109375,25000000.000
26580,2115,32.714844,25000000.000
26581,2107,28.808594,25000000.000
26582,2098,24.414062,25000000.000
26583,2097,23.925781,25000000.000
26584,2076,13.671875,25000000.000
26585,2063,7.324219,25000000.000
26586,2050,0.976562,25000000.000
26587,2049,0.488281,25000000.000
26588,2023,-12.207031,25000000.000
26589,2009,-19.042969,25000000.000
26590,1996,-25.390625,25000000.000
26591,1995,-25.878906,25000000.000
26592,1976,-35.156250,25000000.000
26593,1969,-38.574219,25000000.000
26594,1963,-41.503906,25000000.000
26595,1963,-41.503906,25000000.000
26596,1959,-43.457031,25000000.000
26597,1960,-42.968750,25000000.000
26598,1964,-41.015625,25000000.000
26599,1963,-41.503906,25000000.000
26600,1974,-36.132812,25000000.000
26601,1981,-32.714844,25000000.000
26602,1992,-27.343750,25000000.000
26603,1993,-26.855469,25000000.000
26604,2014,-16.601562,25000000.000
26605,2026,-10.742188,25000000.000
26606,2039,-4.394531,25000000.000
26607,2041,-3.417969,25000000.000
26608,2066,8.789062,25000000.000
26609,2078,14.648438,25000000.000
26610,2089,20.019531,25000000.000
26611,2091,20.996094,25000000.000
26612,2111,30.761719,25000000.000
26613,2120,35.156250,25000000.000
26614,2119,34.667969,25000000.000
26615,2120,35.156250,25000000.000
26616,2126,38.085938,25000000.000
26617,2130,40.039062,25000000.000
26618,2126,38.085938,25000000.000
26619,2128,39.062500,25000000.000
26620,2120,35.156250,25000000.000
26621,2113,31.738281,25000000.000
26622,2106,28.320312,25000000.000
26623,2105,27.832031,25000000.000
26624,2085,18.066406,25000000.000
26625,2074,12.695312,25000000.000
26626,2063,7.324219,25000000.000
26627,2060,5.859375,25000000.000
26628,2035,-6.347656,25000000.000
26629,2021,-13.183594,25000000.000
26630,2008,-19.531250,25000000.000
26631,2007,-20.019531,25000000.000
26632,1984,-31.250000,25000000.000
26633,1975,-35.644531,25000000.000
26634,1968,-39.062500,25000000.000
26635,1967,-39.550781,25000000.000
26636,1960,-42.968750,25000000.000
26637,1959,-43.457031,25000000.000
26638,1960,-42.968750,25000000.000
26639,1961,-42.480469,25000000.000
26640,1969,-38.574219,25000000.000
26641,1976,-35.156250,25000000.000
26642,1984,-31.250000,25000000.000
26643,1985,-30.761719,25000000.000
26644,2005,-20.996094,25000000.000
26645,2017,-15.136719,25000000.000
26646,2030,-8.789062,25000000.000
26647,2030,-8.789062,25000000.000
26648,2056,3.906250,25000000.000
26649,2067,9.277344,25000000.000
26650,2080,15.625000,25000000.000
26651,2081,16.113281,25000000.000
26652,2102,26.367188,25000000.000
26653,2110,30.273438,25000000.000
26654,2117,33.691406,25000000.000
26655,2118,34.179688,25000000.000
26656,2126,38.085938,25000000.000
26657,2128,39.062500,25000000.000
26658,2129,39.550781,25000000.000
26659,2127,38.574219,25000000.000
26660,2123,36.621094,25000000.000
26661,2118,34.179688,25000000.000
26662,2113,31.738281,25000000.000
26663,2112,31.250000,25000000.000
26664,2095,22.949219,25000000.000
26665,2084,17.578125,25000000.000
26666,2072,11.718750,25000000.000
26667,2071,11.230469,25000000.000
26668,2046,-0.976562,25000000.000
26669,2033,-7.324219,25000000.000
26670,2019,-14.160156,25000000.000
26671,2017,-15.136719,25000000.000
26672,1995,-25.878906,25000000.000
26673,1984,-31.250000,25000000.000
26674,1975,-35.644531,25000000.000
26675,1974,-36.132812,25000000.000
26676,1963,-41.503906,25000000.000
26677,1962,-41.992188,25000000.000
26678,1961,-42.480469,25000000.000
26679,1960,-42.968750,25000000.000
26680,1966,-40.039062,25000000.000
26681,1970,-38.085938,25000000.000
26682,1977,-34.667969,25000000.000
26683,1978,-34.179688,25000000.000
26684,1996,-25.390625,25000000.000
26685,2006,-20.507812,25000000.000
26686,2019,-14.160156,25000000.000
26687,2021,-13.183594,25000000.000
26688,2044,-1.953125,25000000.000
26689,2058,4.882812,25000000.000
26690,2070,10.742188,25000000.000
26691,2071,11.230469,25000000.000
26692,2093,21.972656,25000000.000
26693,2104,27.343750,25000000.000
26694,2112,31.250000,25000000.000
26695,2113,31.738281,25000000.000
26696,2124,37.109375,25000000.000
26697,2127,38.574219,25000000.000
26698,2129,39.550781,25000000.000
26699,2129,39.550781,25000000.000
26700,2128,39.062500,25000000.000
26701,2124,37.109375,25000000.000
26702,2120,35.156250,25000000.000
26703,2118,34.179688,25000000.000
26704,2104,27.343750,25000000.000
26705,2094,22.460938,25000000.000
26706,2082,16.601562,25000000.000
26707,2082,16.601562,25000000.000
26708,2057,4.394531,25000000.000
26709,2045,-1.464844,25000000.000
26710,2030,-8.789062,25000000.000
26711,2029,-9.277344,25000000.000
26712,2004,-21.484375,25000000.000
26713,1993,-26.855469,25000000.000
26714,1982,-32.226562,25000000.000
26715,1981,-32.714844,25000000.000
26716,1966,-40.039062,25000000.000
26717,1963,-41.503906,25000000.000
26718,1961,-42.480469,25000000.000
26719,1960,-42.968750,25000000.000
26720,1962,-41.992188,25000000.000
26721,1966,-40.039062,25000000.000
26722,1972,-37.109375,25000000.000
26723,1972,-37.109375,25000000.000
26724,1986,-30.273438,25000000.000
26725,1997,-24.902344,25000000.000
26726,2008,-19.531250,25000000.000
26727,2009,-19.042969,25000000.000
26728,2033,-7.324219,25000000.000
26729,2045,-1.464844,25000000.000
26730,2058,4.882812,25000000.000
26731,2059,5.371094,25000000.000
26732,2084,17.578125,25000000.000
26733,2094,22.460938,25000000.000
26734,2104,27.343750,25000000.000
26735,2105,27.832031,25000000.000
26736,2119,34.667969,25000000.000
26737,2124,37.109375,25000000.000
26738,2127,38.574219,25000000.000
26739,2128,39.062500,25000000.000
26740,2129,39.550781,25000000.000
26741,2127,38.574219,25000000.000
26742,2124,37.109375,25000000.000
26743,2122,36.132812,25000000.000
26744,2111,30.761719,25000000.000
26745,2102,26.367188,25000000.000
26746,2092,21.484375,25000000.000
26747,2091,20.996094,25000000.000
26748,2069,10.253906,25000000.000
26749,2055,3.417969,25000000.000
26750,2042,-2.929688,25000000.000
26751,2040,-3.906250,25000000.000
26752,2014,-16.601562,25000000.000
26753,2001,-22.949219,25000000.000
26754,1990,-28.320312,25000000.000
26755,1988,-29.296875,25000000.000
26756,1971,-37.597656,25000000.000
26757,1966,-40.039062,25000000.000
26758,1961,-42.480469,25000000.000
26759,1960,-42.968750,25000000.000
26760,1958,-43.945312,25000000.000
26761,1961,-42.480469,25000000.000
26762,1965,-40.527344,25000000.000
26763,1965,-40.527344,25000000.000
26764,1979,-33.691406,25000000.000
26765,1988,-29.296875,25000000.000
26766,1998,-24.414062,25000000.000
26767,1999,-23.925781,25000000.000
26768,2021,-13.183594,25000000.000
26769,2034,-6.835938,25000000.000
26770,2048,0.000000,25000000.000
26771,2048,0.000000,25000000.000
26772,2073,12.207031,25000000.000
26773,2085,18.066406,25000000.000
26774,2096,23.437500,25000000.000
26775,2097,23.925781,25000000.000
26776,2113,31.738281,25000000.000
26777,2120,35.156250,25000000.000
26778,2125,37.597656,25000000.000
26779,2125,37.597656,25000000.000
26780,2129,39.550781,25000000.000
26781,2128,39.062500,25000000.000
26782,2126,38.085938,25000000.000
26783,2125,37.597656,25000000.000
26784,2116,33.203125,25000000.000
26785,2109,29.785156,25000000.000
26786,2100,25.390625,25000000.000
26787,2099,24.902344,25000000.000
26788,2079,15.136719,25000000.000
26789,2066,8.789062,25000000.000
26790,2052,1.953125,25000000.000
26791,2051,1.464844,25000000.000
26792,2027,-10.253906,25000000.000
26793,2012,-17.578125,25000000.000
26794,1999,-23.925781,25000000.000
26795,1998,-24.414062,25000000.000
26796,1978,-34.179688,25000000.000
26797,1970,-38.085938,25000000.000
26798,1964,-41.015625,25000000.000
26799,1964,-41.015625,25000000.000
26800,1959,-43.457031,25000000.000
26801,1960,-42.968750,25000000.000
26802,1962,-41.992188,25000000.000
26803,1962,-41.992188,25000000.000
26804,1972,-37.109375,25000000.000
26805,1979,-33.691406,25000000.000
26806,1989,-28.808594,25000000.000
26807,1990,-28.320312,25000000.000
26808,2013,-17.089844,25000000.000
26809,2024,-11.718750,25000000.000
26810,2036,-5.859375,25000000.000
26811,2036,-5.859375,25000000.000
26812,2061,6.347656,25000000.000
26813,2074,12.695312,25000000.000
26814,2087,19.042969,25000000.000
26815,2087,19.042969,25000000.000
26816,2107,28.808594,25000000.000
26817,2115,32.714844,25000000.000
26818,2120,35.156250,25000000.000
26819,2120,35.156250,25000000.000
26820,2126,38.085938,25000000.000
26821,2129,39.550781,25000000.000
26822,2128,39.062500,25000000.000
26823,2127,38.574219,25000000.000
26824,2122,36.132812,25000000.000
26825,2115,32.714844,25000000.000
26826,2108,29.296875,25000000.000
26827,2107,28.808594,25000000.000
26828,2089,20.019531,25000000.000
26829,2078,14.648438,25000000.000
26830,2064,7.812500,25000000.000
26831,2064,7.812500,25000000.000
26832,2038,-4.882812,25000000.000
26833,2025,-11.230469,25000000.000
26834,2011,-18.066406,25000000.000
26835,2010,-18.554688,25000000.000
26836,1987,-29.785156,25000000.000
26837,1978,-34.179688,25000000.000
26838,1970,-38.085938,25000000.000
26839,1970,-38.085938,25000000.000
26840,1961,-42.480469,25000000.000
26841,1960,-42.968750,25000000.000
26842,1961,-42.480469,25000000.000
26843,1961,-42.480469,25000000.000
26844,1967,-39.550781,25000000.000
26845,1974,-36.132812,25000000.000
26846,1982,-32.226562,25000000.000
26847,1982,-32.226562,25000000.000
26848,2002,-22.460938,25000000.000
26849,2014,-16.601562,25000000.000
26850,2025,-11.230469,25000000.000
26851,2028,-9.765625,25000000.000
26852,2052,1.953125,25000000.000
26853,2065,8.300781,25000000.000
26854,2077,14.160156,25000000.000
26855,2078,14.648438,25000000.000
26856,2099,24.902344,25000000.000
26857,2108,29.296875,25000000.000
26858,2116,33.203125,25000000.000
26859,2117,33.691406,25000000.000
26860,2126,38.085938,25000000.000
26861,2129,39.550781,25000000.000
26862,2130,40.039062,25000000.000
26863,2129,39.550781,25000000.000
26864,2126,38.085938,25000000.000
26865,2121,35.644531,25000000.000
26866,2116,33.203125,25000000.000
26867,2115,32.714844,25000000.000
26868,2099,24.902344,25000000.000
26869,2087,19.042969,25000000.000
26870,2075,13.183594,25000000.000
26871,2073,12.207031,25000000.000
26872,2049,0.488281,25000000.000
26873,2036,-5.859375,25000000.000
26874,2022,-12.695312,25000000.000
26875,2020,-13.671875,25000000.000
26876,1997,-24.902344,25000000.000
26877,1986,-30.273438,25000000.000
26878,1977,-34.667969,25000000.000
26879,1975,-35.644531,25000000.000
26880,1964,-41.015625,25000000.000
26881,1961,-42.480469,25000000.000
26882,1959,-43.457031,25000000.000
26883,1960,-42.968750,25000000.000
26884,1963,-41.503906,25000000.000
26885,1969,-38.574219,25000000.000
26886,1976,-35.156250,25000000.000
26887,1976,-35.156250,25000000.000
26888,1993,-26.855469,25000000.000
26889,2003,-21.972656,25000000.000
26890,2015,-16.113281,25000000.000
26891,2017,-15.136719,25000000.000
26892,2040,-3.906250,25000000.000
26893,2055,3.417969,25000000.000
26894,2067,9.277344,25000000.000
26895,2067,9.277344,25000000.000
26896,2091,20.996094,25000000.000
26897,2100,25.390625,25000000.000
26898,2110,30.273438,25000000.000
26899,2111,30.761719,25000000.000
26900,2123,36.621094,25000000.000
26901,2127,38.574219,25000000.000
26902,2128,39.062500,25000000.000
26903,2128,39.062500,25000000.000
26904,2128,39.062500,25000000.000
26905,2124,37.109375,25000000.000
26906,2120,35.156250,25000000.000
26907,2119,34.667969,25000000.000
26908,2106,28.320312,25000000.000
26909,2096,23.437500,25000000.000
26910,2085,18.066406,25000000.000
26911,2084,17.578125,25000000.000
26912,2061,6.347656,25000000.000
26913,2047,-0.488281,25000000.000
26914,2033,-7.324219,25000000.000
26915,2032,-7.812500,25000000.000
26916,2007,-20.019531,25000000.000
26917,1994,-26.367188,25000000.000
26918,1985,-30.761719,25000000.000
26919,1983,-31.738281,25000000.000
26920,1968,-39.062500,25000000.000
26921,1963,-41.503906,25000000.000
26922,1957,-44.433594,25000000.000
26923,1963,-41.503906,25000000.000
26924,1962,-41.992188,25000000.000
26925,1965,-40.527344,25000000.000
26926,1969,-38.574219,25000000.000
26927,1970,-38.085938,25000000.000
26928,1984,-31.250000,25000000.000
26929,1994,-26.367188,25000000.000
26930,2005,-20.996094,25000000.000
26931,2006,-20.507812,25000000.000
26932,2029,-9.277344,25000000.000
26933,2042,-2.929688,25000000.000
26934,2056,3.906250,25000000.000
26935,2056,3.906250,25000000.000
26936,2080,15.625000,25000000.000
26937,2093,21.972656,25000000.000
26938,2102,26.367188,25000000.000
26939,2103,26.855469,25000000.000
26940,2118,34.179688,25000000.000
26941,2122,36.132812,25000000.000
26942,2126,38.085938,25000000.000
26943,2127,38.574219,25000000.000
26944,2128,39.062500,25000000.000
26945,2127,38.574219,25000000.000
26946,2124,37.109375,25000000.000
26947,2124,37.109375,25000000.000
26948,2113,31.738281,25000000.000
26949,2105,27.832031,25000000.000
26950,2095,22.949219,25000000.000
26951,2093,21.972656,25000000.000
26952,2071,11.230469,25000000.000
26953,2059,5.371094,25000000.000
26954,2045,-1.464844,25000000.000
26955,2044,-1.953125,25000000.000
26956,2017,-15.136719,25000000.000
26957,2005,-20.996094,25000000.000
26958,1991,-27.832031,25000000.000
26959,1991,-27.832031,25000000.000
26960,1972,-37.109375,25000000.000
26961,1965,-40.527344,25000000.000
26962,1962,-41.992188,25000000.000
26963,1960,-42.968750,25000000.000
26964,1958,-43.945312,25000000.000
26965,1959,-43.457031,25000000.000
26966,1964,-41.015625,25000000.000
26967,1964,-41.015625,25000000.000
26968,1977,-34.667969,25000000.000
26969,1985,-30.761719,25000000.000
26970,1994,-26.367188,25000000.000
26971,1995,-25.878906,25000000.000
26972,2018,-14.648438,25000000.000
26973,2031,-8.300781,25000000.000
26974,2044,-1.953125,25000000.000
26975,2046,-0.976562,25000000.000
26976,2070,10.742188,25000000.000
26977,2082,16.601562,25000000.000
26978,2092,21.484375,25000000.000
26979,2094,22.460938,25000000.000
26980,2111,30.761719,25000000.000
26981,2118,34.179688,25000000.000
26982,2124,37.109375,25000000.000
26983,2123,36.621094,25000000.000
26984,2128,39.062500,25000000.000
26985,2129,39.550781,25000000.000
26986,2126,38.085938,25000000.000
26987,2127,38.574219,25000000.000
26988,2117,33.691406,25000000.000
26989,2111,30.761719,25000000.000
26990,2103,26.855469,25000000.000
26991,2101,25.878906,25000000.000
26992,2082,16.601562,25000000.000
26993,2070,10.742188,25000000.000
26994,2056,3.906250,25000000.000
26995,2055,3.417969,25000000.000
26996,2029,-9.277344,25000000.000
26997,2015,-16.113281,25000000.000
26998,2002,-22.460938,25000000.000
26999,2002,-22.460938,25000000.000
27000,1981,-32.714844,25000000.000
27001,1972,-37.109375,25000000.000
27002,1965,-40.527344,25000000.000
27003,1965,-40.527344,25000000.000
27004,1958,-43.945312,25000000.000
27005,1959,-43.457031,25000000.000
27006,1961,-42.480469,25000000.000
27007,1961,-42.480469,25000000.000
27008,1970,-38.085938,25000000.000
27009,1978,-34.179688,25000000.000
27010,1986,-30.273438,25000000.000
27011,1987,-29.785156,25000000.000
27012,2008,-19.531250,25000000.000
27013,2021,-13.183594,25000000.000
27014,2032,-7.812500,25000000.000
27015,2035,-6.347656,25000000.000
27016,2060,5.859375,25000000.000
27017,2072,11.718750,25000000.000
27018,2083,17.089844,25000000.000
27019,2085,18.066406,25000000.000
27020,2104,27.343750,25000000.000
27021,2113,31.738281,25000000.000
27022,2119,34.667969,25000000.000
27023,2120,35.156250,25000000.000
27024,2127,38.574219,25000000.000
27025,2128,39.062500,25000000.000
27026,2128,39.062500,25000000.000
27027,2129,39.550781,25000000.000
27028,2123,36.621094,25000000.000
27029,2117,33.691406,25000000.000
27030,2110,30.273438,25000000.000
27031,2109,29.785156,25000000.000
27032,2091,20.996094,25000000.000
27033,2080,15.625000,25000000.000
27034,2068,9.765625,25000000.000
27035,2066,8.789062,25000000.000
27036,2041,-3.417969,25000000.000
27037,2027,-10.253906,25000000.000
27038,2015,-16.113281,25000000.000
27039,2013,-17.089844,25000000.000
27040,1991,-27.832031,25000000.000
27041,1980,-33.203125,25000000.000
27042,1973,-36.621094,25000000.000
27043,1971,-37.597656,25000000.000
27044,1962,-41.992188,25000000.000
27045,1960,-42.968750,25000000.000
27046,1960,-42.968750,25000000.000
27047,1961,-42.480469,25000000.000
27048,1966,-40.039062,25000000.000
27049,1972,-37.109375,25000000.000
27050,1980,-33.203125,25000000.000
27051,1981,-32.714844,25000000.000
27052,1999,-23.925781,25000000.000
27053,2011,-18.066406,25000000.000
27054,2023,-12.207031,25000000.000
27055,2024,-11.718750,25000000.000
27056,2049,0.488281,25000000.000
27057,2062,6.835938,25000000.000
27058,2075,13.183594,25000000.000
27059,2075,13.183594,25000000.000
27060,2097,23.925781,25000000.000
27061,2107,28.808594,25000000.000
27062,2114,32.226562,25000000.000
27063,2115,32.714844,25000000.000
27064,2125,37.597656,25000000.000
27065,2128,39.062500,25000000.000
27066,2129,39.550781,25000000.000
27067,2129,39.550781,25000000.000
27068,2125,37.597656,25000000.000
27069,2122,36.132812,25000000.000
27070,2116,33.203125,25000000.000
27071,2116,33.203125,25000000.000
27072,2100,25.390625,25000000.000
27073,2089,20.019531,25000000.000
27074,2079,15.136719,25000000.000
27075,2077,14.160156,25000000.000
27076,2053,2.441406,25000000.000
27077,2039,-4.394531,25000000.000
27078,2025,-11.230469,25000000.000
27079,2023,-12.207031,25000000.000
27080,2000,-23.437500,25000000.000
27081,1988,-29.296875,25000000.000
27082,1979,-33.691406,25000000.000
27083,1978,-34.179688,25000000.000
27084,1964,-41.015625,25000000.000
27085,1961,-42.480469,25000000.000
27086,1960,-42.968750,25000000.000
27087,1960,-42.968750,25000000.000
27088,1963,-41.503906,25000000.000
27089,1968,-39.062500,25000000.000
27090,1975,-35.644531,25000000.000
27091,1975,-35.644531,25000000.000
27092,1990,-28.320312,25000000.000
27093,2001,-22.949219,25000000.000
27094,2012,-17.578125,25000000.000
27095,2014,-16.601562,25000000.000
27096,2038,-4.882812,25000000.000
27097,2051,1.464844,25000000.000
27098,2064,7.812500,25000000.000
27099,2065,8.300781,25000000.000
27100,2088,19.531250,25000000.000
27101,2099,24.902344,25000000.000
27102,2109,29.785156,25000000.000
27103,2109,29.785156,25000000.000
27104,2121,35.644531,25000000.000
27105,2127,38.574219,25000000.000
27106,2129,39.550781,25000000.000
27107,2129,39.550781,25000000.000
27108,2129,39.550781,25000000.000
27109,2126,38.085938,25000000.000
27110,2122,36.132812,25000000.000
27111,2122,36.132812,25000000.000
27112,2109,29.785156,25000000.000
27113,2099,24.902344,25000000.000
27114,2087,19.042969,25000000.000
27115,2087,19.042969,25000000.000
27116,2064,7.812500,25000000.000
27117,2051,1.464844,25000000.000
27118,2037,-5.371094,25000000.000
27119,2036,-5.859375,25000000.000
27120,2011,-18.066406,25000000.000
27121,1997,-24.902344,25000000.000
27122,1987,-29.785156,25000000.000
27123,1986,-30.273438,25000000.000
27124,1970,-38.085938,25000000.000
27125,1964,-41.015625,25000000.000
27126,1961,-42.480469,25000000.000
27127,1960,-42.968750,25000000.000
27128,1961,-42.480469,25000000.000
27129,1963,-41.503906,25000000.000
27130,1969,-38.574219,25000000.000
27131,1969,-38.574219,25000000.000
27132,1982,-32.226562,25000000.000
27133,1992,-27.343750,25000000.000
27134,2002,-22.460938,25000000.000
27135,2003,-21.972656,25000000.000
27136,2026,-10.742188,25000000.000
27137,2039,-4.394531,25000000.000
27138,2052,1.953125,25000000.000
27139,2052,1.953125,25000000.000
27140,2077,14.160156,25000000.000
27141,2088,19.531250,25000000.000
27142,2098,24.414062,25000000.000
27143,2100,25.390625,25000000.000
27144,2116,33.203125,25000000.000
27145,2121,35.644531,25000000.000
27146,2126,38.085938,25000000.000
27147,2126,38.085938,25000000.000
27148,2128,39.062500,25000000.000
27149,2126,38.085938,25000000.000
27150,2125,37.597656,25000000.000
27151,2125,37.597656,25000000.000
27152,2113,31.738281,25000000.000
27153,2107,28.808594,25000000.000
27154,2097,23.925781,25000000.000
27155,2096,23.437500,25000000.000
27156,2075,13.183594,25000000.000
27157,2061,6.347656,25000000.000
27158,2048,0.000000,25000000.000
27159,2046,-0.976562,25000000.000
27160,2020,-13.671875,25000000.000
27161,2007,-20.019531,25000000.000
27162,1995,-25.878906,25000000.000
27163,1995,-25.878906,25000000.000
27164,1975,-35.644531,25000000.000
27165,1968,-39.062500,25000000.000
27166,1964,-41.015625,25000000.000
27167,1963,-41.503906,25000000.000
27168,1959,-43.457031,25000000.000
27169,1959,-43.457031,25000000.000
27170,1963,-41.503906,25000000.000
27171,1964,-41.015625,25000000.000
27172,1975,-35.644531,25000000.000
27173,1983,-31.738281,25000000.000
27174,1992,-27.343750,25000000.000
27175,1993,-26.855469,25000000.000
27176,2014,-16.601562,25000000.000
27177,2027,-10.253906,25000000.000
27178,2040,-3.906250,25000000.000
27179,2042,-2.929688,25000000.000
27180,2066,8.789062,25000000.000
27181,2079,15.136719,25000000.000
27182,2090,20.507812,25000000.000
27183,2092,21.484375,25000000.000
27184,2110,30.273438,25000000.000
27185,2117,33.691406,25000000.000
27186,2123,36.621094,25000000.000
27187,2123,36.621094,25000000.000
27188,2129,39.550781,25000000.000
27189,2129,39.550781,25000000.000
27190,2127,38.574219,25000000.000
27191,2127,38.574219,25000000.000
27192,2119,34.667969,25000000.000
27193,2113,31.738281,25000000.000
27194,2104,27.343750,25000000.000
27195,2104,27.343750,25000000.000
27196,2085,18.066406,25000000.000
27197,2072,11.718750,25000000.000
27198,2059,5.371094,25000000.000
27199,2058,4.882812,25000000.000
27200,2032,-7.812500,25000000.000
27201,2018,-14.648438,25000000.000
27202,2005,-20.996094,25000000.000
27203,2004,-21.484375,25000000.000
27204,1982,-32.226562,25000000.000
27205,1974,-36.132812,25000000.000
27206,1967,-39.550781,25000000.000
27207,1966,-40.039062,25000000.000
27208,1959,-43.457031,25000000.000
27209,1959,-43.457031,25000000.000
27210,1960,-42.968750,25000000.000
27211,1961,-42.480469,25000000.000
27212,1969,-38.574219,25000000.000
27213,1976,-35.156250,25000000.000
27214,1984,-31.250000,25000000.000
27215,1985,-30.761719,25000000.000
27216,2006,-20.507812,25000000.000
27217,2018,-14.648438,25000000.000
27218,2030,-8.789062,25000000.000
27219,2031,-8.300781,25000000.000
27220,2056,3.906250,25000000.000
27221,2069,10.253906,25000000.000
27222,2081,16.113281,25000000.000
27223,2082,16.601562,25000000.000
27224,2102,26.367188,25000000.000
27225,2110,30.273438,25000000.000
27226,2118,34.179688,25000000.000
27227,2118,34.179688,25000000.000
27228,2126,38.085938,25000000.000
27229,2130,40.039062,25000000.000
27230,2129,39.550781,25000000.000
27231,2128,39.062500,25000000.000
27232,2125,37.597656,25000000.000
27233,2119,34.667969,25000000.000
27234,2111,30.761719,25000000.000
27235,2111,30.761719,25000000.000
27236,2094,22.460938,25000000.000
27237,2083,17.089844,25000000.000
27238,2070,10.742188,25000000.000
27239,2069,10.253906,25000000.000
27240,2044,-1.953125,25000000.000
27241,2030,-8.789062,25000000.000
27242,2017,-15.136719,25000000.000
27243,2016,-15.625000,25000000.000
27244,1993,-26.855469,25000000.000
27245,1982,-32.226562,25000000.000
27246,1975,-35.644531,25000000.000
27247,1973,-36.621094,25000000.000
27248,1962,-41.992188,25000000.000
27249,1960,-42.968750,25000000.000
27250,1960,-42.968750,25000000.000
27251,1960,-42.968750,25000000.000
27252,1965,-40.527344,25000000.000
27253,1971,-37.597656,25000000.000
27254,1978,-34.179688,25000000.000
27255,1979,-33.691406,25000000.000
27256,1997,-24.902344,25000000.000
27257,2009,-19.042969,25000000.000
27258,2020,-13.671875,25000000.000
27259,2021,-13.183594,25000000.000
27260,2046,-0.976562,25000000.000
27261,2059,5.371094,25000000.000
27262,2071,11.230469,25000000.000
27263,2072,11.718750,25000000.000
27264,2094,22.460938,25000000.000
27265,2104,27.343750,25000000.000
27266,2112,31.250000,25000000.000
27267,2113,31.738281,25000000.000
27268,2123,36.621094,25000000.000
27269,2126,38.085938,25000000.000
27270,2131,40.527344,25000000.000
27271,2125,37.597656,25000000.000
27272,2127,38.574219,25000000.000
27273,2124,37.109375,25000000.000
27274,2119,34.667969,25000000.000
27275,2119,34.667969,25000000.000
27276,2103,26.855469,25000000.000
27277,2092,21.484375,25000000.000
27278,2082,16.601562,25000000.000
27279,2081,16.113281,25000000.000
27280,2057,4.394531,25000000.000
27281,2043,-2.441406,25000000.000
27282,2029,-9.277344,25000000.000
27283,2027,-10.253906,25000000.000
27284,2002,-22.460938,25000000.000
27285,1991,-27.832031,25000000.000
27286,1982,-32.226562,25000000.000
27287,1980,-33.203125,25000000.000
27288,1965,-40.527344,25000000.000
27289,1962,-41.992188,25000000.000
27290,1959,-43.457031,25000000.000
27291,1959,-43.457031,25000000.000
27292,1962,-41.992188,25000000.000
27293,1965,-40.527344,25000000.000
27294,1971,-37.597656,25000000.000
27295,1973,-36.621094,25000000.000
27296,1988,-29.296875,25000000.000
27297,1999,-23.925781,25000000.000
27298,2010,-18.554688,25000000.000
27299,2011,-18.066406,25000000.000
27300,2034,-6.835938,25000000.000
27301,2047,-0.488281,25000000.000
27302,2061,6.347656,25000000.000
27303,2061,6.347656,25000000.000
27304,2085,18.066406,25000000.000
27305,2096,23.437500,25000000.000
27306,2106,28.320312,25000000.000
27307,2107,28.808594,25000000.000
27308,2120,35.156250,25000000.000
27309,2125,37.597656,25000000.000
27310,2128,39.062500,25000000.000
27311,2129,39.550781,25000000.000
27312,2129,39.550781,25000000.000
27313,2127,38.574219,25000000.000
27314,2124,37.109375,25000000.000
27315,2122,36.132812,25000000.000
27316,2110,30.273438,25000000.000
27317,2102,26.367188,25000000.000
27318,2091,20.996094,25000000.000
27319,2090,20.507812,25000000.000
27320,2067,9.277344,25000000.000
27321,2053,2.441406,25000000.000
27322,2041,-3.417969,25000000.000
27323,2039,-4.394531,25000000.000
27324,2013,-17.089844,25000000.000
27325,2000,-23.437500,25000000.000
27326,1988,-29.296875,25000000.000
27327,1988,-29.296875,25000000.000
27328,1971,-37.597656,25000000.000
27329,1965,-40.527344,25000000.000
27330,1962,-41.992188,25000000.000
27331,1961,-42.480469,25000000.000
27332,1960,-42.968750,25000000.000
27333,1963,-41.503906,25000000.000
27334,1966,-40.039062,25000000.000
27335,1967,-39.550781,25000000.000
27336,1981,-32.714844,25000000.000
27337,1990,-28.320312,25000000.000
27338,2000,-23.437500,25000000.000
27339,2001,-22.949219,25000000.000
27340,2024,-11.718750,25000000.000
27341,2036,-5.859375,25000000.000
27342,2049,0.488281,25000000.000
27343,2050,0.976562,25000000.000
27344,2074,12.695312,25000000.000
27345,2085,18.066406,25000000.000
27346,2097,23.925781,25000000.000
27347,2098,24.414062,25000000.000
27348,2114,32.226562,25000000.000
27349,2120,35.156250,25000000.000
27350,2124,37.109375,25000000.000
27351,2125,37.597656,25000000.000
27352,2128,39.062500,25000000.000
27353,2127,38.574219,25000000.000
27354,2125,37.597656,25000000.000
27355,2124,37.109375,25000000.000
27356,2115,32.714844,25000000.000
27357,2107,28.808594,25000000.000
27358,2099,24.902344,25000000.000
27359,2097,23.925781,25000000.000
27360,2077,14.160156,25000000.000
27361,2063,7.324219,25000000.000
27362,2052,1.953125,25000000.000
27363,2050,0.976562,25000000.000
27364,2024,-11.718750,25000000.000
27365,2012,-17.578125,25000000.000
27366,1998,-24.414062,25000000.000
27367,1997,-24.902344,25000000.000
27368,1978,-34.179688,25000000.000
27369,1970,-38.085938,25000000.000
27370,1965,-40.527344,25000000.000
27371,1964,-41.015625,25000000.000
27372,1959,-43.457031,25000000.000
27373,1960,-42.968750,25000000.000
27374,1962,-41.992188,25000000.000
27375,1963,-41.503906,25000000.000
27376,1973,-36.621094,25000000.000
27377,1981,-32.714844,25000000.000
27378,1992,-27.343750,25000000.000
27379,1991,-27.832031,25000000.000
27380,2012,-17.578125,25000000.000
27381,2024,-11.718750,25000000.000
27382,2038,-4.882812,25000000.000
27383,2039,-4.394531,25000000.000
27384,2063,7.324219,25000000.000
27385,2077,14.160156,25000000.000
27386,2088,19.531250,25000000.000
27387,2089,20.019531,25000000.000
27388,2107,28.808594,25000000.000
27389,2115,32.714844,25000000.000
27390,2121,35.644531,25000000.000
27391,2121,35.644531,25000000.000
27392,2128,39.062500,25000000.000
27393,2128,39.062500,25000000.000
27394,2127,38.574219,25000000.000
27395,2128,39.062500,25000000.000
27396,2120,35.156250,25000000.000
27397,2115,32.714844,25000000.000
27398,2107,28.808594,25000000.000
27399,2106,28.320312,25000000.000
27400,2087,19.042969,25000000.000
27401,2075,13.183594,25000000.000
27402,2062,6.835938,25000000.000
27403,2061,6.347656,25000000.000
27404,2035,-6.347656,25000000.000
27405,2022,-12.695312,25000000.000
27406,2009,-19.042969,25000000.000
27407,2007,-20.019531,25000000.000
27408,1985,-30.761719,25000000.000
27409,1976,-35.156250,25000000.000
27410,1969,-38.574219,25000000.000
27411,1968,-39.062500,25000000.000
27412,1960,-42.968750,25000000.000
27413,1960,-42.968750,25000000.000
27414,1961,-42.480469,25000000.000
27415,1959,-43.457031,25000000.000
27416,1967,-39.550781,25000000.000
27417,1975,-35.644531,25000000.000
27418,1983,-31.738281,25000000.000
27419,1983,-31.738281,25000000.000
27420,2002,-22.460938,25000000.000
27421,2014,-16.601562,25000000.000
27422,2027,-10.253906,25000000.000
27423,2028,-9.765625,25000000.000
27424,2054,2.929688,25000000.000
27425,2065,8.300781,25000000.000
27426,2077,14.160156,25000000.000
27427,2081,16.113281,25000000.000
27428,2101,25.878906,25000000.000
27429,2109,29.785156,25000000.000
27430,2117,33.691406,25000000.000
27431,2116,33.203125,25000000.000
27432,2127,38.574219,25000000.000
27433,2129,39.550781,25000000.000
27434,2129,39.550781,25000000.000
27435,2129,39.550781,25000000.000
27436,2125,37.597656,25000000.000
27437,2120,35.156250,25000000.000
27438,2114,32.226562,25000000.000
27439,2113,31.738281,25000000.000
27440,2096,23.437500,25000000.000
27441,2086,18.554688,25000000.000
27442,2074,12.695312,25000000.000
27443,2071,11.230469,25000000.000
27444,2047,-0.488281,25000000.000
27445,2034,-6.835938,25000000.000
27446,2021,-13.183594,25000000.000
27447,2018,-14.648438,25000000.000
27448,1996,-25.390625,25000000.000
27449,1984,-31.250000,25000000.000
27450,1975,-35.644531,25000000.000
27451,1975,-35.644531,25000000.000
27452,1963,-41.503906,25000000.000
27453,1961,-42.480469,25000000.000
27454,1960,-42.968750,25000000.000
27455,1960,-42.968750,25000000.000
27456,1964,-41.015625,25000000.000
27457,1969,-38.574219,25000000.000
27458,1976,-35.156250,25000000.000
27459,1976,-35.156250,25000000.000
27460,1993,-26.855469,25000000.000
27461,2005,-20.996094,25000000.000
27462,2017,-15.136719,25000000.000
27463,2018,-14.648438,25000000.000
27464,2042,-2.929688,25000000.000
27465,2055,3.417969,25000000.000
27466,2068,9.765625,25000000.000
27467,2069,10.253906,25000000.000
27468,2092,21.484375,25000000.000
27469,2102,26.367188,25000000.000
27470,2110,30.273438,25000000.000
27471,2111,30.761719,25000000.000
27472,2123,36.621094,25000000.000
27473,2127,38.574219,25000000.000
27474,2130,40.039062,25000000.000
27475,2130,40.039062,25000000.000
27476,2128,39.062500,25000000.000
27477,2124,37.109375,25000000.000
27478,2120,35.156250,25000000.000
27479,2119,34.667969,25000000.000
27480,2106,28.320312,25000000.000
27481,2095,22.949219,25000000.000
27482,2084,17.578125,25000000.000
27483,2083,17.089844,25000000.000
27484,2059,5.371094,25000000.000
27485,2047,-0.488281,25000000.000
27486,2034,-6.835938,25000000.000
27487,2031,-8.300781,25000000.000
27488,2006,-20.507812,25000000.000
27489,1993,-26.855469,25000000.000
27490,1984,-31.250000,25000000.000
27491,1982,-32.226562,25000000.000
27492,1968,-39.062500,25000000.000
27493,1963,-41.503906,25000000.000
27494,1960,-42.968750,25000000.000
27495,1960,-42.968750,25000000.000
27496,1961,-42.480469,25000000.000
27497,1965,-40.527344,25000000.000
27498,1970,-38.085938,25000000.000
27499,1970,-38.085938,25000000.000
27500,1986,-30.273438,25000000.000
27501,1996,-25.390625,25000000.000
27502,2007,-20.019531,25000000.000
27503,2008,-19.531250,25000000.000
27504,2031,-8.300781,25000000.000
27505,2044,-1.953125,25000000.000
27506,2057,4.394531,25000000.000
27507,2059,5.371094,25000000.000
27508,2083,17.089844,25000000.000
27509,2091,20.996094,25000000.000
27510,2104,27.343750,25000000.000
27511,2103,26.855469,25000000.000
27512,2118,34.179688,25000000.000
27513,2123,36.621094,25000000.000
27514,2127,38.574219,25000000.000
27515,2127,38.574219,25000000.000
27516,2129,39.550781,25000000.000
27517,2127,38.574219,25000000.000
27518,2124,37.109375,25000000.000
27519,2123,36.621094,25000000.000
27520,2111,30.761719,25000000.000
27521,2104,27.343750,25000000.000
27522,2093,21.972656,25000000.000
27523,2092,21.484375,25000000.000
27524,2070,10.742188,25000000.000
27525,2056,3.906250,25000000.000
27526,2043,-2.441406,25000000.000
27527,2040,-3.906250,25000000.000
27528,2015,-16.113281,25000000.000
27529,2001,-22.949219,25000000.000
27530,1991,-27.832031,25000000.000
27531,1989,-28.808594,25000000.000
27532,1972,-37.109375,25000000.000
27533,1966,-40.039062,25000000.000
27534,1961,-42.480469,25000000.000
27535,1960,-42.968750,25000000.000
27536,1959,-43.457031,25000000.000
27537,1961,-42.480469,25000000.000
27538,1965,-40.527344,25000000.000
27539,1965,-40.527344,25000000.000
27540,1977,-34.667969,25000000.000
27541,1985,-30.761719,25000000.000
27542,1997,-24.902344,25000000.000
27543,1998,-24.414062,25000000.000
27544,2020,-13.671875,25000000.000
27545,2033,-7.324219,25000000.000
27546,2046,-0.976562,25000000.000
27547,2047,-0.488281,25000000.000
27548,2071,11.230469,25000000.000
27549,2083,17.089844,25000000.000
27550,2094,22.460938,25000000.000
27551,2095,22.949219,25000000.000
27552,2112,31.250000,25000000.000
27553,2119,34.667969,25000000.000
27554,2124,37.109375,25000000.000
27555,2124,37.109375,25000000.000
27556,2128,39.062500,25000000.000
27557,2128,39.062500,25000000.000
27558,2125,37.597656,25000000.000
27559,2125,37.597656,25000000.000
27560,2117,33.691406,25000000.000
27561,2110,30.273438,25000000.000
27562,2101,25.878906,25000000.000
27563,2100,25.390625,25000000.000
27564,2079,15.136719,25000000.000
27565,2067,9.277344,25000000.000
27566,2054,2.929688,25000000.000
27567,2053,2.441406,25000000.000
27568,2027,-10.253906,25000000.000
27569,2013,-17.089844,25000000.000
27570,2001,-22.949219,25000000.000
27571,2001,-22.949219,25000000.000
27572,1980,-33.203125,25000000.000
27573,1972,-37.109375,25000000.000
27574,1965,-40.527344,25000000.000
27575,1964,-41.015625,25000000.000
27576,1959,-43.457031,25000000.000
27577,1959,-43.457031,25000000.000
27578,1962,-41.992188,25000000.000
27579,1962,-41.992188,25000000.000
27580,1971,-37.597656,25000000.000
27581,1979,-33.691406,25000000.000
27582,1988,-29.296875,25000000.000
27583,1989,-28.808594,25000000.000
27584,2009,-19.042969,25000000.000
27585,2021,-13.183594,25000000.000
27586,2034,-6.835938,25000000.000
27587,2036,-5.859375,25000000.000
27588,2060,5.859375,25000000.000
27589,2073,12.207031,25000000.000
27590,2084,17.578125,25000000.000
27591,2086,18.554688,25000000.000
27592,2105,27.832031,25000000.000
27593,2114,32.226562,25000000.000
27594,2120,35.156250,25000000.000
27595,2120,35.156250,25000000.000
27596,2127,38.574219,25000000.000
27597,2129,39.550781,25000000.000
27598,2129,39.550781,25000000.000
27599,2128,39.062500,25000000.000
27600,2122,36.132812,25000000.000
27601,2116,33.203125,25000000.000
27602,2110,30.273438,25000000.000
27603,2108,29.296875,25000000.000
27604,2090,20.507812,25000000.000
27605,2078,14.648438,25000000.000
27606,2066,8.789062,25000000.000
27607,2065,8.300781,25000000.000
27608,2038,-4.882812,25000000.000
27609,2026,-10.742188,25000000.000
27610,2012,-17.578125,25000000.000
27611,2011,-18.066406,25000000.000
27612,1989,-28.808594,25000000.000
27613,1978,-34.179688,25000000.000
27614,1970,-38.085938,25000000.000
27615,1970,-38.085938,25000000.000
27616,1961,-42.480469,25000000.000
27617,1957,-44.433594,25000000.000
27618,1959,-43.457031,25000000.000
27619,1958,-43.945312,25000000.000
27620,1967,-39.550781,25000000.000
27621,1972,-37.109375,25000000.000
27622,1981,-32.714844,25000000.000
27623,1981,-32.714844,25000000.000
27624,2002,-22.460938,25000000.000
27625,2013,-17.089844,25000000.000
27626,2025,-11.230469,25000000.000
27627,2027,-10.253906,25000000.000
27628,2051,1.464844,25000000.000
27629,2063,7.324219,25000000.000
27630,2077,14.160156,25000000.000
27631,2078,14.648438,25000000.000
27632,2098,24.414062,25000000.000
27633,2108,29.296875,25000000.000
27634,2116,33.203125,25000000.000
27635,2116,33.203125,25000000.000
27636,2126,38.085938,25000000.000
27637,2128,39.062500,25000000.000
27638,2129,39.550781,25000000.000
27639,2130,40.039062,25000000.000
27640,2127,38.574219,25000000.000
27641,2121,35.644531,25000000.000
27642,2115,32.714844,25000000.000
27643,2115,32.714844,25000000.000
27644,2099,24.902344,25000000.000
27645,2087,19.042969,25000000.000
27646,2077,14.160156,25000000.000
27647,2077,14.160156,25000000.000
27648,2051,1.464844,25000000.000
27649,2036,-5.859375,25000000.000
27650,2024,-11.718750,25000000.000
27651,2022,-12.695312,25000000.000
27652,1999,-23.925781,25000000.000
27653,1987,-29.785156,25000000.000
27654,1977,-34.667969,25000000.000
27655,1977,-34.667969,25000000.000
27656,1964,-41.015625,25000000.000
27657,1961,-42.480469,25000000.000
27658,1960,-42.968750,25000000.000
27659,1959,-43.457031,25000000.000
27660,1964,-41.015625,25000000.000
27661,1969,-38.574219,25000000.000
27662,1974,-36.132812,25000000.000
27663,1973,-36.621094,25000000.000
27664,1992,-27.343750,25000000.000
27665,2002,-22.460938,25000000.000
27666,2014,-16.601562,25000000.000
27667,2015,-16.113281,25000000.000
27668,2039,-4.394531,25000000.000
27669,2052,1.953125,25000000.000
27670,2066,8.789062,25000000.000
27671,2067,9.277344,25000000.000
27672,2090,20.507812,25000000.000
27673,2100,25.390625,25000000.000
27674,2110,30.273438,25000000.000
27675,2109,29.785156,25000000.000
27676,2122,36.132812,25000000.000
27677,2126,38.085938,25000000.000
27678,2128,39.062500,25000000.000
27679,2128,39.062500,25000000.000
27680,2128,39.062500,25000000.000
27681,2124,37.109375,25000000.000
27682,2120,35.156250,25000000.000
27683,2120,35.156250,25000000.000
27684,2106,28.320312,25000000.000
27685,2098,24.414062,25000000.000
27686,2087,19.042969,25000000.000
27687,2086,18.554688,25000000.000
27688,2063,7.324219,25000000.000
27689,2049,0.488281,25000000.000
27690,2035,-6.347656,25000000.000
27691,2033,-7.324219,25000000.000
27692,2008,-19.531250,25000000.000
27693,1996,-25.390625,25000000.000
27694,1986,-30.273438,25000000.000
27695,1984,-31.250000,25000000.000
27696,1969,-38.574219,25000000.000
27697,1964,-41.015625,25000000.000
27698,1961,-42.480469,25000000.000
27699,1961,-42.480469,25000000.000
27700,1961,-42.480469,25000000.000
27701,1964,-41.015625,25000000.000
27702,1968,-39.062500,25000000.000
27703,1971,-37.597656,25000000.000
27704,1984,-31.250000,25000000.000
27705,1993,-26.855469,25000000.000
27706,2003,-21.972656,25000000.000
27707,2006,-20.507812,25000000.000
27708,2029,-9.277344,25000000.000
27709,2042,-2.929688,25000000.000
27710,2054,2.929688,25000000.000
27711,2056,3.906250,25000000.000
27712,2079,15.136719,25000000.000
27713,2090,20.507812,25000000.000
27714,2101,25.878906,25000000.000
27715,2102,26.367188,25000000.000
27716,2117,33.691406,25000000.000
27717,2123,36.621094,25000000.000
27718,2127,38.574219,25000000.000
27719,2126,38.085938,25000000.000
27720,2129,39.550781,25000000.000
27721,2128,39.062500,25000000.000
27722,2125,37.597656,25000000.000
27723,2123,36.621094,25000000.000
27724,2113,31.738281,25000000.000
27725,2105,27.832031,25000000.000
27726,2095,22.949219,25000000.000
27727,2095,22.949219,25000000.000
27728,2073,12.207031,25000000.000
27729,2060,5.859375,25000000.000
27730,2046,-0.976562,25000000.000
27731,2045,-1.464844,25000000.000
27732,2018,-14.648438,25000000.000
27733,2005,-20.996094,25000000.000
27734,1994,-26.367188,25000000.000
27735,1993,-26.855469,25000000.000
27736,1975,-35.644531,25000000.000
27737,1968,-39.062500,25000000.000
27738,1962,-41.992188,25000000.000
27739,1962,-41.992188,25000000.000
27740,1959,-43.457031,25000000.000
27741,1961,-42.480469,25000000.000
27742,1965,-40.527344,25000000.000
27743,1964,-41.015625,25000000.000
27744,1976,-35.156250,25000000.000
27745,1984,-31.250000,25000000.000
27746,1994,-26.367188,25000000.000
27747,1994,-26.367188,25000000.000
27748,2017,-15.136719,25000000.000
27749,2029,-9.277344,25000000.000
27750,2042,-2.929688,25000000.000
27751,2045,-1.464844,25000000.000
27752,2067,9.277344,25000000.000
27753,2082,16.601562,25000000.000
27754,2091,20.996094,25000000.000
27755,2094,22.460938,25000000.000
27756,2112,31.250000,25000000.000
27757,2117,33.691406,25000000.000
27758,2122,36.132812,25000000.000
27759,2124,37.109375,25000000.000
27760,2128,39.062500,25000000.000
27761,2128,39.062500,25000000.000
27762,2127,38.574219,25000000.000
27763,2126,38.085938,25000000.000
27764,2118,34.179688,25000000.000
27765,2112,31.250000,25000000.000
27766,2104,27.343750,25000000.000
27767,2103,26.855469,25000000.000
27768,2083,17.089844,25000000.000
27769,2071,11.230469,25000000.000
27770,2057,4.394531,25000000.000
27771,2057,4.394531,25000000.000
27772,2031,-8.300781,25000000.000
27773,2018,-14.648438,25000000.000
27774,2003,-21.972656,25000000.000
27775,2003,-21.972656,25000000.000
27776,1981,-32.714844,25000000.000
27777,1974,-36.132812,25000000.000
27778,1966,-40.039062,25000000.000
27779,1966,-40.039062,25000000.000
27780,1960,-42.968750,25000000.000
27781,1959,-43.457031,25000000.000
27782,1962,-41.992188,25000000.000
27783,1962,-41.992188,25000000.000
27784,1970,-38.085938,25000000.000
27785,1977,-34.667969,25000000.000
27786,1985,-30.761719,25000000.000
27787,1987,-29.785156,25000000.000
27788,2005,-20.996094,25000000.000
27789,2019,-14.160156,25000000.000
27790,2032,-7.812500,25000000.000
27791,2033,-7.324219,25000000.000
27792,2057,4.394531,25000000.000
27793,2070,10.742188,25000000.000
27794,2082,16.601562,25000000.000
27795,2083,17.089844,25000000.000
27796,2104,27.343750,25000000.000
27797,2113,31.738281,25000000.000
27798,2118,34.179688,25000000.000
27799,2119,34.667969,25000000.000
27800,2127,38.574219,25000000.000
27801,2129,39.550781,25000000.000
27802,2128,39.062500,25000000.000
27803,2129,39.550781,25000000.000
27804,2123,36.621094,25000000.000
27805,2119,34.667969,25000000.000
27806,2111,30.761719,25000000.000
27807,2111,30.761719,25000000.000
27808,2094,22.460938,25000000.000
27809,2081,16.113281,25000000.000
27810,2070,10.742188,25000000.000
27811,2068,9.765625,25000000.000
27812,2043,-2.441406,25000000.000
27813,2029,-9.277344,25000000.000
27814,2017,-15.136719,25000000.000
27815,2014,-16.601562,25000000.000
27816,1992,-27.343750,25000000.000
27817,1981,-32.714844,25000000.000
27818,1973,-36.621094,25000000.000
27819,1972,-37.109375,25000000.000
27820,1962,-41.992188,25000000.000
27821,1959,-43.457031,25000000.000
27822,1959,-43.457031,25000000.000
27823,1960,-42.968750,25000000.000
27824,1966,-40.039062,25000000.000
27825,1971,-37.597656,25000000.000
27826,1979,-33.691406,25000000.000
27827,1979,-33.691406,25000000.000
27828,1994,-26.367188,25000000.000
27829,2013,-17.089844,25000000.000
27830,2019,-14.160156,25000000.000
27831,2020,-13.671875,25000000.000
27832,2047,-0.488281,25000000.000
27833,2062,6.835938,25000000.000
27834,2073,12.207031,25000000.000
27835,2074,12.695312,25000000.000
27836,2095,22.949219,25000000.000
27837,2106,28.320312,25000000.000
27838,2114,32.226562,25000000.000
27839,2115,32.714844,25000000.000
27840,2126,38.085938,25000000.000
27841,2128,39.062500,25000000.000
27842,2130,40.039062,25000000.000
27843,2130,40.039062,25000000.000
27844,2128,39.062500,25000000.000
27845,2124,37.109375,25000000.000
27846,2117,33.691406,25000000.000
27847,2118,34.179688,25000000.000
27848,2102,26.367188,25000000.000
27849,2092,21.484375,25000000.000
27850,2080,15.625000,25000000.000
27851,2079,15.136719,25000000.000
27852,2054,2.929688,25000000.000
27853,2040,-3.906250,25000000.000
27854,2026,-10.742188,25000000.000
27855,2025,-11.230469,25000000.000
27856,2000,-23.437500,25000000.000
27857,1989,-28.808594,25000000.000
27858,1979,-33.691406,25000000.000
27859,1978,-34.179688,25000000.000
27860,1964,-41.015625,25000000.000
27861,1961,-42.480469,25000000.000
27862,1958,-43.945312,25000000.000
27863,1958,-43.945312,25000000.000
27864,1962,-41.992188,25000000.000
27865,1966,-40.039062,25000000.000
27866,1972,-37.109375,25000000.000
27867,1972,-37.109375,25000000.000
27868,1989,-28.808594,25000000.000
27869,1999,-23.925781,25000000.000
27870,2010,-18.554688,25000000.000
27871,2012,-17.578125,25000000.000
27872,2036,-5.859375,25000000.000
27873,2049,0.488281,25000000.000
27874,2063,7.324219,25000000.000
27875,2064,7.812500,25000000.000
27876,2087,19.042969,25000000.000
27877,2098,24.414062,25000000.000
27878,2107,28.808594,25000000.000
27879,2108,29.296875,25000000.000
27880,2122,36.132812,25000000.000
27881,2126,38.085938,25000000.000
27882,2129,39.550781,25000000.000
27883,2129,39.550781,25000000.000
27884,2129,39.550781,25000000.000
27885,2127,38.574219,25000000.000
27886,2122,36.132812,25000000.000
27887,2122,36.132812,25000000.000
27888,2109,29.785156,25000000.000
27889,2100,25.390625,25000000.000
27890,2090,20.507812,25000000.000
27891,2089,20.019531,25000000.000
27892,2066,8.789062,25000000.000
27893,2052,1.953125,25000000.000
27894,2039,-4.394531,25000000.000
27895,2037,-5.371094,25000000.000
27896,2013,-17.089844,25000000.000
27897,1998,-24.414062,25000000.000
27898,1988,-29.296875,25000000.000
27899,1987,-29.785156,25000000.000
27900,1970,-38.085938,25000000.000
27901,1964,-41.015625,25000000.000
27902,1960,-42.968750,25000000.000
27903,1961,-42.480469,25000000.000
27904,1959,-43.457031,25000000.000
27905,1962,-41.992188,25000000.000
27906,1967,-39.550781,25000000.000
27907,1968,-39.062500,25000000.000
27908,1981,-32.714844,25000000.000
27909,1991,-27.832031,25000000.000
27910,2000,-23.437500,25000000.000
27911,2003,-21.972656,25000000.000
27912,2025,-11.230469,25000000.000
27913,2038,-4.882812,25000000.000
27914,2050,0.976562,25000000.000
27915,2052,1.953125,25000000.000
27916,2076,13.671875,25000000.000
27917,2088,19.531250,25000000.000
27918,2098,24.414062,25000000.000
27919,2098,24.414062,25000000.000
27920,2114,32.226562,25000000.000
27921,2121,35.644531,25000000.000
27922,2125,37.597656,25000000.000
27923,2127,38.574219,25000000.000
27924,2129,39.550781,25000000.000
27925,2128,39.062500,25000000.000
27926,2125,37.597656,25000000.000
27927,2126,38.085938,25000000.000
27928,2115,32.714844,25000000.000
27929,2108,29.296875,25000000.000
27930,2098,24.414062,25000000.000
27931,2097,23.925781,25000000.000
27932,2076,13.671875,25000000.000
27933,2064,7.812500,25000000.000
27934,2050,0.976562,25000000.000
27935,2047,-0.488281,25000000.000
27936,2022,-12.695312,25000000.000
27937,2009,-19.042969,25000000.000
27938,1997,-24.902344,25000000.000
27939,1995,-25.878906,25000000.000
27940,1976,-35.156250,25000000.000
27941,1969,-38.574219,25000000.000
27942,1962,-41.992188,25000000.000
27943,1962,-41.992188,25000000.000
27944,1958,-43.945312,25000000.000
27945,1960,-42.968750,25000000.000
27946,1963,-41.503906,25000000.000
27947,1963,-41.503906,25000000.000
27948,1973,-36.621094,25000000.000
27949,1982,-32.226562,25000000.000
27950,1992,-27.343750,25000000.000
27951,1993,-26.855469,25000000.000
27952,2013,-17.089844,25000000.000
27953,2027,-10.253906,25000000.000
27954,2039,-4.394531,25000000.000
27955,2040,-3.906250,25000000.000
27956,2064,7.812500,25000000.000
27957,2077,14.160156,25000000.000
27958,2089,20.019531,25000000.000
27959,2091,20.996094,25000000.000
27960,2108,29.296875,25000000.000
27961,2116,33.203125,25000000.000
27962,2121,35.644531,25000000.000
27963,2122,36.132812,25000000.000
27964,2128,39.062500,25000000.000
27965,2128,39.062500,25000000.000
27966,2124,37.109375,25000000.000
27967,2125,37.597656,25000000.000
27968,2124,37.109375,25000000.000
27969,2114,32.226562,25000000.000
27970,2106,28.320312,25000000.000
27971,2105,27.832031,25000000.000
27972,2086,18.554688,25000000.000
27973,2074,12.695312,25000000.000
27974,2062,6.835938,25000000.000
27975,2060,5.859375,25000000.000
27976,2034,-6.835938,25000000.000
27977,2021,-13.183594,25000000.000
27978,2007,-20.019531,25000000.000
27979,2006,-20.507812,25000000.000
27980,1984,-31.250000,25000000.000
27981,1975,-35.644531,25000000.000
27982,1968,-39.062500,25000000.000
27983,1967,-39.550781,25000000.000
27984,1960,-42.968750,25000000.000
27985,1958,-43.945312,25000000.000
27986,1960,-42.968750,25000000.000
27987,1960,-42.968750,25000000.000
27988,1968,-39.062500,25000000.000
27989,1975,-35.644531,25000000.000
27990,1983,-31.738281,25000000.000
27991,1985,-30.761719,25000000.000
27992,2004,-21.484375,25000000.000
27993,2016,-15.625000,25000000.000
27994,2028,-9.765625,25000000.000
27995,2030,-8.789062,25000000.000
27996,2054,2.929688,25000000.000
27997,2067,9.277344,25000000.000
27998,2079,15.136719,25000000.000
27999,2081,16.113281,25000000.000
28000,2100,25.390625,25000000.000
28001,2110,30.273438,25000000.000
28002,2117,33.691406,25000000.000
28003,2117,33.691406,25000000.000
28004,2126,38.085938,25000000.000
28005,2129,39.550781,25000000.000
28006,2130,40.039062,25000000.000
28007,2129,39.550781,25000000.000
28008,2124,37.109375,25000000.000
28009,2120,35.156250,25000000.000
28010,2113,31.738281,25000000.000
28011,2114,32.226562,25000000.000
28012,2095,22.949219,25000000.000
28013,2084,17.578125,25000000.000
28014,2073,12.207031,25000000.000
28015,2072,11.718750,25000000.000
28016,2045,-1.464844,25000000.000
28017,2032,-7.812500,25000000.000
28018,2019,-14.160156,25000000.000
28019,2018,-14.648438,25000000.000
28020,1994,-26.367188,25000000.000
28021,1983,-31.738281,25000000.000
28022,1974,-36.132812,25000000.000
28023,1974,-36.132812,25000000.000
28024,1962,-41.992188,25000000.000
28025,1959,-43.457031,25000000.000
28026,1959,-43.457031,25000000.000
28027,1959,-43.457031,25000000.000
28028,1965,-40.527344,25000000.000
28029,1970,-38.085938,25000000.000
28030,1976,-35.156250,25000000.000
28031,1977,-34.667969,25000000.000
28032,1995,-25.878906,25000000.000
28033,2006,-20.507812,25000000.000
28034,2019,-14.160156,25000000.000
28035,2018,-14.648438,25000000.000
28036,2044,-1.953125,25000000.000
28037,2057,4.394531,25000000.000
28038,2069,10.253906,25000000.000
28039,2071,11.230469,25000000.000
28040,2093,21.972656,25000000.000
28041,2104,27.343750,25000000.000
28042,2112,31.250000,25000000.000
28043,2113,31.738281,25000000.000
28044,2124,37.109375,25000000.000
28045,2127,38.574219,25000000.000
28046,2130,40.039062,25000000.000
28047,2129,39.550781,25000000.000
28048,2128,39.062500,25000000.000
28049,2124,37.109375,25000000.000
28050,2120,35.156250,25000000.000
28051,2119,34.667969,25000000.000
28052,2104,27.343750,25000000.000
28053,2095,22.949219,25000000.000
28054,2083,17.089844,25000000.000
28055,2082,16.601562,25000000.000
28056,2058,4.882812,25000000.000
28057,2045,-1.464844,25000000.000
28058,2031,-8.300781,25000000.000
28059,2029,-9.277344,25000000.000
28060,2003,-21.972656,25000000.000
28061,1992,-27.343750,25000000.000
28062,1982,-32.226562,25000000.000
28063,1981,-32.714844,25000000.000
28064,1967,-39.550781,25000000.000
28065,1962,-41.992188,25000000.000
28066,1959,-43.457031,25000000.000
28067,1960,-42.968750,25000000.000
28068,1962,-41.992188,25000000.000
28069,1965,-40.527344,25000000.000
28070,1970,-38.085938,25000000.000
28071,1971,-37.597656,25000000.000
28072,1987,-29.785156,25000000.000
28073,1996,-25.390625,25000000.000
28074,2008,-19.531250,25000000.000
28075,2008,-19.531250,25000000.000
28076,2032,-7.812500,25000000.000
28077,2045,-1.464844,25000000.000
28078,2059,5.371094,25000000.000
28079,2060,5.859375,25000000.000
28080,2083,17.089844,25000000.000
28081,2095,22.949219,25000000.000
28082,2104,27.343750,25000000.000
28083,2105,27.832031,25000000.000
28084,2118,34.179688,25000000.000
28085,2124,37.109375,25000000.000
28086,2127,38.574219,25000000.000
28087,2128,39.062500,25000000.000
28088,2129,39.550781,25000000.000
28089,2126,38.085938,25000000.000
28090,2123,36.621094,25000000.000
28091,2123,36.621094,25000000.000
28092,2111,30.761719,25000000.000
28093,2104,27.343750,25000000.000
28094,2093,21.972656,25000000.000
28095,2092,21.484375,25000000.000
28096,2068,9.765625,25000000.000
28097,2056,3.906250,25000000.000
28098,2043,-2.441406,25000000.000
28099,2041,-3.417969,25000000.000
28100,2016,-15.625000,25000000.000
28101,2003,-21.972656,25000000.000
28102,1991,-27.832031,25000000.000
28103,1990,-28.320312,25000000.000
28104,1973,-36.621094,25000000.000
28105,1966,-40.039062,25000000.000
28106,1962,-41.992188,25000000.000
28107,1962,-41.992188,25000000.000
28108,1960,-42.968750,25000000.000
28109,1962,-41.992188,25000000.000
28110,1966,-40.039062,25000000.000
28111,1967,-39.550781,25000000.000
28112,1978,-34.179688,25000000.000
28113,1989,-28.808594,25000000.000
28114,1999,-23.925781,25000000.000
28115,2000,-23.437500,25000000.000
28116,2021,-13.183594,25000000.000
28117,2035,-6.347656,25000000.000
28118,2046,-0.976562,25000000.000
28119,2047,-0.488281,25000000.000
28120,2074,12.695312,25000000.000
28121,2084,17.578125,25000000.000
28122,2095,22.949219,25000000.000
28123,2097,23.925781,25000000.000
28124,2113,31.738281,25000000.000
28125,2120,35.156250,25000000.000
28126,2125,37.597656,25000000.000
28127,2126,38.085938,25000000.000
28128,2128,39.062500,25000000.000
28129,2127,38.574219,25000000.000
28130,2126,38.085938,25000000.000
28131,2125,37.597656,25000000.000
28132,2116,33.203125,25000000.000
28133,2110,30.273438,25000000.000
28134,2101,25.878906,25000000.000
28135,2100,25.390625,25000000.000
28136,2079,15.136719,25000000.000
28137,2068,9.765625,25000000.000
28138,2053,2.441406,25000000.000
28139,2051,1.464844,25000000.000
28140,2025,-11.230469,25000000.000
28141,2013,-17.089844,25000000.000
28142,2000,-23.437500,25000000.000
28143,1999,-23.925781,25000000.000
28144,1979,-33.691406,25000000.000
28145,1971,-37.597656,25000000.000
28146,1965,-40.527344,25000000.000
28147,1964,-41.015625,25000000.000
28148,1959,-43.457031,25000000.000
28149,1959,-43.457031,25000000.000
28150,1962,-41.992188,25000000.000
28151,1963,-41.503906,25000000.000
28152,1972,-37.109375,25000000.000
28153,1980,-33.203125,25000000.000
28154,1988,-29.296875,25000000.000
28155,1988,-29.296875,25000000.000
28156,2010,-18.554688,25000000.000
28157,2023,-12.207031,25000000.000
28158,2036,-5.859375,25000000.000
28159,2037,-5.371094,25000000.000
28160,2062,6.835938,25000000.000
28161,2075,13.183594,25000000.000
28162,2086,18.554688,25000000.000
28163,2087,19.042969,25000000.000
28164,2106,28.320312,25000000.000
28165,2113,31.738281,25000000.000
28166,2121,35.644531,25000000.000
28167,2120,35.156250,25000000.000
28168,2127,38.574219,25000000.000
28169,2128,39.062500,25000000.000
28170,2128,39.062500,25000000.000
28171,2127,38.574219,25000000.000
28172,2122,36.132812,25000000.000
28173,2116,33.203125,25000000.000
28174,2108,29.296875,25000000.000
28175,2107,28.808594,25000000.000
28176,2089,20.019531,25000000.000
28177,2077,14.160156,25000000.000
28178,2065,8.300781,25000000.000
28179,2063,7.324219,25000000.000
28180,2037,-5.371094,25000000.000
28181,2024,-11.718750,25000000.000
28182,2011,-18.066406,25000000.000
28183,2010,-18.554688,25000000.000
28184,1987,-29.785156,25000000.000
28185,1977,-34.667969,25000000.000
28186,1969,-38.574219,25000000.000
28187,1968,-39.062500,25000000.000
28188,1960,-42.968750,25000000.000
28189,1959,-43.457031,25000000.000
28190,1958,-43.945312,25000000.000
28191,1959,-43.457031,25000000.000
28192,1967,-39.550781,25000000.000
28193,1973,-36.621094,25000000.000
28194,1981,-32.714844,25000000.000
28195,1981,-32.714844,25000000.000
28196,2000,-23.437500,25000000.000
28197,2012,-17.578125,25000000.000
28198,2025,-11.230469,25000000.000
28199,2026,-10.742188,25000000.000
28200,2051,1.464844,25000000.000
28201,2064,7.812500,25000000.000
28202,2076,13.671875,25000000.000
28203,2078,14.648438,25000000.000
28204,2099,24.902344,25000000.000
28205,2108,29.296875,25000000.000
28206,2116,33.203125,25000000.000
28207,2117,33.691406,25000000.000
28208,2127,38.574219,25000000.000
28209,2129,39.550781,25000000.000
28210,2130,40.039062,25000000.000
28211,2131,40.527344,25000000.000
28212,2126,38.085938,25000000.000
28213,2121,35.644531,25000000.000
28214,2115,32.714844,25000000.000
28215,2115,32.714844,25000000.000
28216,2098,24.414062,25000000.000
28217,2087,19.042969,25000000.000
28218,2076,13.671875,25000000.000
28219,2075,13.183594,25000000.000
28220,2050,0.976562,25000000.000
28221,2036,-5.859375,25000000.000
28222,2022,-12.695312,25000000.000
28223,2022,-12.695312,25000000.000
28224,1997,-24.902344,25000000.000
28225,1985,-30.761719,25000000.000
28226,1976,-35.156250,25000000.000
28227,1975,-35.644531,25000000.000
28228,1964,-41.015625,25000000.000
28229,1960,-42.968750,25000000.000
28230,1958,-43.945312,25000000.000
28231,1959,-43.457031,25000000.000
28232,1964,-41.015625,25000000.000
28233,1969,-38.574219,25000000.000
28234,1975,-35.644531,25000000.000
28235,1975,-35.644531,25000000.000
28236,1993,-26.855469,25000000.000
28237,2004,-21.484375,25000000.000
28238,2016,-15.625000,25000000.000
28239,2016,-15.625000,25000000.000
28240,2041,-3.417969,25000000.000
28241,2054,2.929688,25000000.000
28242,2067,9.277344,25000000.000
28243,2068,9.765625,25000000.000
28244,2090,20.507812,25000000.000
28245,2100,25.390625,25000000.000
28246,2109,29.785156,25000000.000
28247,2110,30.273438,25000000.000
28248,2122,36.132812,25000000.000
28249,2126,38.085938,25000000.000
28250,2128,39.062500,25000000.000
28251,2129,39.550781,25000000.000
28252,2126,38.085938,25000000.000
28253,2125,37.597656,25000000.000
28254,2120,35.156250,25000000.000
28255,2119,34.667969,25000000.000
28256,2105,27.832031,25000000.000
28257,2095,22.949219,25000000.000
28258,2085,18.066406,25000000.000
28259,2083,17.089844,25000000.000
28260,2061,6.347656,25000000.000
28261,2047,-0.488281,25000000.000
28262,2034,-6.835938,25000000.000
28263,2032,-7.812500,25000000.000
28264,2007,-20.019531,25000000.000
28265,1995,-25.878906,25000000.000
28266,1984,-31.250000,25000000.000
28267,1984,-31.250000,25000000.000
28268,1968,-39.062500,25000000.000
28269,1963,-41.503906,25000000.000
28270,1960,-42.968750,25000000.000
28271,1961,-42.480469,25000000.000
28272,1961,-42.480469,25000000.000
28273,1965,-40.527344,25000000.000
28274,1970,-38.085938,25000000.000
28275,1970,-38.085938,25000000.000
28276,1985,-30.761719,25000000.000
28277,1994,-26.367188,25000000.000
28278,2006,-20.507812,25000000.000
28279,2007,-20.019531,25000000.000
28280,2030,-8.789062,25000000.000
28281,2042,-2.929688,25000000.000
28282,2055,3.417969,25000000.000
28283,2057,4.394531,25000000.000
28284,2080,15.625000,25000000.000
28285,2092,21.484375,25000000.000
28286,2103,26.855469,25000000.000
28287,2102,26.367188,25000000.000
28288,2119,34.667969,25000000.000
28289,2124,37.109375,25000000.000
28290,2127,38.574219,25000000.000
28291,2127,38.574219,25000000.000
28292,2130,40.039062,25000000.000
28293,2128,39.062500,25000000.000
28294,2124,37.109375,25000000.000
28295,2124,37.109375,25000000.000
28296,2113,31.738281,25000000.000
28297,2106,28.320312,25000000.000
28298,2095,22.949219,25000000.000
28299,2094,22.460938,25000000.000
28300,2072,11.718750,25000000.000
28301,2058,4.882812,25000000.000
28302,2045,-1.464844,25000000.000
28303,2044,-1.953125,25000000.000
28304,2018,-14.648438,25000000.000
28305,2005,-20.996094,25000000.000
28306,1993,-26.855469,25000000.000
28307,1992,-27.343750,25000000.000
28308,1975,-35.644531,25000000.000
28309,1968,-39.062500,25000000.000
28310,1962,-41.992188,25000000.000
28311,1962,-41.992188,25000000.000
28312,1959,-43.457031,25000000.000
28313,1961,-42.480469,25000000.000
28314,1960,-42.968750,25000000.000
28315,1966,-40.039062,25000000.000
28316,1980,-33.203125,25000000.000
28317,1987,-29.785156,25000000.000
28318,1995,-25.878906,25000000.000
28319,1996,-25.390625,25000000.000
28320,2019,-14.160156,25000000.000
28321,2031,-8.300781,25000000.000
28322,2044,-1.953125,25000000.000
28323,2045,-1.464844,25000000.000
28324,2070,10.742188,25000000.000
28325,2081,16.113281,25000000.000
28326,2093,21.972656,25000000.000
28327,2094,22.460938,25000000.000
28328,2111,30.761719,25000000.000
28329,2119,34.667969,25000000.000
28330,2124,37.109375,25000000.000
28331,2124,37.109375,25000000.000
28332,2129,39.550781,25000000.000
28333,2128,39.062500,25000000.000
28334,2127,38.574219,25000000.000
28335,2126,38.085938,25000000.000
28336,2118,34.179688,25000000.000
28337,2112,31.250000,25000000.000
28338,2101,25.878906,25000000.000
28339,2102,26.367188,25000000.000
28340,2081,16.113281,25000000.000
28341,2069,10.253906,25000000.000
28342,2056,3.906250,25000000.000
28343,2055,3.417969,25000000.000
28344,2029,-9.277344,25000000.000
28345,2015,-16.113281,25000000.000
28346,2004,-21.484375,25000000.000
28347,2002,-22.460938,25000000.000
28348,1982,-32.226562,25000000.000
28349,1973,-36.621094,25000000.000
28350,1965,-40.527344,25000000.000
28351,1966,-40.039062,25000000.000
28352,1960,-42.968750,25000000.000
28353,1959,-43.457031,25000000.000
28354,1961,-42.480469,25000000.000
28355,1960,-42.968750,25000000.000
28356,1970,-38.085938,25000000.000
28357,1977,-34.667969,25000000.000
28358,1988,-29.296875,25000000.000
28359,1988,-29.296875,25000000.000
28360,2008,-19.531250,25000000.000
28361,2019,-14.160156,25000000.000
28362,2032,-7.812500,25000000.000
28363,2034,-6.835938,25000000.000
28364,2059,5.371094,25000000.000
28365,2071,11.230469,25000000.000
28366,2084,17.578125,25000000.000
28367,2086,18.554688,25000000.000
28368,2103,26.855469,25000000.000
28369,2112,31.250000,25000000.000
28370,2119,34.667969,25000000.000
28371,2120,35.156250,25000000.000
28372,2126,38.085938,25000000.000
28373,2129,39.550781,25000000.000
28374,2128,39.062500,25000000.000
28375,2128,39.062500,25000000.000
28376,2123,36.621094,25000000.000
28377,2117,33.691406,25000000.000
28378,2111,30.761719,25000000.000
28379,2109,29.785156,25000000.000
28380,2091,20.996094,25000000.000
28381,2079,15.136719,25000000.000
28382,2068,9.765625,25000000.000
28383,2066,8.789062,25000000.000
28384,2041,-3.417969,25000000.000
28385,2027,-10.253906,25000000.000
28386,2013,-17.089844,25000000.000
28387,2012,-17.578125,25000000.000
28388,1989,-28.808594,25000000.000
28389,1979,-33.691406,25000000.000
28390,1971,-37.597656,25000000.000
28391,1971,-37.597656,25000000.000
28392,1961,-42.480469,25000000.000
28393,1959,-43.457031,25000000.000
28394,1959,-43.457031,25000000.000
28395,1958,-43.945312,25000000.000
28396,1965,-40.527344,25000000.000
28397,1972,-37.109375,25000000.000
28398,1979,-33.691406,25000000.000
28399,1980,-33.203125,25000000.000
28400,1999,-23.925781,25000000.000
28401,2010,-18.554688,25000000.000
28402,2022,-12.695312,25000000.000
28403,2023,-12.207031,25000000.000
28404,2049,0.488281,25000000.000
28405,2062,6.835938,25000000.000
28406,2074,12.695312,25000000.000
28407,2075,13.183594,25000000.000
28408,2097,23.925781,25000000.000
28409,2106,28.320312,25000000.000
28410,2114,32.226562,25000000.000
28411,2115,32.714844,25000000.000
28412,2126,38.085938,25000000.000
28413,2127,38.574219,25000000.000
28414,2128,39.062500,25000000.000
28415,2129,39.550781,25000000.000
28416,2126,38.085938,25000000.000
28417,2123,36.621094,25000000.000
28418,2118,34.179688,25000000.000
28419,2116,33.203125,25000000.000
28420,2101,25.878906,25000000.000
28421,2091,20.996094,25000000.000
28422,2078,14.648438,25000000.000
28423,2077,14.160156,25000000.000
28424,2053,2.441406,25000000.000
28425,2039,-4.394531,25000000.000
28426,2025,-11.230469,25000000.000
28427,2024,-11.718750,25000000.000
28428,2001,-22.949219,25000000.000
28429,1988,-29.296875,25000000.000
28430,1979,-33.691406,25000000.000
28431,1978,-34.179688,25000000.000
28432,1965,-40.527344,25000000.000
28433,1961,-42.480469,25000000.000
28434,1959,-43.457031,25000000.000
28435,1959,-43.457031,25000000.000
28436,1962,-41.992188,25000000.000
28437,1967,-39.550781,25000000.000
28438,1973,-36.621094,25000000.000
28439,1974,-36.132812,25000000.000
28440,1990,-28.320312,25000000.000
28441,2000,-23.437500,25000000.000
28442,2012,-17.578125,25000000.000
28443,2013,-17.089844,25000000.000
28444,2038,-4.882812,25000000.000
28445,2049,0.488281,25000000.000
28446,2064,7.812500,25000000.000
28447,2065,8.300781,25000000.000
28448,2087,19.042969,25000000.000
28449,2099,24.902344,25000000.000
28450,2107,28.808594,25000000.000
28451,2108,29.296875,25000000.000
28452,2121,35.644531,25000000.000
28453,2126,38.085938,25000000.000
28454,2129,39.550781,25000000.000
28455,2128,39.062500,25000000.000
28456,2129,39.550781,25000000.000
28457,2125,37.597656,25000000.000
28458,2122,36.132812,25000000.000
28459,2121,35.644531,25000000.000
28460,2108,29.296875,25000000.000
28461,2100,25.390625,25000000.000
28462,2088,19.531250,25000000.000
28463,2087,19.042969,25000000.000
28464,2064,7.812500,25000000.000
28465,2052,1.953125,25000000.000
28466,2037,-5.371094,25000000.000
28467,2037,-5.371094,25000000.000
28468,2011,-18.066406,25000000.000
28469,1998,-24.414062,25000000.000
28470,1988,-29.296875,25000000.000
28471,1986,-30.273438,25000000.000
28472,1970,-38.085938,25000000.000
28473,1964,-41.015625,25000000.000
28474,1961,-42.480469,25000000.000
28475,1960,-42.968750,25000000.000
28476,1960,-42.968750,25000000.000
28477,1963,-41.503906,25000000.000
28478,1967,-39.550781,25000000.000
28479,1968,-39.062500,25000000.000
28480,1983,-31.738281,25000000.000
28481,1992,-27.343750,25000000.000
28482,2002,-22.460938,25000000.000
28483,2004,-21.484375,25000000.000
28484,2026,-10.742188,25000000.000
28485,2039,-4.394531,25000000.000
28486,2051,1.464844,25000000.000
28487,2053,2.441406,25000000.000
28488,2076,13.671875,25000000.000
28489,2090,20.507812,25000000.000
28490,2099,24.902344,25000000.000
28491,2100,25.390625,25000000.000
28492,2117,33.691406,25000000.000
28493,2123,36.621094,25000000.000
28494,2125,37.597656,25000000.000
28495,2125,37.597656,25000000.000
28496,2129,39.550781,25000000.000
28497,2129,39.550781,25000000.000
28498,2125,37.597656,25000000.000
28499,2125,37.597656,25000000.000
28500,2115,32.714844,25000000.000
28501,2107,28.808594,25000000.000
28502,2098,24.414062,25000000.000
28503,2096,23.437500,25000000.000
28504,2075,13.183594,25000000.000
28505,2062,6.835938,25000000.000
28506,2048,0.000000,25000000.000
28507,2047,-0.488281,25000000.000
28508,2021,-13.183594,25000000.000
28509,2008,-19.531250,25000000.000
28510,1996,-25.390625,25000000.000
28511,1995,-25.878906,25000000.000
28512,1976,-35.156250,25000000.000
28513,1969,-38.574219,25000000.000
28514,1962,-41.992188,25000000.000
28515,1962,-41.992188,25000000.000
28516,1959,-43.457031,25000000.000
28517,1960,-42.968750,25000000.000
28518,1963,-41.503906,25000000.000
28519,1963,-41.503906,25000000.000
28520,1975,-35.644531,25000000.000
28521,1983,-31.738281,25000000.000
28522,1992,-27.343750,25000000.000
28523,1993,-26.855469,25000000.000
28524,2015,-16.113281,25000000.000
28525,2027,-10.253906,25000000.000
28526,2041,-3.417969,25000000.000
28527,2041,-3.417969,25000000.000
28528,2066,8.789062,25000000.000
28529,2078,14.648438,25000000.000
28530,2090,20.507812,25000000.000
28531,2091,20.996094,25000000.000
28532,2109,29.785156,25000000.000
28533,2118,34.179688,25000000.000
28534,2122,36.132812,25000000.000
28535,2123,36.621094,25000000.000
28536,2128,39.062500,25000000.000
28537,2129,39.550781,25000000.000
28538,2128,39.062500,25000000.000
28539,2128,39.062500,25000000.000
28540,2120,35.156250,25000000.000
28541,2114,32.226562,25000000.000
28542,2105,27.832031,25000000.000
28543,2104,27.343750,25000000.000
28544,2084,17.578125,25000000.000
28545,2072,11.718750,25000000.000
28546,2060,5.859375,25000000.000
28547,2059,5.371094,25000000.000
28548,2032,-7.812500,25000000.000
28549,2019,-14.160156,25000000.000
28550,2006,-20.507812,25000000.000
28551,2005,-20.996094,25000000.000
28552,1983,-31.738281,25000000.000
28553,1974,-36.132812,25000000.000
28554,1968,-39.062500,25000000.000
28555,1966,-40.039062,25000000.000
28556,1960,-42.968750,25000000.000
28557,1958,-43.945312,25000000.000
28558,1960,-42.968750,25000000.000
28559,1960,-42.968750,25000000.000
28560,1969,-38.574219,25000000.000
28561,1975,-35.644531,25000000.000
28562,1984,-31.250000,25000000.000
28563,1984,-31.250000,25000000.000
28564,2005,-20.996094,25000000.000
28565,2017,-15.136719,25000000.000
28566,2029,-9.277344,25000000.000
28567,2030,-8.789062,25000000.000
28568,2056,3.906250,25000000.000
28569,2069,10.253906,25000000.000
28570,2081,16.113281,25000000.000
28571,2082,16.601562,25000000.000
28572,2102,26.367188,25000000.000
28573,2110,30.273438,25000000.000
28574,2118,34.179688,25000000.000
28575,2118,34.179688,25000000.000
28576,2127,38.574219,25000000.000
28577,2128,39.062500,25000000.000
28578,2129,39.550781,25000000.000
28579,2128,39.062500,25000000.000
28580,2125,37.597656,25000000.000
28581,2118,34.179688,25000000.000
28582,2113,31.738281,25000000.000
28583,2111,30.761719,25000000.000
28584,2094,22.460938,25000000.000
28585,2084,17.578125,25000000.000
28586,2071,11.230469,25000000.000
28587,2070,10.742188,25000000.000
28588,2044,-1.953125,25000000.000
28589,2031,-8.300781,25000000.000
28590,2018,-14.648438,25000000.000
28591,2015,-16.113281,25000000.000
28592,1993,-26.855469,25000000.000
28593,1981,-32.714844,25000000.000
28594,1975,-35.644531,25000000.000
28595,1972,-37.109375,25000000.000
28596,1962,-41.992188,25000000.000
28597,1960,-42.968750,25000000.000
28598,1959,-43.457031,25000000.000
28599,1958,-43.945312,25000000.000
28600,1965,-40.527344,25000000.000
28601,1969,-38.574219,25000000.000
28602,1977,-34.667969,25000000.000
28603,1978,-34.179688,25000000.000
28604,1996,-25.390625,25000000.000
28605,2007,-20.019531,25000000.000
28606,2019,-14.160156,25000000.000
28607,2021,-13.183594,25000000.000
28608,2045,-1.464844,25000000.000
28609,2058,4.882812,25000000.000
28610,2071,11.230469,25000000.000
28611,2072,11.718750,25000000.000
28612,2094,22.460938,25000000.000
28613,2105,27.832031,25000000.000
28614,2113,31.738281,25000000.000
28615,2114,32.226562,25000000.000
28616,2124,37.109375,25000000.000
28617,2128,39.062500,25000000.000
28618,2130,40.039062,25000000.000
28619,2130,40.039062,25000000.000
28620,2128,39.062500,25000000.000
28621,2124,37.109375,25000000.000
28622,2119,34.667969,25000000.000
28623,2118,34.179688,25000000.000
28624,2104,27.343750,25000000.000
28625,2094,22.460938,25000000.000
28626,2082,16.601562,25000000.000
28627,2080,15.625000,25000000.000
28628,2056,3.906250,25000000.000
28629,2043,-2.441406,25000000.000
28630,2029,-9.277344,25000000.000
28631,2027,-10.253906,25000000.000
28632,2004,-21.484375,25000000.000
28633,1990,-28.320312,25000000.000
28634,1981,-32.714844,25000000.000
28635,1981,-32.714844,25000000.000
28636,1966,-40.039062,25000000.000
28637,1962,-41.992188,25000000.000
28638,1960,-42.968750,25000000.000
28639,1960,-42.968750,25000000.000
28640,1962,-41.992188,25000000.000
28641,1966,-40.039062,25000000.000
28642,1971,-37.597656,25000000.000
28643,1973,-36.621094,25000000.000
28644,1989,-28.808594,25000000.000
28645,1998,-24.414062,25000000.000
28646,2009,-19.042969,25000000.000
28647,2010,-18.554688,25000000.000
28648,2034,-6.835938,25000000.000
28649,2048,0.000000,25000000.000
28650,2060,5.859375,25000000.000
28651,2062,6.835938,25000000.000
28652,2084,17.578125,25000000.000
28653,2095,22.949219,25000000.000
28654,2105,27.832031,25000000.000
28655,2107,28.808594,25000000.000
28656,2120,35.156250,25000000.000
28657,2126,38.085938,25000000.000
28658,2128,39.062500,25000000.000
28659,2128,39.062500,25000000.000
28660,2129,39.550781,25000000.000
28661,2127,38.574219,25000000.000
28662,2125,37.597656,25000000.000
28663,2125,37.597656,25000000.000
28664,2110,30.273438,25000000.000
28665,2102,26.367188,25000000.000
28666,2091,20.996094,25000000.000
28667,2090,20.507812,25000000.000
28668,2068,9.765625,25000000.000
28669,2055,3.417969,25000000.000
28670,2040,-3.906250,25000000.000
28671,2039,-4.394531,25000000.000
28672,2014,-16.601562,25000000.000
28673,2001,-22.949219,25000000.000
28674,1989,-28.808594,25000000.000
28675,1989,-28.808594,25000000.000
28676,1972,-37.109375,25000000.000
28677,1966,-40.039062,25000000.000
28678,1961,-42.480469,25000000.000
28679,1960,-42.968750,25000000.000
28680,1959,-43.457031,25000000.000
28681,1963,-41.503906,25000000.000
28682,1966,-40.039062,25000000.000
28683,1967,-39.550781,25000000.000
28684,1979,-33.691406,25000000.000
28685,1989,-28.808594,25000000.000
28686,1999,-23.925781,25000000.000
28687,2000,-23.437500,25000000.000
28688,2022,-12.695312,25000000.000
28689,2034,-6.835938,25000000.000
28690,2049,0.488281,25000000.000
28691,2050,0.976562,25000000.000
28692,2074,12.695312,25000000.000
28693,2086,18.554688,25000000.000
28694,2096,23.437500,25000000.000
28695,2097,23.925781,25000000.000
28696,2112,31.250000,25000000.000
28697,2120,35.156250,25000000.000
28698,2124,37.109375,25000000.000
28699,2125,37.597656,25000000.000
28700,2127,38.574219,25000000.000
28701,2128,39.062500,25000000.000
28702,2126,38.085938,25000000.000
28703,2125,37.597656,25000000.000
28704,2115,32.714844,25000000.000
28705,2107,28.808594,25000000.000
28706,2099,24.902344,25000000.000
28707,2100,25.390625,25000000.000
28708,2078,14.648438,25000000.000
28709,2064,7.812500,25000000.000
28710,2052,1.953125,25000000.000
28711,2050,0.976562,25000000.000
28712,2022,-12.695312,25000000.000
28713,2012,-17.578125,25000000.000
28714,2000,-23.437500,25000000.000
28715,1996,-25.390625,25000000.000
28716,1978,-34.179688,25000000.000
28717,1972,-37.109375,25000000.000
28718,1964,-41.015625,25000000.000
28719,1964,-41.015625,25000000.000
28720,1959,-43.457031,25000000.000
28721,1960,-42.968750,25000000.000
28722,1962,-41.992188,25000000.000
28723,1962,-41.992188,25000000.000
28724,1972,-37.109375,25000000.000
28725,1980,-33.203125,25000000.000
28726,1989,-28.808594,25000000.000
28727,1991,-27.832031,25000000.000
28728,2012,-17.578125,25000000.000
28729,2024,-11.718750,25000000.000
28730,2037,-5.371094,25000000.000
28731,2037,-5.371094,25000000.000
28732,2064,7.812500,25000000.000
28733,2076,13.671875,25000000.000
28734,2087,19.042969,25000000.000
28735,2088,19.531250,25000000.000
28736,2107,28.808594,25000000.000
28737,2114,32.226562,25000000.000
28738,2122,36.132812,25000000.000
28739,2122,36.132812,25000000.000
28740,2128,39.062500,25000000.000
28741,2129,39.550781,25000000.000
28742,2129,39.550781,25000000.000
28743,2128,39.062500,25000000.000
28744,2120,35.156250,25000000.000
28745,2115,32.714844,25000000.000
28746,2107,28.808594,25000000.000
28747,2106,28.320312,25000000.000
28748,2088,19.531250,25000000.000
28749,2075,13.183594,25000000.000
28750,2063,7.324219,25000000.000
28751,2061,6.347656,25000000.000
28752,2035,-6.347656,25000000.000
28753,2023,-12.207031,25000000.000
28754,2009,-19.042969,25000000.000
28755,2008,-19.531250,25000000.000
28756,1985,-30.761719,25000000.000
28757,1977,-34.667969,25000000.000
28758,1970,-38.085938,25000000.000
28759,1968,-39.062500,25000000.000
28760,1960,-42.968750,25000000.000
28761,1959,-43.457031,25000000.000
28762,1960,-42.968750,25000000.000
28763,1960,-42.968750,25000000.000
28764,1968,-39.062500,25000000.000
28765,1975,-35.644531,25000000.000
28766,1983,-31.738281,25000000.000
28767,1983,-31.738281,25000000.000
28768,2002,-22.460938,25000000.000
28769,2014,-16.601562,25000000.000
28770,2026,-10.742188,25000000.000
28771,2028,-9.765625,25000000.000
28772,2053,2.441406,25000000.000
28773,2065,8.300781,25000000.000
28774,2078,14.648438,25000000.000
28775,2079,15.136719,25000000.000
28776,2100,25.390625,25000000.000
28777,2109,29.785156,25000000.000
28778,2118,34.179688,25000000.000
28779,2118,34.179688,25000000.000
28780,2126,38.085938,25000000.000
28781,2128,39.062500,25000000.000
28782,2128,39.062500,25000000.000
28783,2129,39.550781,25000000.000
28784,2125,37.597656,25000000.000
28785,2121,35.644531,25000000.000
28786,2114,32.226562,25000000.000
28787,2113,31.738281,25000000.000
28788,2097,23.925781,25000000.000
28789,2085,18.066406,25000000.000
28790,2075,13.183594,25000000.000
28791,2074,12.695312,25000000.000
28792,2048,0.000000,25000000.000
28793,2034,-6.835938,25000000.000
28794,2021,-13.183594,25000000.000
28795,2019,-14.160156,25000000.000
28796,1996,-25.390625,25000000.000
28797,1985,-30.761719,25000000.000
28798,1977,-34.667969,25000000.000
28799,1976,-35.156250,25000000.000
28800,1964,-41.015625,25000000.000
28801,1961,-42.480469,25000000.000
28802,1959,-43.457031,25000000.000
28803,1960,-42.968750,25000000.000
28804,1965,-40.527344,25000000.000
28805,1969,-38.574219,25000000.000
28806,1976,-35.156250,25000000.000
28807,1977,-34.667969,25000000.000
28808,1995,-25.878906,25000000.000
28809,2005,-20.996094,25000000.000
28810,2017,-15.136719,25000000.000
28811,2018,-14.648438,25000000.000
28812,2043,-2.441406,25000000.000
28813,2056,3.906250,25000000.000
28814,2068,9.765625,25000000.000
28815,2069,10.253906,25000000.000
28816,2091,20.996094,25000000.000
28817,2102,26.367188,25000000.000
28818,2111,30.761719,25000000.000
28819,2111,30.761719,25000000.000
28820,2124,37.109375,25000000.000
28821,2127,38.574219,25000000.000
28822,2129,39.550781,25000000.000
28823,2129,39.550781,25000000.000
28824,2128,39.062500,25000000.000
28825,2125,37.597656,25000000.000
28826,2119,34.667969,25000000.000
28827,2118,34.179688,25000000.000
28828,2104,27.343750,25000000.000
28829,2094,22.460938,25000000.000
28830,2083,17.089844,25000000.000
28831,2083,17.089844,25000000.000
28832,2059,5.371094,25000000.000
28833,2045,-1.464844,25000000.000
28834,2032,-7.812500,25000000.000
28835,2030,-8.789062,25000000.000
28836,2005,-20.996094,25000000.000
28837,1993,-26.855469,25000000.000
28838,1983,-31.738281,25000000.000
28839,1982,-32.226562,25000000.000
28840,1967,-39.550781,25000000.000
28841,1963,-41.503906,25000000.000
28842,1960,-42.968750,25000000.000
28843,1960,-42.968750,25000000.000
28844,1960,-42.968750,25000000.000
28845,1965,-40.527344,25000000.000
28846,1971,-37.597656,25000000.000
28847,1971,-37.597656,25000000.000
28848,1986,-30.273438,25000000.000
28849,1996,-25.390625,25000000.000
28850,2007,-20.019531,25000000.000
28851,2008,-19.531250,25000000.000
28852,2032,-7.812500,25000000.000
28853,2044,-1.953125,25000000.000
28854,2057,4.394531,25000000.000
28855,2058,4.882812,25000000.000
28856,2082,16.601562,25000000.000
28857,2093,21.972656,25000000.000
28858,2104,27.343750,25000000.000
28859,2105,27.832031,25000000.000
28860,2119,34.667969,25000000.000
28861,2124,37.109375,25000000.000
28862,2126,38.085938,25000000.000
28863,2128,39.062500,25000000.000
28864,2128,39.062500,25000000.000
28865,2127,38.574219,25000000.000
28866,2124,37.109375,25000000.000
28867,2123,36.621094,25000000.000
28868,2112,31.250000,25000000.000
28869,2104,27.343750,25000000.000
28870,2093,21.972656,25000000.000
28871,2092,21.484375,25000000.000
28872,2071,11.230469,25000000.000
28873,2058,4.882812,25000000.000
28874,2044,-1.953125,25000000.000
28875,2043,-2.441406,25000000.000
28876,2017,-15.136719,25000000.000
28877,2004,-21.484375,25000000.000
28878,1992,-27.343750,25000000.000
28879,1992,-27.343750,25000000.000
28880,1974,-36.132812,25000000.000
28881,1967,-39.550781,25000000.000
28882,1962,-41.992188,25000000.000
28883,1962,-41.992188,25000000.000
28884,1959,-43.457031,25000000.000
28885,1961,-42.480469,25000000.000
28886,1965,-40.527344,25000000.000
28887,1965,-40.527344,25000000.000
28888,1978,-34.179688,25000000.000
28889,1986,-30.273438,25000000.000
28890,1997,-24.902344,25000000.000
28891,1998,-24.414062,25000000.000
28892,2020,-13.671875,25000000.000
28893,2033,-7.324219,25000000.000
28894,2045,-1.464844,25000000.000
28895,2046,-0.976562,25000000.000
28896,2071,11.230469,25000000.000
28897,2083,17.089844,25000000.000
28898,2095,22.949219,25000000.000
28899,2095,22.949219,25000000.000
28900,2111,30.761719,25000000.000
28901,2120,35.156250,25000000.000
28902,2124,37.109375,25000000.000
28903,2124,37.109375,25000000.000
28904,2128,39.062500,25000000.000
28905,2129,39.550781,25000000.000
28906,2126,38.085938,25000000.000
28907,2126,38.085938,25000000.000
28908,2117,33.691406,25000000.000
28909,2111,30.761719,25000000.000
28910,2102,26.367188,25000000.000
28911,2100,25.390625,25000000.000
28912,2080,15.625000,25000000.000
28913,2068,9.765625,25000000.000
28914,2055,3.417969,25000000.000
28915,2053,2.441406,25000000.000
28916,2027,-10.253906,25000000.000
28917,2015,-16.113281,25000000.000
28918,2003,-21.972656,25000000.000
28919,2001,-22.949219,25000000.000
28920,1980,-33.203125,25000000.000
28921,1973,-36.621094,25000000.000
28922,1966,-40.039062,25000000.000
28923,1966,-40.039062,25000000.000
28924,1959,-43.457031,25000000.000
28925,1959,-43.457031,25000000.000
28926,1961,-42.480469,25000000.000
28927,1961,-42.480469,25000000.000
28928,1971,-37.597656,25000000.000
28929,1979,-33.691406,25000000.000
28930,1988,-29.296875,25000000.000
28931,1988,-29.296875,25000000.000
28932,2009,-19.042969,25000000.000
28933,2021,-13.183594,25000000.000
28934,2035,-6.347656,25000000.000
28935,2036,-5.859375,25000000.000
28936,2059,5.371094,25000000.000
28937,2073,12.207031,25000000.000
28938,2084,17.578125,25000000.000
28939,2086,18.554688,25000000.000
28940,2105,27.832031,25000000.000
28941,2112,31.250000,25000000.000
28942,2120,35.156250,25000000.000
28943,2120,35.156250,25000000.000
28944,2126,38.085938,25000000.000
28945,2128,39.062500,25000000.000
28946,2128,39.062500,25000000.000
28947,2128,39.062500,25000000.000
28948,2122,36.132812,25000000.000
28949,2116,33.203125,25000000.000
28950,2109,29.785156,25000000.000
28951,2109,29.785156,25000000.000
28952,2090,20.507812,25000000.000
28953,2079,15.136719,25000000.000
28954,2066,8.789062,25000000.000
28955,2063,7.324219,25000000.000
28956,2039,-4.394531,25000000.000
28957,2026,-10.742188,25000000.000
28958,2014,-16.601562,25000000.000
28959,2011,-18.066406,25000000.000
28960,1988,-29.296875,25000000.000
28961,1978,-34.179688,25000000.000
28962,1972,-37.109375,25000000.000
28963,1970,-38.085938,25000000.000
28964,1961,-42.480469,25000000.000
28965,1960,-42.968750,25000000.000
28966,1959,-43.457031,25000000.000
28967,1960,-42.968750,25000000.000
28968,1967,-39.550781,25000000.000
28969,1973,-36.621094,25000000.000
28970,1981,-32.714844,25000000.000
28971,1982,-32.226562,25000000.000
28972,2001,-22.949219,25000000.000
28973,2012,-17.578125,25000000.000
28974,2023,-12.207031,25000000.000
28975,2025,-11.230469,25000000.000
28976,2050,0.976562,25000000.000
28977,2062,6.835938,25000000.000
28978,2076,13.671875,25000000.000
28979,2076,13.671875,25000000.000
28980,2097,23.925781,25000000.000
28981,2107,28.808594,25000000.000
28982,2116,33.203125,25000000.000
28983,2115,32.714844,25000000.000
28984,2125,37.597656,25000000.000
28985,2129,39.550781,25000000.000
28986,2129,39.550781,25000000.000
28987,2130,40.039062,25000000.000
28988,2126,38.085938,25000000.000
28989,2122,36.132812,25000000.000
28990,2116,33.203125,25000000.000
28991,2115,32.714844,25000000.000
28992,2099,24.902344,25000000.000
28993,2088,19.531250,25000000.000
28994,2078,14.648438,25000000.000
28995,2075,13.183594,25000000.000
28996,2051,1.464844,25000000.000
28997,2038,-4.882812,25000000.000
28998,2023,-12.207031,25000000.000
28999,2023,-12.207031,25000000.000
29000,1998,-24.414062,25000000.000
29001,1988,-29.296875,25000000.000
29002,1979,-33.691406,25000000.000
29003,1978,-34.179688,25000000.000
29004,1965,-40.527344,25000000.000
29005,1961,-42.480469,25000000.000
29006,1960,-42.968750,25000000.000
29007,1960,-42.968750,25000000.000
29008,1963,-41.503906,25000000.000
29009,1967,-39.550781,25000000.000
29010,1974,-36.132812,25000000.000
29011,1974,-36.132812,25000000.000
29012,1995,-25.878906,25000000.000
29013,2001,-22.949219,25000000.000
29014,2013,-17.089844,25000000.000
29015,2016,-15.625000,25000000.000
29016,2039,-4.394531,25000000.000
29017,2052,1.953125,25000000.000
29018,2064,7.812500,25000000.000
29019,2066,8.789062,25000000.000
29020,2088,19.531250,25000000.000
29021,2099,24.902344,25000000.000
29022,2108,29.296875,25000000.000
29023,2109,29.785156,25000000.000
29024,2121,35.644531,25000000.000
29025,2126,38.085938,25000000.000
29026,2127,38.574219,25000000.000
29027,2128,39.062500,25000000.000
29028,2128,39.062500,25000000.000
29029,2125,37.597656,25000000.000
29030,2120,35.156250,25000000.000
29031,2119,34.667969,25000000.000
29032,2107,28.808594,25000000.000
29033,2098,24.414062,25000000.000
29034,2087,19.042969,25000000.000
29035,2085,18.066406,25000000.000
29036,2062,6.835938,25000000.000
29037,2049,0.488281,25000000.000
29038,2035,-6.347656,25000000.000
29039,2033,-7.324219,25000000.000
29040,2009,-19.042969,25000000.000
29041,1997,-24.902344,25000000.000
29042,1986,-30.273438,25000000.000
29043,1986,-30.273438,25000000.000
29044,1966,-40.039062,25000000.000
29045,1963,-41.503906,25000000.000
29046,1963,-41.503906,25000000.000
29047,1963,-41.503906,25000000.000
29048,1961,-42.480469,25000000.000
29049,1963,-41.503906,25000000.000
29050,1970,-38.085938,25000000.000
29051,1970,-38.085938,25000000.000
29052,1983,-31.738281,25000000.000
29053,1994,-26.367188,25000000.000
29054,2005,-20.996094,25000000.000
29055,2005,-20.996094,25000000.000
29056,2027,-10.253906,25000000.000
29057,2040,-3.906250,25000000.000
29058,2054,2.929688,25000000.000
29059,2055,3.417969,25000000.000
29060,2079,15.136719,25000000.000
29061,2091,20.996094,25000000.000
29062,2100,25.390625,25000000.000
29063,2101,25.878906,25000000.000
29064,2117,33.691406,25000000.000
29065,2122,36.132812,25000000.000
29066,2126,38.085938,25000000.000
29067,2128,39.062500,25000000.000
29068,2130,40.039062,25000000.000
29069,2129,39.550781,25000000.000
29070,2124,37.109375,25000000.000
29071,2124,37.109375,25000000.000
29072,2114,32.226562,25000000.000
29073,2105,27.832031,25000000.000
29074,2096,23.437500,25000000.000
29075,2094,22.460938,25000000.000
29076,2074,12.695312,25000000.000
29077,2060,5.859375,25000000.000
29078,2047,-0.488281,25000000.000
29079,2046,-0.976562,25000000.000
29080,2020,-13.671875,25000000.000
29081,2008,-19.531250,25000000.000
29082,1995,-25.878906,25000000.000
29083,1995,-25.878906,25000000.000
29084,1975,-35.644531,25000000.000
29085,1968,-39.062500,25000000.000
29086,1963,-41.503906,25000000.000
29087,1963,-41.503906,25000000.000
29088,1960,-42.968750,25000000.000
29089,1961,-42.480469,25000000.000
29090,1963,-41.503906,25000000.000
29091,1963,-41.503906,25000000.000
29092,1976,-35.156250,25000000.000
29093,1985,-30.761719,25000000.000
29094,1995,-25.878906,25000000.000
29095,1994,-26.367188,25000000.000
29096,2016,-15.625000,25000000.000
29097,2029,-9.277344,25000000.000
29098,2041,-3.417969,25000000.000
29099,2043,-2.441406,25000000.000
29100,2067,9.277344,25000000.000
29101,2080,15.625000,25000000.000
29102,2092,21.484375,25000000.000
29103,2092,21.484375,25000000.000
29104,2111,30.761719,25000000.000
29105,2117,33.691406,25000000.000
29106,2123,36.621094,25000000.000
29107,2123,36.621094,25000000.000
29108,2128,39.062500,25000000.000
29109,2128,39.062500,25000000.000
29110,2126,38.085938,25000000.000
29111,2126,38.085938,25000000.000
29112,2119,34.667969,25000000.000
29113,2112,31.250000,25000000.000
29114,2104,27.343750,25000000.000
29115,2103,26.855469,25000000.000
29116,2083,17.089844,25000000.000
29117,2071,11.230469,25000000.000
29118,2058,4.882812,25000000.000
29119,2057,4.394531,25000000.000
29120,2032,-7.812500,25000000.000
29121,2017,-15.136719,25000000.000
29122,2004,-21.484375,25000000.000
29123,2003,-21.972656,25000000.000
29124,1982,-32.226562,25000000.000
29125,1973,-36.621094,25000000.000
29126,1967,-39.550781,25000000.000
29127,1967,-39.550781,25000000.000
29128,1960,-42.968750,25000000.000
29129,1960,-42.968750,25000000.000
29130,1961,-42.480469,25000000.000
29131,1961,-42.480469,25000000.000
29132,1970,-38.085938,25000000.000
29133,1977,-34.667969,25000000.000
29134,1985,-30.761719,25000000.000
29135,1986,-30.273438,25000000.000
29136,2008,-19.531250,25000000.000
29137,2019,-14.160156,25000000.000
29138,2032,-7.812500,25000000.000
29139,2032,-7.812500,25000000.000
29140,2058,4.882812,25000000.000
29141,2069,10.253906,25000000.000
29142,2082,16.601562,25000000.000
29143,2084,17.578125,25000000.000
29144,2103,26.855469,25000000.000
29145,2112,31.250000,25000000.000
29146,2119,34.667969,25000000.000
29147,2119,34.667969,25000000.000
29148,2126,38.085938,25000000.000
29149,2128,39.062500,25000000.000
29150,2128,39.062500,25000000.000
29151,2128,39.062500,25000000.000
29152,2122,36.132812,25000000.000
29153,2117,33.691406,25000000.000
29154,2110,30.273438,25000000.000
29155,2110,30.273438,25000000.000
29156,2092,21.484375,25000000.000
29157,2081,16.113281,25000000.000
29158,2069,10.253906,25000000.000
29159,2067,9.277344,25000000.000
29160,2041,-3.417969,25000000.000
29161,2029,-9.277344,25000000.000
29162,2015,-16.113281,25000000.000
29163,2013,-17.089844,25000000.000
29164,1992,-27.343750,25000000.000
29165,1981,-32.714844,25000000.000
29166,1974,-36.132812,25000000.000
29167,1972,-37.109375,25000000.000
29168,1963,-41.503906,25000000.000
29169,1960,-42.968750,25000000.000
29170,1960,-42.968750,25000000.000
29171,1961,-42.480469,25000000.000
29172,1967,-39.550781,25000000.000
29173,1972,-37.109375,25000000.000
29174,1980,-33.203125,25000000.000
29175,1980,-33.203125,25000000.000
29176,1998,-24.414062,25000000.000
29177,2009,-19.042969,25000000.000
29178,2020,-13.671875,25000000.000
29179,2023,-12.207031,25000000.000
29180,2048,0.000000,25000000.000
29181,2060,5.859375,25000000.000
29182,2072,11.718750,25000000.000
29183,2072,11.718750,25000000.000
29184,2096,23.437500,25000000.000
29185,2104,27.343750,25000000.000
29186,2113,31.738281,25000000.000
29187,2113,31.738281,25000000.000
29188,2124,37.109375,25000000.000
29189,2126,38.085938,25000000.000
29190,2130,40.039062,25000000.000
29191,2127,38.574219,25000000.000
29192,2127,38.574219,25000000.000
29193,2124,37.109375,25000000.000
29194,2117,33.691406,25000000.000
29195,2117,33.691406,25000000.000
29196,2101,25.878906,25000000.000
29197,2091,20.996094,25000000.000
29198,2079,15.136719,25000000.000
29199,2079,15.136719,25000000.000
29200,2054,2.929688,25000000.000
29201,2041,-3.417969,25000000.000
29202,2026,-10.742188,25000000.000
29203,2027,-10.253906,25000000.000
29204,2002,-22.460938,25000000.000
29205,1990,-28.320312,25000000.000
29206,1981,-32.714844,25000000.000
29207,1980,-33.203125,25000000.000
29208,1966,-40.039062,25000000.000
29209,1962,-41.992188,25000000.000
29210,1961,-42.480469,25000000.000
29211,1960,-42.968750,25000000.000
29212,1962,-41.992188,25000000.000
29213,1967,-39.550781,25000000.000
29214,1971,-37.597656,25000000.000
29215,1973,-36.621094,25000000.000
29216,1989,-28.808594,25000000.000
29217,1999,-23.925781,25000000.000
29218,2011,-18.066406,25000000.000
29219,2011,-18.066406,25000000.000
29220,2035,-6.347656,25000000.000
29221,2048,0.000000,25000000.000
29222,2061,6.347656,25000000.000
29223,2063,7.324219,25000000.000
29224,2086,18.554688,25000000.000
29225,2097,23.925781,25000000.000
29226,2105,27.832031,25000000.000
29227,2108,29.296875,25000000.000
29228,2120,35.156250,25000000.000
29229,2125,37.597656,25000000.000
29230,2129,39.550781,25000000.000
29231,2128,39.062500,25000000.000
29232,2128,39.062500,25000000.000
29233,2126,38.085938,25000000.000
29234,2123,36.621094,25000000.000
29235,2123,36.621094,25000000.000
29236,2110,30.273438,25000000.000
29237,2100,25.390625,25000000.000
29238,2091,20.996094,25000000.000
29239,2088,19.531250,25000000.000
29240,2066,8.789062,25000000.000
29241,2052,1.953125,25000000.000
29242,2040,-3.906250,25000000.000
29243,2037,-5.371094,25000000.000
29244,2012,-17.578125,25000000.000
29245,1999,-23.925781,25000000.000
29246,1988,-29.296875,25000000.000
29247,1988,-29.296875,25000000.000
29248,1971,-37.597656,25000000.000
29249,1964,-41.015625,25000000.000
29250,1961,-42.480469,25000000.000
29251,1963,-41.503906,25000000.000
29252,1960,-42.968750,25000000.000
29253,1963,-41.503906,25000000.000
29254,1967,-39.550781,25000000.000
29255,1967,-39.550781,25000000.000
29256,1982,-32.226562,25000000.000
29257,1991,-27.832031,25000000.000
29258,2001,-22.949219,25000000.000
29259,2003,-21.972656,25000000.000
29260,2024,-11.718750,25000000.000
29261,2038,-4.882812,25000000.000
29262,2051,1.464844,25000000.000
29263,2051,1.464844,25000000.000
29264,2076,13.671875,25000000.000
29265,2087,19.042969,25000000.000
29266,2097,23.925781,25000000.000
29267,2100,25.390625,25000000.000
29268,2115,32.714844,25000000.000
29269,2121,35.644531,25000000.000
29270,2124,37.109375,25000000.000
29271,2125,37.597656,25000000.000
29272,2129,39.550781,25000000.000
29273,2127,38.574219,25000000.000
29274,2125,37.597656,25000000.000
29275,2125,37.597656,25000000.000
29276,2115,32.714844,25000000.000
29277,2107,28.808594,25000000.000
29278,2098,24.414062,25000000.000
29279,2098,24.414062,25000000.000
29280,2075,13.183594,25000000.000
29281,2064,7.812500,25000000.000
29282,2050,0.976562,25000000.000
29283,2048,0.000000,25000000.000
29284,2022,-12.695312,25000000.000
29285,2009,-19.042969,25000000.000
29286,1997,-24.902344,25000000.000
29287,1996,-25.390625,25000000.000
29288,1977,-34.667969,25000000.000
29289,1970,-38.085938,25000000.000
29290,1963,-41.503906,25000000.000
29291,1963,-41.503906,25000000.000
29292,1959,-43.457031,25000000.000
29293,1959,-43.457031,25000000.000
29294,1963,-41.503906,25000000.000
29295,1962,-41.992188,25000000.000
29296,1974,-36.132812,25000000.000
29297,1982,-32.226562,25000000.000
29298,1993,-26.855469,25000000.000
29299,1993,-26.855469,25000000.000
29300,2012,-17.578125,25000000.000
29301,2025,-11.230469,25000000.000
29302,2039,-4.394531,25000000.000
29303,2041,-3.417969,25000000.000
29304,2064,7.812500,25000000.000
29305,2077,14.160156,25000000.000
29306,2088,19.531250,25000000.000
29307,2090,20.507812,25000000.000
29308,2108,29.296875,25000000.000
29309,2116,33.203125,25000000.000
29310,2121,35.644531,25000000.000
29311,2123,36.621094,25000000.000
29312,2128,39.062500,25000000.000
29313,2128,39.062500,25000000.000
29314,2127,38.574219,25000000.000
29315,2127,38.574219,25000000.000
29316,2120,35.156250,25000000.000
29317,2114,32.226562,25000000.000
29318,2106,28.320312,25000000.000
29319,2103,26.855469,25000000.000
29320,2086,18.554688,25000000.000
29321,2074,12.695312,25000000.000
29322,2062,6.835938,25000000.000
29323,2060,5.859375,25000000.000
29324,2034,-6.835938,25000000.000
29325,2021,-13.183594,25000000.000
29326,2007,-20.019531,25000000.000
29327,2007,-20.019531,25000000.000
29328,1985,-30.761719,25000000.000
29329,1976,-35.156250,25000000.000
29330,1969,-38.574219,25000000.000
29331,1968,-39.062500,25000000.000
29332,1961,-42.480469,25000000.000
29333,1960,-42.968750,25000000.000
29334,1960,-42.968750,25000000.000
29335,1961,-42.480469,25000000.000
29336,1969,-38.574219,25000000.000
29337,1975,-35.644531,25000000.000
29338,1983,-31.738281,25000000.000
29339,1984,-31.250000,25000000.000
29340,2003,-21.972656,25000000.000
29341,2015,-16.113281,25000000.000
29342,2028,-9.765625,25000000.000
29343,2029,-9.277344,25000000.000
29344,2053,2.441406,25000000.000
29345,2066,8.789062,25000000.000
29346,2079,15.136719,25000000.000
29347,2080,15.625000,25000000.000
29348,2101,25.878906,25000000.000
29349,2110,30.273438,25000000.000
29350,2118,34.179688,25000000.000
29351,2118,34.179688,25000000.000
29352,2126,38.085938,25000000.000
29353,2129,39.550781,25000000.000
29354,2129,39.550781,25000000.000
29355,2128,39.062500,25000000.000
29356,2125,37.597656,25000000.000
29357,2119,34.667969,25000000.000
29358,2114,32.226562,25000000.000
29359,2111,30.761719,25000000.000
29360,2099,24.902344,25000000.000
29361,2087,19.042969,25000000.000
29362,2071,11.230469,25000000.000
29363,2073,12.207031,25000000.000
29364,2046,-0.976562,25000000.000
29365,2033,-7.324219,25000000.000
29366,2019,-14.160156,25000000.000
29367,2018,-14.648438,25000000.000
29368,1995,-25.878906,25000000.000
29369,1985,-30.761719,25000000.000
29370,1975,-35.644531,25000000.000
29371,1975,-35.644531,25000000.000
29372,1964,-41.015625,25000000.000
29373,1960,-42.968750,25000000.000
29374,1960,-42.968750,25000000.000
29375,1961,-42.480469,25000000.000
29376,1966,-40.039062,25000000.000
29377,1970,-38.085938,25000000.000
29378,1977,-34.667969,25000000.000
29379,1978,-34.179688,25000000.000
29380,1995,-25.878906,25000000.000
29381,2008,-19.531250,25000000.000
29382,2018,-14.648438,25000000.000
29383,2019,-14.160156,25000000.000
29384,2044,-1.953125,25000000.000
29385,2056,3.906250,25000000.000
29386,2069,10.253906,25000000.000
29387,2070,10.742188,25000000.000
29388,2092,21.484375,25000000.000
29389,2102,26.367188,25000000.000
29390,2111,30.761719,25000000.000
29391,2112,31.250000,25000000.000
29392,2123,36.621094,25000000.000
29393,2127,38.574219,25000000.000
29394,2129,39.550781,25000000.000
29395,2128,39.062500,25000000.000
29396,2128,39.062500,25000000.000
29397,2124,37.109375,25000000.000
29398,2119,34.667969,25000000.000
29399,2119,34.667969,25000000.000
29400,2104,27.343750,25000000.000
29401,2094,22.460938,25000000.000
29402,2083,17.089844,25000000.000
29403,2082,16.601562,25000000.000
29404,2058,4.882812,25000000.000
29405,2045,-1.464844,25000000.000
29406,2031,-8.300781,25000000.000
29407,2029,-9.277344,25000000.000
29408,2005,-20.996094,25000000.000
29409,1993,-26.855469,25000000.000
29410,1983,-31.738281,25000000.000
29411,1982,-32.226562,25000000.000
29412,1967,-39.550781,25000000.000
29413,1963,-41.503906,25000000.000
29414,1960,-42.968750,25000000.000
29415,1960,-42.968750,25000000.000
29416,1961,-42.480469,25000000.000
29417,1965,-40.527344,25000000.000
29418,1970,-38.085938,25000000.000
29419,1971,-37.597656,25000000.000
29420,1986,-30.273438,25000000.000
29421,1996,-25.390625,25000000.000
29422,2007,-20.019531,25000000.000
29423,2009,-19.042969,25000000.000
29424,2032,-7.812500,25000000.000
29425,2045,-1.464844,25000000.000
29426,2059,5.371094,25000000.000
29427,2059,5.371094,25000000.000
29428,2084,17.578125,25000000.000
29429,2094,22.460938,25000000.000
29430,2104,27.343750,25000000.000
29431,2105,27.832031,25000000.000
29432,2120,35.156250,25000000.000
29433,2126,38.085938,25000000.000
29434,2127,38.574219,25000000.000
29435,2127,38.574219,25000000.000
29436,2129,39.550781,25000000.000
29437,2127,38.574219,25000000.000
29438,2125,37.597656,25000000.000
29439,2123,36.621094,25000000.000
29440,2111,30.761719,25000000.000
29441,2102,26.367188,25000000.000
29442,2094,22.460938,25000000.000
29443,2091,20.996094,25000000.000
29444,2069,10.253906,25000000.000
29445,2057,4.394531,25000000.000
29446,2042,-2.929688,25000000.000
29447,2041,-3.417969,25000000.000
29448,2015,-16.113281,25000000.000
29449,2002,-22.460938,25000000.000
29450,1991,-27.832031,25000000.000
29451,1990,-28.320312,25000000.000
29452,1972,-37.109375,25000000.000
29453,1966,-40.039062,25000000.000
29454,1962,-41.992188,25000000.000
29455,1962,-41.992188,25000000.000
29456,1960,-42.968750,25000000.000
29457,1962,-41.992188,25000000.000
29458,1965,-40.527344,25000000.000
29459,1967,-39.550781,25000000.000
29460,1979,-33.691406,25000000.000
29461,1987,-29.785156,25000000.000
29462,1997,-24.902344,25000000.000
29463,1999,-23.925781,25000000.000
29464,2022,-12.695312,25000000.000
29465,2034,-6.835938,25000000.000
29466,2047,-0.488281,25000000.000
29467,2049,0.488281,25000000.000
29468,2072,11.718750,25000000.000
29469,2084,17.578125,25000000.000
29470,2096,23.437500,25000000.000
29471,2096,23.437500,25000000.000
29472,2113,31.738281,25000000.000
29473,2120,35.156250,25000000.000
29474,2124,37.109375,25000000.000
29475,2125,37.597656,25000000.000
29476,2127,38.574219,25000000.000
29477,2128,39.062500,25000000.000
29478,2126,38.085938,25000000.000
29479,2126,38.085938,25000000.000
29480,2115,32.714844,25000000.000
29481,2108,29.296875,25000000.000
29482,2100,25.390625,25000000.000
29483,2099,24.902344,25000000.000
29484,2077,14.160156,25000000.000
29485,2066,8.789062,25000000.000
29486,2054,2.929688,25000000.000
29487,2051,1.464844,25000000.000
29488,2025,-11.230469,25000000.000
29489,2012,-17.578125,25000000.000
29490,2001,-22.949219,25000000.000
29491,1999,-23.925781,25000000.000
29492,1980,-33.203125,25000000.000
29493,1972,-37.109375,25000000.000
29494,1965,-40.527344,25000000.000
29495,1965,-40.527344,25000000.000
29496,1960,-42.968750,25000000.000
29497,1959,-43.457031,25000000.000
29498,1962,-41.992188,25000000.000
29499,1964,-41.015625,25000000.000
29500,1972,-37.109375,25000000.000
29501,1981,-32.714844,25000000.000
29502,1989,-28.808594,25000000.000
29503,1990,-28.320312,25000000.000
29504,2010,-18.554688,25000000.000
29505,2023,-12.207031,25000000.000
29506,2036,-5.859375,25000000.000
29507,2036,-5.859375,25000000.000
29508,2062,6.835938,25000000.000
29509,2075,13.183594,25000000.000
29510,2087,19.042969,25000000.000
29511,2087,19.042969,25000000.000
29512,2105,27.832031,25000000.000
29513,2114,32.226562,25000000.000
29514,2120,35.156250,25000000.000
29515,2120,35.156250,25000000.000
29516,2127,38.574219,25000000.000
29517,2128,39.062500,25000000.000
29518,2128,39.062500,25000000.000
29519,2127,38.574219,25000000.000
29520,2121,35.644531,25000000.000
29521,2115,32.714844,25000000.000
29522,2108,29.296875,25000000.000
29523,2107,28.808594,25000000.000
29524,2089,20.019531,25000000.000
29525,2077,14.160156,25000000.000
29526,2065,8.300781,25000000.000
29527,2063,7.324219,25000000.000
29528,2038,-4.882812,25000000.000
29529,2023,-12.207031,25000000.000
29530,2010,-18.554688,25000000.000
29531,2009,-19.042969,25000000.000
29532,1987,-29.785156,25000000.000
29533,1977,-34.667969,25000000.000
29534,1969,-38.574219,25000000.000
29535,1969,-38.574219,25000000.000
29536,1960,-42.968750,25000000.000
29537,1959,-43.457031,25000000.000
29538,1961,-42.480469,25000000.000
29539,1960,-42.968750,25000000.000
29540,1966,-40.039062,25000000.000
29541,1973,-36.621094,25000000.000
29542,1981,-32.714844,25000000.000
29543,1981,-32.714844,25000000.000
29544,2001,-22.949219,25000000.000
29545,2012,-17.578125,25000000.000
29546,2024,-11.718750,25000000.000
29547,2026,-10.742188,25000000.000
29548,2050,0.976562,25000000.000
29549,2064,7.812500,25000000.000
29550,2076,13.671875,25000000.000
29551,2078,14.648438,25000000.000
29552,2099,24.902344,25000000.000
29553,2108,29.296875,25000000.000
29554,2115,32.714844,25000000.000
29555,2116,33.203125,25000000.000
29556,2125,37.597656,25000000.000
29557,2129,39.550781,25000000.000
29558,2129,39.550781,25000000.000
29559,2129,39.550781,25000000.000
29560,2125,37.597656,25000000.000
29561,2122,36.132812,25000000.000
29562,2115,32.714844,25000000.000
29563,2115,32.714844,25000000.000
29564,2098,24.414062,25000000.000
29565,2087,19.042969,25000000.000
29566,2076,13.671875,25000000.000
29567,2075,13.183594,25000000.000
29568,2051,1.464844,25000000.000
29569,2036,-5.859375,25000000.000
29570,2024,-11.718750,25000000.000
29571,2021,-13.183594,25000000.000
29572,1996,-25.390625,25000000.000
29573,1987,-29.785156,25000000.000
29574,1978,-34.179688,25000000.000
29575,1977,-34.667969,25000000.000
29576,1965,-40.527344,25000000.000
29577,1961,-42.480469,25000000.000
29578,1959,-43.457031,25000000.000
29579,1961,-42.480469,25000000.000
29580,1964,-41.015625,25000000.000
29581,1968,-39.062500,25000000.000
29582,1975,-35.644531,25000000.000
29583,1975,-35.644531,25000000.000
29584,1993,-26.855469,25000000.000
29585,2002,-22.460938,25000000.000
29586,2015,-16.113281,25000000.000
29587,2017,-15.136719,25000000.000
29588,2040,-3.906250,25000000.000
29589,2053,2.441406,25000000.000
29590,2066,8.789062,25000000.000
29591,2068,9.765625,25000000.000
29592,2090,20.507812,25000000.000
29593,2100,25.390625,25000000.000
29594,2110,30.273438,25000000.000
29595,2109,29.785156,25000000.000
29596,2121,35.644531,25000000.000
29597,2126,38.085938,25000000.000
29598,2129,39.550781,25000000.000
29599,2129,39.550781,25000000.000
29600,2127,38.574219,25000000.000
29601,2125,37.597656,25000000.000
29602,2120,35.156250,25000000.000
29603,2119,34.667969,25000000.000
29604,2105,27.832031,25000000.000
29605,2096,23.437500,25000000.000
29606,2085,18.066406,25000000.000
29607,2085,18.066406,25000000.000
29608,2061,6.347656,25000000.000
29609,2047,-0.488281,25000000.000
29610,2034,-6.835938,25000000.000
29611,2032,-7.812500,25000000.000
29612,2007,-20.019531,25000000.000
29613,1995,-25.878906,25000000.000
29614,1985,-30.761719,25000000.000
29615,1984,-31.250000,25000000.000
29616,1970,-38.085938,25000000.000
29617,1964,-41.015625,25000000.000
29618,1961,-42.480469,25000000.000
29619,1961,-42.480469,25000000.000
29620,1961,-42.480469,25000000.000
29621,1964,-41.015625,25000000.000
29622,1969,-38.574219,25000000.000
29623,1970,-38.085938,25000000.000
29624,1984,-31.250000,25000000.000
29625,1995,-25.878906,25000000.000
29626,2005,-20.996094,25000000.000
29627,2006,-20.507812,25000000.000
29628,2030,-8.789062,25000000.000
29629,2042,-2.929688,25000000.000
29630,2054,2.929688,25000000.000
29631,2056,3.906250,25000000.000
29632,2080,15.625000,25000000.000
29633,2092,21.484375,25000000.000
29634,2102,26.367188,25000000.000
29635,2103,26.855469,25000000.000
29636,2118,34.179688,25000000.000
29637,2124,37.109375,25000000.000
29638,2127,38.574219,25000000.000
29639,2127,38.574219,25000000.000
29640,2130,40.039062,25000000.000
29641,2128,39.062500,25000000.000
29642,2125,37.597656,25000000.000
29643,2124,37.109375,25000000.000
29644,2113,31.738281,25000000.000
29645,2106,28.320312,25000000.000
29646,2094,22.460938,25000000.000
29647,2093,21.972656,25000000.000
29648,2071,11.230469,25000000.000
29649,2058,4.882812,25000000.000
29650,2044,-1.953125,25000000.000
29651,2045,-1.464844,25000000.000
29652,2018,-14.648438,25000000.000
29653,2006,-20.507812,25000000.000
29654,1994,-26.367188,25000000.000
29655,1992,-27.343750,25000000.000
29656,1975,-35.644531,25000000.000
29657,1968,-39.062500,25000000.000
29658,1963,-41.503906,25000000.000
29659,1962,-41.992188,25000000.000
29660,1959,-43.457031,25000000.000
29661,1962,-41.992188,25000000.000
29662,1964,-41.015625,25000000.000
29663,1965,-40.527344,25000000.000
29664,1977,-34.667969,25000000.000
29665,1986,-30.273438,25000000.000
29666,1995,-25.878906,25000000.000
29667,1995,-25.878906,25000000.000
29668,2017,-15.136719,25000000.000
29669,2030,-8.789062,25000000.000
29670,2044,-1.953125,25000000.000
29671,2045,-1.464844,25000000.000
29672,2069,10.253906,25000000.000
29673,2082,16.601562,25000000.000
29674,2093,21.972656,25000000.000
29675,2094,22.460938,25000000.000
29676,2111,30.761719,25000000.000
29677,2118,34.179688,25000000.000
29678,2123,36.621094,25000000.000
29679,2123,36.621094,25000000.000
29680,2129,39.550781,25000000.000
29681,2129,39.550781,25000000.000
29682,2126,38.085938,25000000.000
29683,2126,38.085938,25000000.000
29684,2119,34.667969,25000000.000
29685,2111,30.761719,25000000.000
29686,2103,26.855469,25000000.000
29687,2102,26.367188,25000000.000
29688,2082,16.601562,25000000.000
29689,2069,10.253906,25000000.000
29690,2056,3.906250,25000000.000
29691,2055,3.417969,25000000.000
29692,2029,-9.277344,25000000.000
29693,2016,-15.625000,25000000.000
29694,2004,-21.484375,25000000.000
29695,2002,-22.460938,25000000.000
29696,1981,-32.714844,25000000.000
29697,1973,-36.621094,25000000.000
29698,1966,-40.039062,25000000.000
29699,1966,-40.039062,25000000.000
29700,1960,-42.968750,25000000.000
29701,1958,-43.945312,25000000.000
29702,1961,-42.480469,25000000.000
29703,1961,-42.480469,25000000.000
29704,1970,-38.085938,25000000.000
29705,1978,-34.179688,25000000.000
29706,1987,-29.785156,25000000.000
29707,1988,-29.296875,25000000.000
29708,2012,-17.578125,25000000.000
29709,2018,-14.648438,25000000.000
29710,2031,-8.300781,25000000.000
29711,2035,-6.347656,25000000.000
29712,2059,5.371094,25000000.000
29713,2072,11.718750,25000000.000
29714,2083,17.089844,25000000.000
29715,2085,18.066406,25000000.000
29716,2103,26.855469,25000000.000
29717,2112,31.250000,25000000.000
29718,2119,34.667969,25000000.000
29719,2119,34.667969,25000000.000
29720,2126,38.085938,25000000.000
29721,2128,39.062500,25000000.000
29722,2128,39.062500,25000000.000
29723,2127,38.574219,25000000.000
29724,2122,36.132812,25000000.000
29725,2117,33.691406,25000000.000
29726,2110,30.273438,25000000.000
29727,2109,29.785156,25000000.000
29728,2091,20.996094,25000000.000
29729,2080,15.625000,25000000.000
29730,2068,9.765625,25000000.000
29731,2066,8.789062,25000000.000
29732,2041,-3.417969,25000000.000
29733,2027,-10.253906,25000000.000
29734,2014,-16.601562,25000000.000
29735,2013,-17.089844,25000000.000
29736,1990,-28.320312,25000000.000
29737,1980,-33.203125,25000000.000
29738,1973,-36.621094,25000000.000
29739,1972,-37.109375,25000000.000
29740,1962,-41.992188,25000000.000
29741,1960,-42.968750,25000000.000
29742,1960,-42.968750,25000000.000
29743,1959,-43.457031,25000000.000
29744,1965,-40.527344,25000000.000
29745,1972,-37.109375,25000000.000
29746,1978,-34.179688,25000000.000
29747,1979,-33.691406,25000000.000
29748,1998,-24.414062,25000000.000
29749,2009,-19.042969,25000000.000
29750,2022,-12.695312,25000000.000
29751,2023,-12.207031,25000000.000
29752,2047,-0.488281,25000000.000
29753,2061,6.347656,25000000.000
29754,2073,12.207031,25000000.000
29755,2076,13.671875,25000000.000
29756,2097,23.925781,25000000.000
29757,2107,28.808594,25000000.000
29758,2115,32.714844,25000000.000
29759,2115,32.714844,25000000.000
29760,2125,37.597656,25000000.000
29761,2128,39.062500,25000000.000
29762,2130,40.039062,25000000.000
29763,2129,39.550781,25000000.000
29764,2127,38.574219,25000000.000
29765,2123,36.621094,25000000.000
29766,2117,33.691406,25000000.000
29767,2117,33.691406,25000000.000
29768,2101,25.878906,25000000.000
29769,2091,20.996094,25000000.000
29770,2078,14.648438,25000000.000
29771,2078,14.648438,25000000.000
29772,2054,2.929688,25000000.000
29773,2040,-3.906250,25000000.000
29774,2027,-10.253906,25000000.000
29775,2024,-11.718750,25000000.000
29776,2000,-23.437500,25000000.000
29777,1990,-28.320312,25000000.000
29778,1979,-33.691406,25000000.000
29779,1978,-34.179688,25000000.000
29780,1966,-40.039062,25000000.000
29781,1962,-41.992188,25000000.000
29782,1960,-42.968750,25000000.000
29783,1959,-43.457031,25000000.000
29784,1963,-41.503906,25000000.000
29785,1967,-39.550781,25000000.000
29786,1973,-36.621094,25000000.000
29787,1973,-36.621094,25000000.000
29788,1990,-28.320312,25000000.000
29789,2001,-22.949219,25000000.000
29790,2012,-17.578125,25000000.000
29791,2013,-17.089844,25000000.000
29792,2037,-5.371094,25000000.000
29793,2051,1.464844,25000000.000
29794,2063,7.324219,25000000.000
29795,2064,7.812500,25000000.000
29796,2087,19.042969,25000000.000
29797,2098,24.414062,25000000.000
29798,2108,29.296875,25000000.000
29799,2108,29.296875,25000000.000
29800,2121,35.644531,25000000.000
29801,2125,37.597656,25000000.000
29802,2128,39.062500,25000000.000
29803,2128,39.062500,25000000.000
29804,2128,39.062500,25000000.000
29805,2126,38.085938,25000000.000
29806,2122,36.132812,25000000.000
29807,2121,35.644531,25000000.000
29808,2108,29.296875,25000000.000
29809,2099,24.902344,25000000.000
29810,2089,20.019531,25000000.000
29811,2088,19.531250,25000000.000
29812,2064,7.812500,25000000.000
29813,2051,1.464844,25000000.000
29814,2038,-4.882812,25000000.000
29815,2035,-6.347656,25000000.000
29816,2011,-18.066406,25000000.000
29817,1998,-24.414062,25000000.000
29818,1987,-29.785156,25000000.000
29819,1986,-30.273438,25000000.000
29820,1970,-38.085938,25000000.000
29821,1965,-40.527344,25000000.000
29822,1961,-42.480469,25000000.000
29823,1961,-42.480469,25000000.000
29824,1960,-42.968750,25000000.000
29825,1963,-41.503906,25000000.000
29826,1968,-39.062500,25000000.000
29827,1968,-39.062500,25000000.000
29828,1981,-32.714844,25000000.000
29829,1991,-27.832031,25000000.000
29830,2001,-22.949219,25000000.000
29831,2003,-21.972656,25000000.000
29832,2026,-10.742188,25000000.000
29833,2038,-4.882812,25000000.000
29834,2052,1.953125,25000000.000
29835,2053,2.441406,25000000.000
29836,2078,14.648438,25000000.000
29837,2088,19.531250,25000000.000
29838,2100,25.390625,25000000.000
29839,2100,25.390625,25000000.000
29840,2115,32.714844,25000000.000
29841,2122,36.132812,25000000.000
29842,2126,38.085938,25000000.000
29843,2126,38.085938,25000000.000
29844,2129,39.550781,25000000.000
29845,2128,39.062500,25000000.000
29846,2125,37.597656,25000000.000
29847,2126,38.085938,25000000.000
29848,2114,32.226562,25000000.000
29849,2107,28.808594,25000000.000
29850,2097,23.925781,25000000.000
29851,2097,23.925781,25000000.000
29852,2075,13.183594,25000000.000
29853,2063,7.324219,25000000.000
29854,2049,0.488281,25000000.000
29855,2047,-0.488281,25000000.000
29856,2021,-13.183594,25000000.000
29857,2009,-19.042969,25000000.000
29858,1997,-24.902344,25000000.000
29859,1995,-25.878906,25000000.000
29860,1977,-34.667969,25000000.000
29861,1970,-38.085938,25000000.000
29862,1964,-41.015625,25000000.000
29863,1964,-41.015625,25000000.000
29864,1959,-43.457031,25000000.000
29865,1960,-42.968750,25000000.000
29866,1963,-41.503906,25000000.000
29867,1963,-41.503906,25000000.000
29868,1974,-36.132812,25000000.000
29869,1983,-31.738281,25000000.000
29870,1991,-27.832031,25000000.000
29871,1992,-27.343750,25000000.000
29872,2015,-16.113281,25000000.000
29873,2027,-10.253906,25000000.000
29874,2040,-3.906250,25000000.000
29875,2040,-3.906250,25000000.000
29876,2066,8.789062,25000000.000
29877,2078,14.648438,25000000.000
29878,2090,20.507812,25000000.000
29879,2090,20.507812,25000000.000
29880,2108,29.296875,25000000.000
29881,2116,33.203125,25000000.000
29882,2123,36.621094,25000000.000
29883,2122,36.132812,25000000.000
29884,2128,39.062500,25000000.000
29885,2129,39.550781,25000000.000
29886,2128,39.062500,25000000.000
29887,2127,38.574219,25000000.000
29888,2120,35.156250,25000000.000
29889,2114,32.226562,25000000.000
29890,2105,27.832031,25000000.000
29891,2104,27.343750,25000000.000
29892,2086,18.554688,25000000.000
29893,2073,12.207031,25000000.000
29894,2060,5.859375,25000000.000
29895,2058,4.882812,25000000.000
29896,2033,-7.324219,25000000.000
29897,2020,-13.671875,25000000.000
29898,2006,-20.507812,25000000.000
29899,2005,-20.996094,25000000.000
29900,1983,-31.738281,25000000.000
29901,1976,-35.156250,25000000.000
29902,1968,-39.062500,25000000.000
29903,1967,-39.550781,25000000.000
29904,1960,-42.968750,25000000.000
29905,1959,-43.457031,25000000.000
29906,1960,-42.968750,25000000.000
29907,1961,-42.480469,25000000.000
29908,1969,-38.574219,25000000.000
29909,1976,-35.156250,25000000.000
29910,1984,-31.250000,25000000.000
29911,1985,-30.761719,25000000.000
29912,2005,-20.996094,25000000.000
29913,2017,-15.136719,25000000.000
29914,2028,-9.765625,25000000.000
29915,2031,-8.300781,25000000.000
29916,2055,3.417969,25000000.000
29917,2068,9.765625,25000000.000
29918,2080,15.625000,25000000.000
29919,2082,16.601562,25000000.000
29920,2102,26.367188,25000000.000
29921,2111,30.761719,25000000.000
29922,2118,34.179688,25000000.000
29923,2119,34.667969,25000000.000
29924,2127,38.574219,25000000.000
29925,2128,39.062500,25000000.000
29926,2129,39.550781,25000000.000
29927,2129,39.550781,25000000.000
29928,2124,37.109375,25000000.000
29929,2119,34.667969,25000000.000
29930,2111,30.761719,25000000.000
29931,2112,31.250000,25000000.000
29932,2095,22.949219,25000000.000
29933,2084,17.578125,25000000.000
29934,2072,11.718750,25000000.000
29935,2070,10.742188,25000000.000
29936,2044,-1.953125,25000000.000
29937,2032,-7.812500,25000000.000
29938,2017,-15.136719,25000000.000
29939,2017,-15.136719,25000000.000
29940,1993,-26.855469,25000000.000
29941,1982,-32.226562,25000000.000
29942,1974,-36.132812,25000000.000
29943,1973,-36.621094,25000000.000
29944,1962,-41.992188,25000000.000
29945,1960,-42.968750,25000000.000
29946,1960,-42.968750,25000000.000
29947,1961,-42.480469,25000000.000
29948,1965,-40.527344,25000000.000
29949,1970,-38.085938,25000000.000
29950,1976,-35.156250,25000000.000
29951,1978,-34.179688,25000000.000
29952,1996,-25.390625,25000000.000
29953,2006,-20.507812,25000000.000
29954,2019,-14.160156,25000000.000
29955,2020,-13.671875,25000000.000
29956,2045,-1.464844,25000000.000
29957,2057,4.394531,25000000.000
29958,2071,11.230469,25000000.000
29959,2071,11.230469,25000000.000
29960,2093,21.972656,25000000.000
29961,2103,26.855469,25000000.000
29962,2112,31.250000,25000000.000
29963,2113,31.738281,25000000.000
29964,2124,37.109375,25000000.000
29965,2128,39.062500,25000000.000
29966,2129,39.550781,25000000.000
29967,2130,40.039062,25000000.000
29968,2128,39.062500,25000000.000
29969,2124,37.109375,25000000.000
29970,2119,34.667969,25000000.000
29971,2118,34.179688,25000000.000
29972,2104,27.343750,25000000.000
29973,2094,22.460938,25000000.000
29974,2081,16.113281,25000000.000
29975,2081,16.113281,25000000.000
29976,2057,4.394531,25000000.000
29977,2043,-2.441406,25000000.000
29978,2029,-9.277344,25000000.000
29979,2028,-9.765625,25000000.000
29980,2004,-21.484375,25000000.000
29981,1992,-27.343750,25000000.000
29982,1983,-31.738281,25000000.000
29983,1981,-32.714844,25000000.000
29984,1967,-39.550781,25000000.000
29985,1963,-41.503906,25000000.000
29986,1960,-42.968750,25000000.000
29987,1959,-43.457031,25000000.000
29988,1961,-42.480469,25000000.000
29989,1965,-40.527344,25000000.000
29990,1971,-37.597656,25000000.000
29991,1971,-37.597656,25000000.000
29992,1987,-29.785156,25000000.000
29993,1998,-24.414062,25000000.000
29994,2008,-19.531250,25000000.000
29995,2010,-18.554688,25000000.000
29996,2033,-7.324219,25000000.000
29997,2047,-0.488281,25000000.000
29998,2059,5.371094,25000000.000
29999,2061,6.347656,25000000.000
30000,2083,17.089844,25000000.000
30001,2096,23.437500,25000000.000
30002,2105,27.832031,25000000.000
30003,2106,28.320312,25000000.000
30004,2120,35.156250,25000000.000
30005,2124,37.109375,25000000.000
30006,2127,38.574219,25000000.000
30007,2128,39.062500,25000000.000
30008,2129,39.550781,25000000.000
30009,2127,38.574219,25000000.000
30010,2123,36.621094,25000000.000
30011,2123,36.621094,25000000.000
30012,2111,30.761719,25000000.000
30013,2102,26.367188,25000000.000
30014,2092,21.484375,25000000.000
30015,2091,20.996094,25000000.000
30016,2069,10.253906,25000000.000
30017,2055,3.417969,25000000.000
30018,2042,-2.929688,25000000.000
30019,2040,-3.906250,25000000.000
30020,2015,-16.113281,25000000.000
30021,2002,-22.460938,25000000.000
30022,1991,-27.832031,25000000.000
30023,1990,-28.320312,25000000.000
30024,1973,-36.621094,25000000.000
30025,1967,-39.550781,25000000.000
30026,1963,-41.503906,25000000.000
30027,1962,-41.992188,25000000.000
30028,1960,-42.968750,25000000.000
30029,1962,-41.992188,25000000.000
30030,1966,-40.039062,25000000.000
30031,1966,-40.039062,25000000.000
30032,1980,-33.203125,25000000.000
30033,1988,-29.296875,25000000.000
30034,1999,-23.925781,25000000.000
30035,1999,-23.925781,25000000.000
30036,2022,-12.695312,25000000.000
30037,2035,-6.347656,25000000.000
30038,2048,0.000000,25000000.000
30039,2051,1.464844,25000000.000
30040,2074,12.695312,25000000.000
30041,2086,18.554688,25000000.000
30042,2097,23.925781,25000000.000
30043,2098,24.414062,25000000.000
30044,2115,32.714844,25000000.000
30045,2120,35.156250,25000000.000
30046,2126,38.085938,25000000.000
30047,2126,38.085938,25000000.000
30048,2129,39.550781,25000000.000
30049,2129,39.550781,25000000.000
30050,2126,38.085938,25000000.000
30051,2126,38.085938,25000000.000
30052,2117,33.691406,25000000.000
30053,2109,29.785156,25000000.000
30054,2100,25.390625,25000000.000
30055,2100,25.390625,25000000.000
30056,2076,13.671875,25000000.000
30057,2067,9.277344,25000000.000
30058,2054,2.929688,25000000.000
30059,2052,1.953125,25000000.000
30060,2025,-11.230469,25000000.000
30061,2013,-17.089844,25000000.000
30062,2000,-23.437500,25000000.000
30063,1999,-23.925781,25000000.000
30064,1979,-33.691406,25000000.000
30065,1971,-37.597656,25000000.000
30066,1965,-40.527344,25000000.000
30067,1965,-40.527344,25000000.000
30068,1960,-42.968750,25000000.000
30069,1960,-42.968750,25000000.000
30070,1962,-41.992188,25000000.000
30071,1962,-41.992188,25000000.000
30072,1973,-36.621094,25000000.000
30073,1980,-33.203125,25000000.000
30074,1988,-29.296875,25000000.000
30075,1989,-28.808594,25000000.000
30076,2011,-18.066406,25000000.000
30077,2023,-12.207031,25000000.000
30078,2038,-4.882812,25000000.000
30079,2038,-4.882812,25000000.000
30080,2063,7.324219,25000000.000
30081,2075,13.183594,25000000.000
30082,2087,19.042969,25000000.000
30083,2088,19.531250,25000000.000
30084,2107,28.808594,25000000.000
30085,2115,32.714844,25000000.000
30086,2121,35.644531,25000000.000
30087,2122,36.132812,25000000.000
30088,2127,38.574219,25000000.000
30089,2129,39.550781,25000000.000
30090,2129,39.550781,25000000.000
30091,2127,38.574219,25000000.000
30092,2122,36.132812,25000000.000
30093,2114,32.226562,25000000.000
30094,2107,28.808594,25000000.000
30095,2107,28.808594,25000000.000
30096,2089,20.019531,25000000.000
30097,2077,14.160156,25000000.000
30098,2064,7.812500,25000000.000
30099,2062,6.835938,25000000.000
30100,2036,-5.859375,25000000.000
30101,2023,-12.207031,25000000.000
30102,2010,-18.554688,25000000.000
30103,2008,-19.531250,25000000.000
30104,1987,-29.785156,25000000.000
30105,1977,-34.667969,25000000.000
30106,1969,-38.574219,25000000.000
30107,1969,-38.574219,25000000.000
30108,1960,-42.968750,25000000.000
30109,1958,-43.945312,25000000.000
30110,1959,-43.457031,25000000.000
30111,1960,-42.968750,25000000.000
30112,1968,-39.062500,25000000.000
30113,1974,-36.132812,25000000.000
30114,1982,-32.226562,25000000.000
30115,1982,-32.226562,25000000.000
30116,2002,-22.460938,25000000.000
30117,2014,-16.601562,25000000.000
30118,2025,-11.230469,25000000.000
30119,2027,-10.253906,25000000.000
30120,2052,1.953125,25000000.000
30121,2065,8.300781,25000000.000
30122,2078,14.648438,25000000.000
30123,2079,15.136719,25000000.000
30124,2099,24.902344,25000000.000
30125,2109,29.785156,25000000.000
30126,2116,33.203125,25000000.000
30127,2116,33.203125,25000000.000
30128,2126,38.085938,25000000.000
30129,2127,38.574219,25000000.000
30130,2129,39.550781,25000000.000
30131,2128,39.062500,25000000.000
30132,2125,37.597656,25000000.000
30133,2120,35.156250,25000000.000
30134,2114,32.226562,25000000.000
30135,2113,31.738281,25000000.000
30136,2097,23.925781,25000000.000
30137,2086,18.554688,25000000.000
30138,2074,12.695312,25000000.000
30139,2073,12.207031,25000000.000
30140,2048,0.000000,25000000.000
30141,2035,-6.347656,25000000.000
30142,2021,-13.183594,25000000.000
30143,2019,-14.160156,25000000.000
30144,1996,-25.390625,25000000.000
30145,1985,-30.761719,25000000.000
30146,1976,-35.156250,25000000.000
30147,1976,-35.156250,25000000.000
30148,1965,-40.527344,25000000.000
30149,1961,-42.480469,25000000.000
30150,1960,-42.968750,25000000.000
30151,1960,-42.968750,25000000.000
30152,1964,-41.015625,25000000.000
30153,1968,-39.062500,25000000.000
30154,1975,-35.644531,25000000.000
30155,1976,-35.156250,25000000.000
30156,1993,-26.855469,25000000.000
30157,2004,-21.484375,25000000.000
30158,2016,-15.625000,25000000.000
30159,2017,-15.136719,25000000.000
30160,2043,-2.441406,25000000.000
30161,2055,3.417969,25000000.000
30162,2065,8.300781,25000000.000
30163,2069,10.253906,25000000.000
30164,2092,21.484375,25000000.000
30165,2102,26.367188,25000000.000
30166,2110,30.273438,25000000.000
30167,2111,30.761719,25000000.000
30168,2123,36.621094,25000000.000
30169,2127,38.574219,25000000.000
30170,2128,39.062500,25000000.000
30171,2129,39.550781,25000000.000
30172,2128,39.062500,25000000.000
30173,2126,38.085938,25000000.000
30174,2122,36.132812,25000000.000
30175,2118,34.179688,25000000.000
30176,2104,27.343750,25000000.000
30177,2097,23.925781,25000000.000
30178,2085,18.066406,25000000.000
30179,2085,18.066406,25000000.000
30180,2060,5.859375,25000000.000
30181,2048,0.000000,25000000.000
30182,2033,-7.324219,25000000.000
30183,2032,-7.812500,25000000.000
30184,2006,-20.507812,25000000.000
30185,1995,-25.878906,25000000.000
30186,1985,-30.761719,25000000.000
30187,1984,-31.250000,25000000.000
30188,1969,-38.574219,25000000.000
30189,1964,-41.015625,25000000.000
30190,1961,-42.480469,25000000.000
30191,1960,-42.968750,25000000.000
30192,1961,-42.480469,25000000.000
30193,1965,-40.527344,25000000.000
30194,1970,-38.085938,25000000.000
30195,1971,-37.597656,25000000.000
30196,1985,-30.761719,25000000.000
30197,1995,-25.878906,25000000.000
30198,2005,-20.996094,25000000.000
30199,2007,-20.019531,25000000.000
30200,2031,-8.300781,25000000.000
30201,2043,-2.441406,25000000.000
30202,2056,3.906250,25000000.000
30203,2058,4.882812,25000000.000
30204,2081,16.113281,25000000.000
30205,2091,20.996094,25000000.000
30206,2102,26.367188,25000000.000
30207,2103,26.855469,25000000.000
30208,2118,34.179688,25000000.000
30209,2123,36.621094,25000000.000
30210,2127,38.574219,25000000.000
30211,2127,38.574219,25000000.000
30212,2127,38.574219,25000000.000
30213,2128,39.062500,25000000.000
30214,2124,37.109375,25000000.000
30215,2122,36.132812,25000000.000
30216,2112,31.250000,25000000.000
30217,2104,27.343750,25000000.000
30218,2095,22.949219,25000000.000
30219,2095,22.949219,25000000.000
30220,2071,11.230469,25000000.000
30221,2058,4.882812,25000000.000
30222,2045,-1.464844,25000000.000
30223,2043,-2.441406,25000000.000
30224,2017,-15.136719,25000000.000
30225,2004,-21.484375,25000000.000
30226,1992,-27.343750,25000000.000
30227,1993,-26.855469,25000000.000
30228,1974,-36.132812,25000000.000
30229,1967,-39.550781,25000000.000
30230,1964,-41.015625,25000000.000
30231,1961,-42.480469,25000000.000
30232,1960,-42.968750,25000000.000
30233,1961,-42.480469,25000000.000
30234,1966,-40.039062,25000000.000
30235,1965,-40.527344,25000000.000
30236,1977,-34.667969,25000000.000
30237,1986,-30.273438,25000000.000
30238,1996,-25.390625,25000000.000
30239,1996,-25.390625,25000000.000
30240,2019,-14.160156,25000000.000
30241,2031,-8.300781,25000000.000
30242,2045,-1.464844,25000000.000
30243,2046,-0.976562,25000000.000
30244,2069,10.253906,25000000.000
30245,2082,16.601562,25000000.000
30246,2094,22.460938,25000000.000
30247,2095,22.949219,25000000.000
30248,2112,31.250000,25000000.000
30249,2118,34.179688,25000000.000
30250,2123,36.621094,25000000.000
30251,2125,37.597656,25000000.000
30252,2128,39.062500,25000000.000
30253,2128,39.062500,25000000.000
30254,2126,38.085938,25000000.000
30255,2126,38.085938,25000000.000
30256,2118,34.179688,25000000.000
30257,2111,30.761719,25000000.000
30258,2102,26.367188,25000000.000
30259,2101,25.878906,25000000.000
30260,2079,15.136719,25000000.000
30261,2070,10.742188,25000000.000
30262,2057,4.394531,25000000.000
30263,2055,3.417969,25000000.000
30264,2028,-9.765625,25000000.000
30265,2015,-16.113281,25000000.000
30266,2001,-22.949219,25000000.000
30267,2001,-22.949219,25000000.000
30268,1981,-32.714844,25000000.000
30269,1973,-36.621094,25000000.000
30270,1967,-39.550781,25000000.000
30271,1966,-40.039062,25000000.000
30272,1960,-42.968750,25000000.000
30273,1959,-43.457031,25000000.000
30274,1961,-42.480469,25000000.000
30275,1961,-42.480469,25000000.000
30276,1972,-37.109375,25000000.000
30277,1977,-34.667969,25000000.000
30278,1986,-30.273438,25000000.000
30279,1987,-29.785156,25000000.000
30280,2008,-19.531250,25000000.000
30281,2020,-13.671875,25000000.000
30282,2033,-7.324219,25000000.000
30283,2034,-6.835938,25000000.000
30284,2059,5.371094,25000000.000
30285,2072,11.718750,25000000.000
30286,2083,17.089844,25000000.000
30287,2085,18.066406,25000000.000
30288,2104,27.343750,25000000.000
30289,2113,31.738281,25000000.000
30290,2119,34.667969,25000000.000
30291,2120,35.156250,25000000.000
30292,2127,38.574219,25000000.000
30293,2128,39.062500,25000000.000
30294,2128,39.062500,25000000.000
30295,2127,38.574219,25000000.000
30296,2123,36.621094,25000000.000
30297,2117,33.691406,25000000.000
30298,2110,30.273438,25000000.000
30299,2109,29.785156,25000000.000
30300,2092,21.484375,25000000.000
30301,2079,15.136719,25000000.000
30302,2067,9.277344,25000000.000
30303,2065,8.300781,25000000.000
30304,2041,-3.417969,25000000.000
30305,2026,-10.742188,25000000.000
30306,2012,-17.578125,25000000.000
30307,2012,-17.578125,25000000.000
30308,1989,-28.808594,25000000.000
30309,1979,-33.691406,25000000.000
30310,1972,-37.109375,25000000.000
30311,1970,-38.085938,25000000.000
30312,1961,-42.480469,25000000.000
30313,1958,-43.945312,25000000.000
30314,1959,-43.457031,25000000.000
30315,1959,-43.457031,25000000.000
30316,1966,-40.039062,25000000.000
30317,1972,-37.109375,25000000.000
30318,1979,-33.691406,25000000.000
30319,1981,-32.714844,25000000.000
30320,1998,-24.414062,25000000.000
30321,2010,-18.554688,25000000.000
30322,2023,-12.207031,25000000.000
30323,2024,-11.718750,25000000.000
30324,2048,0.000000,25000000.000
30325,2061,6.347656,25000000.000
30326,2074,12.695312,25000000.000
30327,2076,13.671875,25000000.000
30328,2097,23.925781,25000000.000
30329,2106,28.320312,25000000.000
30330,2115,32.714844,25000000.000
30331,2115,32.714844,25000000.000
30332,2125,37.597656,25000000.000
30333,2128,39.062500,25000000.000
30334,2128,39.062500,25000000.000
30335,2129,39.550781,25000000.000
30336,2126,38.085938,25000000.000
30337,2122,36.132812,25000000.000
30338,2117,33.691406,25000000.000
30339,2116,33.203125,25000000.000
30340,2100,25.390625,25000000.000
30341,2091,20.996094,25000000.000
30342,2078,14.648438,25000000.000
30343,2077,14.160156,25000000.000
30344,2052,1.953125,25000000.000
30345,2039,-4.394531,25000000.000
30346,2023,-12.207031,25000000.000
30347,2023,-12.207031,25000000.000
30348,1999,-23.925781,25000000.000
30349,1988,-29.296875,25000000.000
30350,1978,-34.179688,25000000.000
30351,1977,-34.667969,25000000.000
30352,1966,-40.039062,25000000.000
30353,1961,-42.480469,25000000.000
30354,1960,-42.968750,25000000.000
30355,1960,-42.968750,25000000.000
30356,1962,-41.992188,25000000.000
30357,1967,-39.550781,25000000.000
30358,1973,-36.621094,25000000.000
30359,1974,-36.132812,25000000.000
30360,1990,-28.320312,25000000.000
30361,2000,-23.437500,25000000.000
30362,2012,-17.578125,25000000.000
30363,2013,-17.089844,25000000.000
30364,2038,-4.882812,25000000.000
30365,2052,1.953125,25000000.000
30366,2065,8.300781,25000000.000
30367,2065,8.300781,25000000.000
30368,2090,20.507812,25000000.000
30369,2100,25.390625,25000000.000
30370,2109,29.785156,25000000.000
30371,2109,29.785156,25000000.000
30372,2122,36.132812,25000000.000
30373,2126,38.085938,25000000.000
30374,2128,39.062500,25000000.000
30375,2129,39.550781,25000000.000
30376,2129,39.550781,25000000.000
30377,2125,37.597656,25000000.000
30378,2120,35.156250,25000000.000
30379,2121,35.644531,25000000.000
30380,2108,29.296875,25000000.000
30381,2098,24.414062,25000000.000
30382,2089,20.019531,25000000.000
30383,2087,19.042969,25000000.000
30384,2063,7.324219,25000000.000
30385,2051,1.464844,25000000.000
30386,2036,-5.859375,25000000.000
30387,2034,-6.835938,25000000.000
30388,2010,-18.554688,25000000.000
30389,1997,-24.902344,25000000.000
30390,1987,-29.785156,25000000.000
30391,1986,-30.273438,25000000.000
30392,1970,-38.085938,25000000.000
30393,1965,-40.527344,25000000.000
30394,1962,-41.992188,25000000.000
30395,1960,-42.968750,25000000.000
30396,1960,-42.968750,25000000.000
30397,1964,-41.015625,25000000.000
30398,1968,-39.062500,25000000.000
30399,1969,-38.574219,25000000.000
30400,1983,-31.738281,25000000.000
30401,1991,-27.832031,25000000.000
30402,2003,-21.972656,25000000.000
30403,2004,-21.484375,25000000.000
30404,2027,-10.253906,25000000.000
30405,2043,-2.441406,25000000.000
30406,2055,3.417969,25000000.000
30407,2054,2.929688,25000000.000
30408,2078,14.648438,25000000.000
30409,2091,20.996094,25000000.000
30410,2100,25.390625,25000000.000
30411,2101,25.878906,25000000.000
30412,2115,32.714844,25000000.000
30413,2123,36.621094,25000000.000
30414,2126,38.085938,25000000.000
30415,2126,38.085938,25000000.000
30416,2129,39.550781,25000000.000
30417,2127,38.574219,25000000.000
30418,2125,37.597656,25000000.000
30419,2125,37.597656,25000000.000
30420,2114,32.226562,25000000.000
30421,2105,27.832031,25000000.000
30422,2098,24.414062,25000000.000
30423,2095,22.949219,25000000.000
30424,2075,13.183594,25000000.000
30425,2062,6.835938,25000000.000
30426,2048,0.000000,25000000.000
30427,2046,-0.976562,25000000.000
30428,2020,-13.671875,25000000.000
30429,2007,-20.019531,25000000.000
30430,1995,-25.878906,25000000.000
30431,1994,-26.367188,25000000.000
30432,1976,-35.156250,25000000.000
30433,1968,-39.062500,25000000.000
30434,1962,-41.992188,25000000.000
30435,1961,-42.480469,25000000.000
30436,1958,-43.945312,25000000.000
30437,1961,-42.480469,25000000.000
30438,1962,-41.992188,25000000.000
30439,1962,-41.992188,25000000.000
30440,1974,-36.132812,25000000.000
30441,1983,-31.738281,25000000.000
30442,1993,-26.855469,25000000.000
30443,1993,-26.855469,25000000.000
30444,2015,-16.113281,25000000.000
30445,2028,-9.765625,25000000.000
30446,2040,-3.906250,25000000.000
30447,2043,-2.441406,25000000.000
30448,2068,9.765625,25000000.000
30449,2080,15.625000,25000000.000
30450,2091,20.996094,25000000.000
30451,2093,21.972656,25000000.000
30452,2110,30.273438,25000000.000
30453,2117,33.691406,25000000.000
30454,2123,36.621094,25000000.000
30455,2123,36.621094,25000000.000
30456,2129,39.550781,25000000.000
30457,2128,39.062500,25000000.000
30458,2127,38.574219,25000000.000
30459,2126,38.085938,25000000.000
30460,2119,34.667969,25000000.000
30461,2113,31.738281,25000000.000
30462,2104,27.343750,25000000.000
30463,2103,26.855469,25000000.000
30464,2084,17.578125,25000000.000
30465,2073,12.207031,25000000.000
30466,2058,4.882812,25000000.000
30467,2058,4.882812,25000000.000
30468,2031,-8.300781,25000000.000
30469,2018,-14.648438,25000000.000
30470,2005,-20.996094,25000000.000
30471,2004,-21.484375,25000000.000
30472,1983,-31.738281,25000000.000
30473,1974,-36.132812,25000000.000
30474,1968,-39.062500,25000000.000
30475,1966,-40.039062,25000000.000
30476,1959,-43.457031,25000000.000
30477,1959,-43.457031,25000000.000
30478,1961,-42.480469,25000000.000
30479,1960,-42.968750,25000000.000
30480,1969,-38.574219,25000000.000
30481,1976,-35.156250,25000000.000
30482,1985,-30.761719,25000000.000
30483,1986,-30.273438,25000000.000
30484,2005,-20.996094,25000000.000
30485,2017,-15.136719,25000000.000
30486,2030,-8.789062,25000000.000
30487,2032,-7.812500,25000000.000
30488,2056,3.906250,25000000.000
30489,2070,10.742188,25000000.000
30490,2082,16.601562,25000000.000
30491,2083,17.089844,25000000.000
30492,2103,26.855469,25000000.000
30493,2111,30.761719,25000000.000
30494,2118,34.179688,25000000.000
30495,2119,34.667969,25000000.000
30496,2128,39.062500,25000000.000
30497,2128,39.062500,25000000.000
30498,2129,39.550781,25000000.000
30499,2129,39.550781,25000000.000
30500,2123,36.621094,25000000.000
30501,2118,34.179688,25000000.000
30502,2112,31.250000,25000000.000
30503,2110,30.273438,25000000.000
30504,2093,21.972656,25000000.000
30505,2082,16.601562,25000000.000
30506,2070,10.742188,25000000.000
30507,2068,9.765625,25000000.000
30508,2044,-1.953125,25000000.000
30509,2029,-9.277344,25000000.000
30510,2016,-15.625000,25000000.000
30511,2015,-16.113281,25000000.000
30512,1992,-27.343750,25000000.000
30513,1982,-32.226562,25000000.000
30514,1974,-36.132812,25000000.000
30515,1972,-37.109375,25000000.000
30516,1962,-41.992188,25000000.000
30517,1960,-42.968750,25000000.000
30518,1959,-43.457031,25000000.000
30519,1960,-42.968750,25000000.000
30520,1964,-41.015625,25000000.000
30521,1970,-38.085938,25000000.000
30522,1978,-34.179688,25000000.000
30523,1978,-34.179688,25000000.000
30524,1996,-25.390625,25000000.000
30525,2008,-19.531250,25000000.000
30526,2020,-13.671875,25000000.000
30527,2021,-13.183594,25000000.000
30528,2046,-0.976562,25000000.000
30529,2060,5.859375,25000000.000
30530,2072,11.718750,25000000.000
30531,2074,12.695312,25000000.000
30532,2095,22.949219,25000000.000
30533,2106,28.320312,25000000.000
30534,2113,31.738281,25000000.000
30535,2114,32.226562,25000000.000
30536,2125,37.597656,25000000.000
30537,2127,38.574219,25000000.000
30538,2129,39.550781,25000000.000
30539,2129,39.550781,25000000.000
30540,2127,38.574219,25000000.000
30541,2124,37.109375,25000000.000
30542,2118,34.179688,25000000.000
30543,2118,34.179688,25000000.000
30544,2103,26.855469,25000000.000
30545,2093,21.972656,25000000.000
30546,2082,16.601562,25000000.000
30547,2081,16.113281,25000000.000
30548,2056,3.906250,25000000.000
30549,2042,-2.929688,25000000.000
30550,2028,-9.765625,25000000.000
30551,2027,-10.253906,25000000.000
30552,2003,-21.972656,25000000.000
30553,1991,-27.832031,25000000.000
30554,1981,-32.714844,25000000.000
30555,1980,-33.203125,25000000.000
30556,1967,-39.550781,25000000.000
30557,1963,-41.503906,25000000.000
30558,1961,-42.480469,25000000.000
30559,1960,-42.968750,25000000.000
30560,1962,-41.992188,25000000.000
30561,1967,-39.550781,25000000.000
30562,1971,-37.597656,25000000.000
30563,1972,-37.109375,25000000.000
30564,1989,-28.808594,25000000.000
30565,1998,-24.414062,25000000.000
30566,2009,-19.042969,25000000.000
30567,2010,-18.554688,25000000.000
30568,2035,-6.347656,25000000.000
30569,2048,0.000000,25000000.000
30570,2061,6.347656,25000000.000
30571,2062,6.835938,25000000.000
30572,2085,18.066406,25000000.000
30573,2097,23.925781,25000000.000
30574,2107,28.808594,25000000.000
30575,2107,28.808594,25000000.000
30576,2121,35.644531,25000000.000
30577,2126,38.085938,25000000.000
30578,2128,39.062500,25000000.000
30579,2128,39.062500,25000000.000
30580,2129,39.550781,25000000.000
30581,2126,38.085938,25000000.000
30582,2123,36.621094,25000000.000
30583,2122,36.132812,25000000.000
30584,2110,30.273438,25000000.000
30585,2102,26.367188,25000000.000
30586,2091,20.996094,25000000.000
30587,2090,20.507812,25000000.000
30588,2066,8.789062,25000000.000
30589,2054,2.929688,25000000.000
30590,2041,-3.417969,25000000.000
30591,2039,-4.394531,25000000.000
30592,2013,-17.089844,25000000.000
30593,2000,-23.437500,25000000.000
30594,1989,-28.808594,25000000.000
30595,1987,-29.785156,25000000.000
30596,1971,-37.597656,25000000.000
30597,1965,-40.527344,25000000.000
30598,1962,-41.992188,25000000.000
30599,1962,-41.992188,25000000.000
30600,1960,-42.968750,25000000.000
30601,1963,-41.503906,25000000.000
30602,1966,-40.039062,25000000.000
30603,1968,-39.062500,25000000.000
30604,1981,-32.714844,25000000.000
30605,1990,-28.320312,25000000.000
30606,2000,-23.437500,25000000.000
30607,2000,-23.437500,25000000.000
30608,2024,-11.718750,25000000.000
30609,2037,-5.371094,25000000.000
30610,2050,0.976562,25000000.000
30611,2052,1.953125,25000000.000
30612,2076,13.671875,25000000.000
30613,2088,19.531250,25000000.000
30614,2098,24.414062,25000000.000
30615,2100,25.390625,25000000.000
30616,2115,32.714844,25000000.000
30617,2122,36.132812,25000000.000
30618,2125,37.597656,25000000.000
30619,2126,38.085938,25000000.000
30620,2128,39.062500,25000000.000
30621,2129,39.550781,25000000.000
30622,2126,38.085938,25000000.000
30623,2126,38.085938,25000000.000
30624,2116,33.203125,25000000.000
30625,2109,29.785156,25000000.000
30626,2100,25.390625,25000000.000
30627,2099,24.902344,25000000.000
30628,2077,14.160156,25000000.000
30629,2065,8.300781,25000000.000
30630,2050,0.976562,25000000.000
30631,2049,0.488281,25000000.000
30632,2023,-12.207031,25000000.000
30633,2009,-19.042969,25000000.000
30634,1997,-24.902344,25000000.000
30635,1996,-25.390625,25000000.000
30636,1978,-34.179688,25000000.000
30637,1970,-38.085938,25000000.000
30638,1964,-41.015625,25000000.000
30639,1963,-41.503906,25000000.000
30640,1959,-43.457031,25000000.000
30641,1960,-42.968750,25000000.000
30642,1962,-41.992188,25000000.000
30643,1962,-41.992188,25000000.000
30644,1973,-36.621094,25000000.000
30645,1980,-33.203125,25000000.000
30646,1990,-28.320312,25000000.000
30647,1991,-27.832031,25000000.000
30648,2013,-17.089844,25000000.000
30649,2025,-11.230469,25000000.000
30650,2038,-4.882812,25000000.000
30651,2039,-4.394531,25000000.000
30652,2065,8.300781,25000000.000
30653,2076,13.671875,25000000.000
30654,2089,20.019531,25000000.000
30655,2090,20.507812,25000000.000
30656,2108,29.296875,25000000.000
30657,2115,32.714844,25000000.000
30658,2121,35.644531,25000000.000
30659,2122,36.132812,25000000.000
30660,2128,39.062500,25000000.000
30661,2128,39.062500,25000000.000
30662,2127,38.574219,25000000.000
30663,2128,39.062500,25000000.000
30664,2121,35.644531,25000000.000
30665,2115,32.714844,25000000.000
30666,2107,28.808594,25000000.000
30667,2106,28.320312,25000000.000
30668,2086,18.554688,25000000.000
30669,2074,12.695312,25000000.000
30670,2062,6.835938,25000000.000
30671,2061,6.347656,25000000.000
30672,2035,-6.347656,25000000.000
30673,2022,-12.695312,25000000.000
30674,2009,-19.042969,25000000.000
30675,2007,-20.019531,25000000.000
30676,1985,-30.761719,25000000.000
30677,1976,-35.156250,25000000.000
30678,1970,-38.085938,25000000.000
30679,1968,-39.062500,25000000.000
30680,1960,-42.968750,25000000.000
30681,1959,-43.457031,25000000.000
30682,1959,-43.457031,25000000.000
30683,1960,-42.968750,25000000.000
30684,1968,-39.062500,25000000.000
30685,1974,-36.132812,25000000.000
30686,1982,-32.226562,25000000.000
30687,1982,-32.226562,25000000.000
30688,2002,-22.460938,25000000.000
30689,2015,-16.113281,25000000.000
30690,2026,-10.742188,25000000.000
30691,2027,-10.253906,25000000.000
30692,2053,2.441406,25000000.000
30693,2067,9.277344,25000000.000
30694,2078,14.648438,25000000.000
30695,2080,15.625000,25000000.000
30696,2101,25.878906,25000000.000
30697,2110,30.273438,25000000.000
30698,2117,33.691406,25000000.000
30699,2117,33.691406,25000000.000
30700,2126,38.085938,25000000.000
30701,2128,39.062500,25000000.000
30702,2129,39.550781,25000000.000
30703,2129,39.550781,25000000.000
30704,2125,37.597656,25000000.000
30705,2119,34.667969,25000000.000
30706,2113,31.738281,25000000.000
30707,2113,31.738281,25000000.000
30708,2097,23.925781,25000000.000
30709,2086,18.554688,25000000.000
30710,2073,12.207031,25000000.000
30711,2073,12.207031,25000000.000
30712,2047,-0.488281,25000000.000
30713,2033,-7.324219,25000000.000
30714,2019,-14.160156,25000000.000
30715,2018,-14.648438,25000000.000
30716,1995,-25.878906,25000000.000
30717,1984,-31.250000,25000000.000
30718,1975,-35.644531,25000000.000
30719,1974,-36.132812,25000000.000
30720,1964,-41.015625,25000000.000
30721,1961,-42.480469,25000000.000
30722,1961,-42.480469,25000000.000
30723,1959,-43.457031,25000000.000
30724,1966,-40.039062,25000000.000
30725,1970,-38.085938,25000000.000
30726,1976,-35.156250,25000000.000
30727,1978,-34.179688,25000000.000
30728,1995,-25.878906,25000000.000
30729,2005,-20.996094,25000000.000
30730,2016,-15.625000,25000000.000
30731,2019,-14.160156,25000000.000
30732,2043,-2.441406,25000000.000
30733,2055,3.417969,25000000.000
30734,2069,10.253906,25000000.000
30735,2069,10.253906,25000000.000
30736,2093,21.972656,25000000.000
30737,2102,26.367188,25000000.000
30738,2112,31.250000,25000000.000
30739,2111,30.761719,25000000.000
30740,2123,36.621094,25000000.000
30741,2127,38.574219,25000000.000
30742,2128,39.062500,25000000.000
30743,2128,39.062500,25000000.000
30744,2128,39.062500,25000000.000
30745,2125,37.597656,25000000.000
30746,2119,34.667969,25000000.000
30747,2118,34.179688,25000000.000
30748,2105,27.832031,25000000.000
30749,2096,23.437500,25000000.000
30750,2085,18.066406,25000000.000
30751,2084,17.578125,25000000.000
30752,2058,4.882812,25000000.000
30753,2051,1.464844,25000000.000
30754,2031,-8.300781,25000000.000
30755,2033,-7.324219,25000000.000
30756,2005,-20.996094,25000000.000
30757,1992,-27.343750,25000000.000
30758,1982,-32.226562,25000000.000
30759,1983,-31.738281,25000000.000
30760,1967,-39.550781,25000000.000
30761,1962,-41.992188,25000000.000
30762,1960,-42.968750,25000000.000
30763,1960,-42.968750,25000000.000
30764,1960,-42.968750,25000000.000
30765,1965,-40.527344,25000000.000
30766,1968,-39.062500,25000000.000
30767,1970,-38.085938,25000000.000
30768,1986,-30.273438,25000000.000
30769,1995,-25.878906,25000000.000
30770,2006,-20.507812,25000000.000
30771,2007,-20.019531,25000000.000
30772,2031,-8.300781,25000000.000
30773,2044,-1.953125,25000000.000
30774,2057,4.394531,25000000.000
30775,2058,4.882812,25000000.000
30776,2082,16.601562,25000000.000
30777,2094,22.460938,25000000.000
30778,2103,26.855469,25000000.000
30779,2105,27.832031,25000000.000
30780,2119,34.667969,25000000.000
30781,2123,36.621094,25000000.000
30782,2128,39.062500,25000000.000
30783,2127,38.574219,25000000.000
30784,2129,39.550781,25000000.000
30785,2127,38.574219,25000000.000
30786,2124,37.109375,25000000.000
30787,2123,36.621094,25000000.000
30788,2112,31.250000,25000000.000
30789,2104,27.343750,25000000.000
30790,2094,22.460938,25000000.000
30791,2091,20.996094,25000000.000
30792,2070,10.742188,25000000.000
30793,2057,4.394531,25000000.000
30794,2044,-1.953125,25000000.000
30795,2042,-2.929688,25000000.000
30796,2015,-16.113281,25000000.000
30797,2003,-21.972656,25000000.000
30798,1993,-26.855469,25000000.000
30799,1992,-27.343750,25000000.000
30800,1973,-36.621094,25000000.000
30801,1967,-39.550781,25000000.000
30802,1963,-41.503906,25000000.000
30803,1962,-41.992188,25000000.000
30804,1960,-42.968750,25000000.000
30805,1962,-41.992188,25000000.000
30806,1966,-40.039062,25000000.000
30807,1966,-40.039062,25000000.000
30808,1978,-34.179688,25000000.000
30809,1987,-29.785156,25000000.000
30810,1996,-25.390625,25000000.000
30811,1997,-24.902344,25000000.000
30812,2020,-13.671875,25000000.000
30813,2032,-7.812500,25000000.000
30814,2046,-0.976562,25000000.000
30815,2047,-0.488281,25000000.000
30816,2071,11.230469,25000000.000
30817,2084,17.578125,25000000.000
30818,2095,22.949219,25000000.000
30819,2096,23.437500,25000000.000
30820,2113,31.738281,25000000.000
30821,2119,34.667969,25000000.000
30822,2124,37.109375,25000000.000
30823,2124,37.109375,25000000.000
30824,2128,39.062500,25000000.000
30825,2129,39.550781,25000000.000
30826,2126,38.085938,25000000.000
30827,2126,38.085938,25000000.000
30828,2118,34.179688,25000000.000
30829,2110,30.273438,25000000.000
30830,2101,25.878906,25000000.000
30831,2101,25.878906,25000000.000
30832,2079,15.136719,25000000.000
30833,2068,9.765625,25000000.000
30834,2054,2.929688,25000000.000
30835,2052,1.953125,25000000.000
30836,2027,-10.253906,25000000.000
30837,2013,-17.089844,25000000.000
30838,1999,-23.925781,25000000.000
30839,2000,-23.437500,25000000.000
30840,1980,-33.203125,25000000.000
30841,1972,-37.109375,25000000.000
30842,1966,-40.039062,25000000.000
30843,1964,-41.015625,25000000.000
30844,1958,-43.945312,25000000.000
30845,1959,-43.457031,25000000.000
30846,1960,-42.968750,25000000.000
30847,1961,-42.480469,25000000.000
30848,1971,-37.597656,25000000.000
30849,1978,-34.179688,25000000.000
30850,1988,-29.296875,25000000.000
30851,1988,-29.296875,25000000.000
30852,2009,-19.042969,25000000.000
30853,2022,-12.695312,25000000.000
30854,2034,-6.835938,25000000.000
30855,2035,-6.347656,25000000.000
30856,2060,5.859375,25000000.000
30857,2075,13.183594,25000000.000
30858,2086,18.554688,25000000.000
30859,2086,18.554688,25000000.000
30860,2106,28.320312,25000000.000
30861,2114,32.226562,25000000.000
30862,2120,35.156250,25000000.000
30863,2121,35.644531,25000000.000
30864,2128,39.062500,25000000.000
30865,2128,39.062500,25000000.000
30866,2128,39.062500,25000000.000
30867,2128,39.062500,25000000.000
30868,2122,36.132812,25000000.000
30869,2116,33.203125,25000000.000
30870,2108,29.296875,25000000.000
30871,2107,28.808594,25000000.000
30872,2090,20.507812,25000000.000
30873,2077,14.160156,25000000.000
30874,2065,8.300781,25000000.000
30875,2064,7.812500,25000000.000
30876,2038,-4.882812,25000000.000
30877,2024,-11.718750,25000000.000
30878,2011,-18.066406,25000000.000
30879,2010,-18.554688,25000000.000
30880,1988,-29.296875,25000000.000
30881,1978,-34.179688,25000000.000
30882,1970,-38.085938,25000000.000
30883,1969,-38.574219,25000000.000
30884,1960,-42.968750,25000000.000
30885,1959,-43.457031,25000000.000
30886,1960,-42.968750,25000000.000
30887,1960,-42.968750,25000000.000
30888,1967,-39.550781,25000000.000
30889,1973,-36.621094,25000000.000
30890,1981,-32.714844,25000000.000
30891,1981,-32.714844,25000000.000
30892,2000,-23.437500,25000000.000
30893,2011,-18.066406,25000000.000
30894,2025,-11.230469,25000000.000
30895,2024,-11.718750,25000000.000
30896,2050,0.976562,25000000.000
30897,2063,7.324219,25000000.000
30898,2076,13.671875,25000000.000
30899,2078,14.648438,25000000.000
30900,2100,25.390625,25000000.000
30901,2108,29.296875,25000000.000
30902,2115,32.714844,25000000.000
30903,2116,33.203125,25000000.000
30904,2125,37.597656,25000000.000
30905,2128,39.062500,25000000.000
30906,2129,39.550781,25000000.000
30907,2129,39.550781,25000000.000
30908,2125,37.597656,25000000.000
30909,2121,35.644531,25000000.000
30910,2116,33.203125,25000000.000
30911,2116,33.203125,25000000.000
30912,2098,24.414062,25000000.000
30913,2088,19.531250,25000000.000
30914,2077,14.160156,25000000.000
30915,2075,13.183594,25000000.000
30916,2051,1.464844,25000000.000
30917,2037,-5.371094,25000000.000
30918,2023,-12.207031,25000000.000
30919,2023,-12.207031,25000000.000
30920,1998,-24.414062,25000000.000
30921,1987,-29.785156,25000000.000
30922,1979,-33.691406,25000000.000
30923,1977,-34.667969,25000000.000
30924,1964,-41.015625,25000000.000
30925,1961,-42.480469,25000000.000
30926,1959,-43.457031,25000000.000
30927,1960,-42.968750,25000000.000
30928,1963,-41.503906,25000000.000
30929,1969,-38.574219,25000000.000
30930,1974,-36.132812,25000000.000
30931,1975,-35.644531,25000000.000
30932,1992,-27.343750,25000000.000
30933,2002,-22.460938,25000000.000
30934,2013,-17.089844,25000000.000
30935,2015,-16.113281,25000000.000
30936,2039,-4.394531,25000000.000
30937,2052,1.953125,25000000.000
30938,2066,8.789062,25000000.000
30939,2067,9.277344,25000000.000
30940,2090,20.507812,25000000.000
30941,2099,24.902344,25000000.000
30942,2108,29.296875,25000000.000
30943,2110,30.273438,25000000.000
30944,2123,36.621094,25000000.000
30945,2127,38.574219,25000000.000
30946,2129,39.550781,25000000.000
30947,2129,39.550781,25000000.000
30948,2127,38.574219,25000000.000
30949,2125,37.597656,25000000.000
30950,2121,35.644531,25000000.000
30951,2120,35.156250,25000000.000
30952,2107,28.808594,25000000.000
30953,2098,24.414062,25000000.000
30954,2086,18.554688,25000000.000
30955,2086,18.554688,25000000.000
30956,2062,6.835938,25000000.000
30957,2048,0.000000,25000000.000
30958,2034,-6.835938,25000000.000
30959,2033,-7.324219,25000000.000
30960,2008,-19.531250,25000000.000
30961,1996,-25.390625,25000000.000
30962,1986,-30.273438,25000000.000
30963,1985,-30.761719,25000000.000
30964,1969,-38.574219,25000000.000
30965,1963,-41.503906,25000000.000
30966,1960,-42.968750,25000000.000
30967,1961,-42.480469,25000000.000
30968,1960,-42.968750,25000000.000
30969,1963,-41.503906,25000000.000
30970,1968,-39.062500,25000000.000
30971,1970,-38.085938,25000000.000
30972,1983,-31.738281,25000000.000
30973,1993,-26.855469,25000000.000
30974,2004,-21.484375,25000000.000
30975,2003,-21.972656,25000000.000
30976,2027,-10.253906,25000000.000
30977,2040,-3.906250,25000000.000
30978,2054,2.929688,25000000.000
30979,2056,3.906250,25000000.000
30980,2080,15.625000,25000000.000
30981,2091,20.996094,25000000.000
30982,2101,25.878906,25000000.000
30983,2102,26.367188,25000000.000
30984,2118,34.179688,25000000.000
30985,2123,36.621094,25000000.000
30986,2126,38.085938,25000000.000
30987,2126,38.085938,25000000.000
30988,2128,39.062500,25000000.000
30989,2128,39.062500,25000000.000
30990,2124,37.109375,25000000.000
30991,2123,36.621094,25000000.000
30992,2113,31.738281,25000000.000
30993,2106,28.320312,25000000.000
30994,2096,23.437500,25000000.000
30995,2094,22.460938,25000000.000
30996,2072,11.718750,25000000.000
30997,2060,5.859375,25000000.000
30998,2046,-0.976562,25000000.000
30999,2045,-1.464844,25000000.000
31000,2018,-14.648438,25000000.000
31001,2007,-20.019531,25000000.000
31002,1994,-26.367188,25000000.000
31003,1994,-26.367188,25000000.000
31004,1975,-35.644531,25000000.000
31005,1968,-39.062500,25000000.000
31006,1963,-41.503906,25000000.000
31007,1963,-41.503906,25000000.000
31008,1960,-42.968750,25000000.000
31009,1961,-42.480469,25000000.000
31010,1964,-41.015625,25000000.000
31011,1965,-40.527344,25000000.000
31012,1976,-35.156250,25000000.000
31013,1984,-31.250000,25000000.000
31014,1994,-26.367188,25000000.000
31015,1995,-25.878906,25000000.000
31016,2017,-15.136719,25000000.000
31017,2030,-8.789062,25000000.000
31018,2043,-2.441406,25000000.000
31019,2044,-1.953125,25000000.000
31020,2069,10.253906,25000000.000
31021,2081,16.113281,25000000.000
31022,2092,21.484375,25000000.000
31023,2095,22.949219,25000000.000
31024,2111,30.761719,25000000.000
31025,2118,34.179688,25000000.000
31026,2123,36.621094,25000000.000
31027,2123,36.621094,25000000.000
31028,2128,39.062500,25000000.000
31029,2128,39.062500,25000000.000
31030,2126,38.085938,25000000.000
31031,2127,38.574219,25000000.000
31032,2119,34.667969,25000000.000
31033,2112,31.250000,25000000.000
31034,2103,26.855469,25000000.000
31035,2102,26.367188,25000000.000
31036,2083,17.089844,25000000.000
31037,2071,11.230469,25000000.000
31038,2057,4.394531,25000000.000
31039,2055,3.417969,25000000.000
31040,2030,-8.789062,25000000.000
31041,2016,-15.625000,25000000.000
31042,2003,-21.972656,25000000.000
31043,2002,-22.460938,25000000.000
31044,1982,-32.226562,25000000.000
31045,1972,-37.109375,25000000.000
31046,1966,-40.039062,25000000.000
31047,1967,-39.550781,25000000.000
31048,1959,-43.457031,25000000.000
31049,1959,-43.457031,25000000.000
31050,1961,-42.480469,25000000.000
31051,1962,-41.992188,25000000.000
31052,1971,-37.597656,25000000.000
31053,1977,-34.667969,25000000.000
31054,1985,-30.761719,25000000.000
31055,1986,-30.273438,25000000.000
31056,2007,-20.019531,25000000.000
31057,2019,-14.160156,25000000.000
31058,2032,-7.812500,25000000.000
31059,2033,-7.324219,25000000.000
31060,2057,4.394531,25000000.000
31061,2071,11.230469,25000000.000
31062,2082,16.601562,25000000.000
31063,2084,17.578125,25000000.000
31064,2103,26.855469,25000000.000
31065,2113,31.738281,25000000.000
31066,2118,34.179688,25000000.000
31067,2119,34.667969,25000000.000
31068,2126,38.085938,25000000.000
31069,2128,39.062500,25000000.000
31070,2128,39.062500,25000000.000
31071,2127,38.574219,25000000.000
31072,2123,36.621094,25000000.000
31073,2117,33.691406,25000000.000
31074,2109,29.785156,25000000.000
31075,2109,29.785156,25000000.000
31076,2091,20.996094,25000000.000
31077,2081,16.113281,25000000.000
31078,2069,10.253906,25000000.000
31079,2066,8.789062,25000000.000
31080,2042,-2.929688,25000000.000
31081,2028,-9.765625,25000000.000
31082,2014,-16.601562,25000000.000
31083,2013,-17.089844,25000000.000
31084,1991,-27.832031,25000000.000
31085,1980,-33.203125,25000000.000
31086,1972,-37.109375,25000000.000
31087,1971,-37.597656,25000000.000
31088,1962,-41.992188,25000000.000
31089,1959,-43.457031,25000000.000
31090,1959,-43.457031,25000000.000
31091,1959,-43.457031,25000000.000
31092,1966,-40.039062,25000000.000
31093,1972,-37.109375,25000000.000
31094,1978,-34.179688,25000000.000
31095,1980,-33.203125,25000000.000
31096,1998,-24.414062,25000000.000
31097,2009,-19.042969,25000000.000
31098,2022,-12.695312,25000000.000
31099,2023,-12.207031,25000000.000
31100,2047,-0.488281,25000000.000
31101,2063,7.324219,25000000.000
31102,2078,14.648438,25000000.000
31103,2072,11.718750,25000000.000
31104,2095,22.949219,25000000.000
31105,2106,28.320312,25000000.000
31106,2113,31.738281,25000000.000
31107,2115,32.714844,25000000.000
31108,2125,37.597656,25000000.000
31109,2127,38.574219,25000000.000
31110,2129,39.550781,25000000.000
31111,2130,40.039062,25000000.000
31112,2127,38.574219,25000000.000
31113,2123,36.621094,25000000.000
31114,2118,34.179688,25000000.000
31115,2117,33.691406,25000000.000
31116,2101,25.878906,25000000.000
31117,2091,20.996094,25000000.000
31118,2080,15.625000,25000000.000
31119,2078,14.648438,25000000.000
31120,2053,2.441406,25000000.000
31121,2040,-3.906250,25000000.000
31122,2027,-10.253906,25000000.000
31123,2025,-11.230469,25000000.000
31124,2002,-22.460938,25000000.000
31125,1990,-28.320312,25000000.000
31126,1979,-33.691406,25000000.000
31127,1979,-33.691406,25000000.000
31128,1966,-40.039062,25000000.000
31129,1961,-42.480469,25000000.000
31130,1959,-43.457031,25000000.000
31131,1959,-43.457031,25000000.000
31132,1962,-41.992188,25000000.000
31133,1966,-40.039062,25000000.000
31134,1973,-36.621094,25000000.000
31135,1973,-36.621094,25000000.000
31136,1989,-28.808594,25000000.000
31137,1999,-23.925781,25000000.000
31138,2011,-18.066406,25000000.000
31139,2011,-18.066406,25000000.000
31140,2036,-5.859375,25000000.000
31141,2050,0.976562,25000000.000
31142,2062,6.835938,25000000.000
31143,2064,7.812500,25000000.000
31144,2087,19.042969,25000000.000
31145,2098,24.414062,25000000.000
31146,2109,29.785156,25000000.000
31147,2110,30.273438,25000000.000
31148,2122,36.132812,25000000.000
31149,2126,38.085938,25000000.000
31150,2128,39.062500,25000000.000
31151,2129,39.550781,25000000.000
31152,2129,39.550781,25000000.000
31153,2126,38.085938,25000000.000
31154,2122,36.132812,25000000.000
31155,2122,36.132812,25000000.000
31156,2109,29.785156,25000000.000
31157,2100,25.390625,25000000.000
31158,2089,20.019531,25000000.000
31159,2088,19.531250,25000000.000
31160,2066,8.789062,25000000.000
31161,2052,1.953125,25000000.000
31162,2036,-5.859375,25000000.000
31163,2038,-4.882812,25000000.000
31164,2012,-17.578125,25000000.000
31165,1999,-23.925781,25000000.000
31166,1988,-29.296875,25000000.000
31167,1987,-29.785156,25000000.000
31168,1971,-37.597656,25000000.000
31169,1965,-40.527344,25000000.000
31170,1961,-42.480469,25000000.000
31171,1962,-41.992188,25000000.000
31172,1960,-42.968750,25000000.000
31173,1964,-41.015625,25000000.000
31174,1967,-39.550781,25000000.000
31175,1968,-39.062500,25000000.000
31176,1982,-32.226562,25000000.000
31177,1991,-27.832031,25000000.000
31178,2001,-22.949219,25000000.000
31179,2002,-22.460938,25000000.000
31180,2026,-10.742188,25000000.000
31181,2037,-5.371094,25000000.000
31182,2052,1.953125,25000000.000
31183,2052,1.953125,25000000.000
31184,2077,14.160156,25000000.000
31185,2088,19.531250,25000000.000
31186,2100,25.390625,25000000.000
31187,2100,25.390625,25000000.000
31188,2116,33.203125,25000000.000
31189,2123,36.621094,25000000.000
31190,2125,37.597656,25000000.000
31191,2126,38.085938,25000000.000
31192,2130,40.039062,25000000.000
31193,2128,39.062500,25000000.000
31194,2125,37.597656,25000000.000
31195,2124,37.109375,25000000.000
31196,2115,32.714844,25000000.000
31197,2108,29.296875,25000000.000
31198,2098,24.414062,25000000.000
31199,2097,23.925781,25000000.000
31200,2075,13.183594,25000000.000
31201,2062,6.835938,25000000.000
31202,2049,0.488281,25000000.000
31203,2047,-0.488281,25000000.000
31204,2021,-13.183594,25000000.000
31205,2008,-19.531250,25000000.000
31206,1996,-25.390625,25000000.000
31207,1995,-25.878906,25000000.000
31208,1976,-35.156250,25000000.000
31209,1968,-39.062500,25000000.000
31210,1964,-41.015625,25000000.000
31211,1964,-41.015625,25000000.000
31212,1958,-43.945312,25000000.000
31213,1959,-43.457031,25000000.000
31214,1962,-41.992188,25000000.000
31215,1962,-41.992188,25000000.000
31216,1974,-36.132812,25000000.000
31217,1982,-32.226562,25000000.000
31218,1992,-27.343750,25000000.000
31219,1992,-27.343750,25000000.000
31220,2013,-17.089844,25000000.000
31221,2026,-10.742188,25000000.000
31222,2039,-4.394531,25000000.000
31223,2039,-4.394531,25000000.000
31224,2066,8.789062,25000000.000
31225,2078,14.648438,25000000.000
31226,2089,20.019531,25000000.000
31227,2091,20.996094,25000000.000
31228,2109,29.785156,25000000.000
31229,2116,33.203125,25000000.000
31230,2122,36.132812,25000000.000
31231,2123,36.621094,25000000.000
31232,2128,39.062500,25000000.000
31233,2129,39.550781,25000000.000
31234,2127,38.574219,25000000.000
31235,2127,38.574219,25000000.000
31236,2119,34.667969,25000000.000
31237,2113,31.738281,25000000.000
31238,2105,27.832031,25000000.000
31239,2105,27.832031,25000000.000
31240,2085,18.066406,25000000.000
31241,2074,12.695312,25000000.000
31242,2061,6.347656,25000000.000
31243,2059,5.371094,25000000.000
31244,2033,-7.324219,25000000.000
31245,2018,-14.648438,25000000.000
31246,2006,-20.507812,25000000.000
31247,2006,-20.507812,25000000.000
31248,1984,-31.250000,25000000.000
31249,1975,-35.644531,25000000.000
31250,1968,-39.062500,25000000.000
31251,1967,-39.550781,25000000.000
31252,1961,-42.480469,25000000.000
31253,1959,-43.457031,25000000.000
31254,1960,-42.968750,25000000.000
31255,1960,-42.968750,25000000.000
31256,1967,-39.550781,25000000.000
31257,1975,-35.644531,25000000.000
31258,1983,-31.738281,25000000.000
31259,1984,-31.250000,25000000.000
31260,2004,-21.484375,25000000.000
31261,2016,-15.625000,25000000.000
31262,2029,-9.277344,25000000.000
31263,2030,-8.789062,25000000.000
31264,2055,3.417969,25000000.000
31265,2068,9.765625,25000000.000
31266,2081,16.113281,25000000.000
31267,2080,15.625000,25000000.000
31268,2102,26.367188,25000000.000
31269,2110,30.273438,25000000.000
31270,2118,34.179688,25000000.000
31271,2119,34.667969,25000000.000
31272,2126,38.085938,25000000.000
31273,2129,39.550781,25000000.000
31274,2128,39.062500,25000000.000
31275,2128,39.062500,25000000.000
31276,2124,37.109375,25000000.000
31277,2119,34.667969,25000000.000
31278,2113,31.738281,25000000.000
31279,2111,30.761719,25000000.000
31280,2094,22.460938,25000000.000
31281,2083,17.089844,25000000.000
31282,2072,11.718750,25000000.000
31283,2070,10.742188,25000000.000
31284,2045,-1.464844,25000000.000
31285,2031,-8.300781,25000000.000
31286,2018,-14.648438,25000000.000
31287,2017,-15.136719,25000000.000
31288,1993,-26.855469,25000000.000
31289,1982,-32.226562,25000000.000
31290,1974,-36.132812,25000000.000
31291,1973,-36.621094,25000000.000
31292,1963,-41.503906,25000000.000
31293,1960,-42.968750,25000000.000
31294,1960,-42.968750,25000000.000
31295,1959,-43.457031,25000000.000
31296,1964,-41.015625,25000000.000
31297,1970,-38.085938,25000000.000
31298,1977,-34.667969,25000000.000
31299,1977,-34.667969,25000000.000
31300,1996,-25.390625,25000000.000
31301,2005,-20.996094,25000000.000
31302,2018,-14.648438,25000000.000
31303,2020,-13.671875,25000000.000
31304,2044,-1.953125,25000000.000
31305,2057,4.394531,25000000.000
31306,2070,10.742188,25000000.000
31307,2072,11.718750,25000000.000
31308,2094,22.460938,25000000.000
31309,2105,27.832031,25000000.000
31310,2113,31.738281,25000000.000
31311,2114,32.226562,25000000.000
31312,2125,37.597656,25000000.000
31313,2128,39.062500,25000000.000
31314,2130,40.039062,25000000.000
31315,2129,39.550781,25000000.000
31316,2128,39.062500,25000000.000
31317,2124,37.109375,25000000.000
31318,2119,34.667969,25000000.000
31319,2118,34.179688,25000000.000
31320,2103,26.855469,25000000.000
31321,2093,21.972656,25000000.000
31322,2082,16.601562,25000000.000
31323,2081,16.113281,25000000.000
31324,2057,4.394531,25000000.000
31325,2043,-2.441406,25000000.000
31326,2029,-9.277344,25000000.000
31327,2029,-9.277344,25000000.000
31328,2003,-21.972656,25000000.000
31329,1992,-27.343750,25000000.000
31330,1982,-32.226562,25000000.000
31331,1981,-32.714844,25000000.000
31332,1967,-39.550781,25000000.000
31333,1962,-41.992188,25000000.000
31334,1960,-42.968750,25000000.000
31335,1959,-43.457031,25000000.000
31336,1963,-41.503906,25000000.000
31337,1966,-40.039062,25000000.000
31338,1971,-37.597656,25000000.000
31339,1972,-37.109375,25000000.000
31340,1986,-30.273438,25000000.000
31341,1997,-24.902344,25000000.000
31342,2009,-19.042969,25000000.000
31343,2010,-18.554688,25000000.000
31344,2033,-7.324219,25000000.000
31345,2046,-0.976562,25000000.000
31346,2060,5.859375,25000000.000
31347,2062,6.835938,25000000.000
31348,2085,18.066406,25000000.000
31349,2096,23.437500,25000000.000
31350,2104,27.343750,25000000.000
31351,2106,28.320312,25000000.000
31352,2120,35.156250,25000000.000
31353,2125,37.597656,25000000.000
31354,2127,38.574219,25000000.000
31355,2128,39.062500,25000000.000
31356,2128,39.062500,25000000.000
31357,2127,38.574219,25000000.000
31358,2123,36.621094,25000000.000
31359,2123,36.621094,25000000.000
31360,2110,30.273438,25000000.000
31361,2102,26.367188,25000000.000
31362,2093,21.972656,25000000.000
31363,2090,20.507812,25000000.000
31364,2068,9.765625,25000000.000
31365,2054,2.929688,25000000.000
31366,2040,-3.906250,25000000.000
31367,2040,-3.906250,25000000.000
31368,2014,-16.601562,25000000.000
31369,2001,-22.949219,25000000.000
31370,1989,-28.808594,25000000.000
31371,1989,-28.808594,25000000.000
31372,1972,-37.109375,25000000.000
31373,1966,-40.039062,25000000.000
31374,1962,-41.992188,25000000.000
31375,1961,-42.480469,25000000.000
31376,1960,-42.968750,25000000.000
31377,1961,-42.480469,25000000.000
31378,1966,-40.039062,25000000.000
31379,1966,-40.039062,25000000.000
31380,1980,-33.203125,25000000.000
31381,1988,-29.296875,25000000.000
31382,1999,-23.925781,25000000.000
31383,1999,-23.925781,25000000.000
31384,2022,-12.695312,25000000.000
31385,2035,-6.347656,25000000.000
31386,2048,0.000000,25000000.000
31387,2049,0.488281,25000000.000
31388,2074,12.695312,25000000.000
31389,2086,18.554688,25000000.000
31390,2098,24.414062,25000000.000
31391,2098,24.414062,25000000.000
31392,2114,32.226562,25000000.000
31393,2121,35.644531,25000000.000
31394,2125,37.597656,25000000.000
31395,2126,38.085938,25000000.000
31396,2129,39.550781,25000000.000
31397,2129,39.550781,25000000.000
31398,2127,38.574219,25000000.000
31399,2126,38.085938,25000000.000
31400,2116,33.203125,25000000.000
31401,2108,29.296875,25000000.000
31402,2100,25.390625,25000000.000
31403,2098,24.414062,25000000.000
31404,2077,14.160156,25000000.000
31405,2065,8.300781,25000000.000
31406,2052,1.953125,25000000.000
31407,2051,1.464844,25000000.000
31408,2024,-11.718750,25000000.000
31409,2011,-18.066406,25000000.000
31410,1999,-23.925781,25000000.000
31411,1998,-24.414062,25000000.000
31412,1979,-33.691406,25000000.000
31413,1971,-37.597656,25000000.000
31414,1964,-41.015625,25000000.000
31415,1964,-41.015625,25000000.000
31416,1960,-42.968750,25000000.000
31417,1959,-43.457031,25000000.000
31418,1962,-41.992188,25000000.000
31419,1963,-41.503906,25000000.000
31420,1972,-37.109375,25000000.000
31421,1980,-33.203125,25000000.000
31422,1989,-28.808594,25000000.000
31423,1990,-28.320312,25000000.000
31424,2011,-18.066406,25000000.000
31425,2024,-11.718750,25000000.000
31426,2036,-5.859375,25000000.000
31427,2039,-4.394531,25000000.000
31428,2063,7.324219,25000000.000
31429,2075,13.183594,25000000.000
31430,2087,19.042969,25000000.000
31431,2088,19.531250,25000000.000
31432,2107,28.808594,25000000.000
31433,2114,32.226562,25000000.000
31434,2121,35.644531,25000000.000
31435,2121,35.644531,25000000.000
31436,2128,39.062500,25000000.000
31437,2129,39.550781,25000000.000
31438,2127,38.574219,25000000.000
31439,2128,39.062500,25000000.000
31440,2121,35.644531,25000000.000
31441,2116,33.203125,25000000.000
31442,2108,29.296875,25000000.000
31443,2107,28.808594,25000000.000
31444,2088,19.531250,25000000.000
31445,2075,13.183594,25000000.000
31446,2063,7.324219,25000000.000
31447,2062,6.835938,25000000.000
31448,2036,-5.859375,25000000.000
31449,2023,-12.207031,25000000.000
31450,2016,-15.625000,25000000.000
31451,2009,-19.042969,25000000.000
31452,1984,-31.250000,25000000.000
31453,1978,-34.179688,25000000.000
31454,1970,-38.085938,25000000.000
31455,1969,-38.574219,25000000.000
31456,1960,-42.968750,25000000.000
31457,1960,-42.968750,25000000.000
31458,1960,-42.968750,25000000.000
31459,1960,-42.968750,25000000.000
31460,1967,-39.550781,25000000.000
31461,1973,-36.621094,25000000.000
31462,1981,-32.714844,25000000.000
31463,1982,-32.226562,25000000.000
31464,2002,-22.460938,25000000.000
31465,2012,-17.578125,25000000.000
31466,2025,-11.230469,25000000.000
31467,2027,-10.253906,25000000.000
31468,2052,1.953125,25000000.000
31469,2064,7.812500,25000000.000
31470,2077,14.160156,25000000.000
31471,2078,14.648438,25000000.000
31472,2098,24.414062,25000000.000
31473,2109,29.785156,25000000.000
31474,2116,33.203125,25000000.000
31475,2116,33.203125,25000000.000
31476,2129,39.550781,25000000.000
31477,2126,38.085938,25000000.000
31478,2129,39.550781,25000000.000
31479,2129,39.550781,25000000.000
31480,2126,38.085938,25000000.000
31481,2120,35.156250,25000000.000
31482,2114,32.226562,25000000.000
31483,2113,31.738281,25000000.000
31484,2097,23.925781,25000000.000
31485,2085,18.066406,25000000.000
31486,2075,13.183594,25000000.000
31487,2073,12.207031,25000000.000
31488,2049,0.488281,25000000.000
31489,2034,-6.835938,25000000.000
31490,2021,-13.183594,25000000.000
31491,2020,-13.671875,25000000.000
31492,1996,-25.390625,25000000.000
31493,1984,-31.250000,25000000.000
31494,1976,-35.156250,25000000.000
31495,1975,-35.644531,25000000.000
31496,1964,-41.015625,25000000.000
31497,1961,-42.480469,25000000.000
31498,1958,-43.945312,25000000.000
31499,1959,-43.457031,25000000.000
31500,1964,-41.015625,25000000.000
31501,1968,-39.062500,25000000.000
31502,1975,-35.644531,25000000.000
31503,1975,-35.644531,25000000.000
31504,1993,-26.855469,25000000.000
31505,2004,-21.484375,25000000.000
31506,2016,-15.625000,25000000.000
31507,2017,-15.136719,25000000.000
31508,2041,-3.417969,25000000.000
31509,2054,2.929688,25000000.000
31510,2067,9.277344,25000000.000
31511,2068,9.765625,25000000.000
31512,2092,21.484375,25000000.000
31513,2102,26.367188,25000000.000
31514,2110,30.273438,25000000.000
31515,2111,30.761719,25000000.000
31516,2123,36.621094,25000000.000
31517,2127,38.574219,25000000.000
31518,2129,39.550781,25000000.000
31519,2129,39.550781,25000000.000
31520,2128,39.062500,25000000.000
31521,2124,37.109375,25000000.000
31522,2119,34.667969,25000000.000
31523,2120,35.156250,25000000.000
31524,2105,27.832031,25000000.000
31525,2095,22.949219,25000000.000
31526,2085,18.066406,25000000.000
31527,2084,17.578125,25000000.000
31528,2059,5.371094,25000000.000
31529,2045,-1.464844,25000000.000
31530,2032,-7.812500,25000000.000
31531,2032,-7.812500,25000000.000
31532,2006,-20.507812,25000000.000
31533,1994,-26.367188,25000000.000
31534,1985,-30.761719,25000000.000
31535,1983,-31.738281,25000000.000
31536,1968,-39.062500,25000000.000
31537,1963,-41.503906,25000000.000
31538,1960,-42.968750,25000000.000
31539,1961,-42.480469,25000000.000
31540,1960,-42.968750,25000000.000
31541,1964,-41.015625,25000000.000
31542,1971,-37.597656,25000000.000
31543,1968,-39.062500,25000000.000
31544,1984,-31.250000,25000000.000
31545,1996,-25.390625,25000000.000
31546,2006,-20.507812,25000000.000
31547,2006,-20.507812,25000000.000
31548,2030,-8.789062,25000000.000
31549,2044,-1.953125,25000000.000
31550,2057,4.394531,25000000.000
31551,2057,4.394531,25000000.000
31552,2082,16.601562,25000000.000
31553,2093,21.972656,25000000.000
31554,2104,27.343750,25000000.000
31555,2104,27.343750,25000000.000
31556,2118,34.179688,25000000.000
31557,2125,37.597656,25000000.000
31558,2127,38.574219,25000000.000
31559,2128,39.062500,25000000.000
31560,2129,39.550781,25000000.000
31561,2127,38.574219,25000000.000
31562,2125,37.597656,25000000.000
31563,2124,37.109375,25000000.000
31564,2112,31.250000,25000000.000
31565,2104,27.343750,25000000.000
31566,2095,22.949219,25000000.000
31567,2093,21.972656,25000000.000
31568,2071,11.230469,25000000.000
31569,2057,4.394531,25000000.000
31570,2045,-1.464844,25000000.000
31571,2044,-1.953125,25000000.000
31572,2017,-15.136719,25000000.000
31573,2005,-20.996094,25000000.000
31574,1992,-27.343750,25000000.000
31575,1991,-27.832031,25000000.000
31576,1975,-35.644531,25000000.000
31577,1968,-39.062500,25000000.000
31578,1963,-41.503906,25000000.000
31579,1963,-41.503906,25000000.000
31580,1960,-42.968750,25000000.000
31581,1962,-41.992188,25000000.000
31582,1964,-41.015625,25000000.000
31583,1965,-40.527344,25000000.000
31584,1978,-34.179688,25000000.000
31585,1986,-30.273438,25000000.000
31586,1996,-25.390625,25000000.000
31587,1997,-24.902344,25000000.000
31588,2020,-13.671875,25000000.000
31589,2032,-7.812500,25000000.000
31590,2044,-1.953125,25000000.000
31591,2046,-0.976562,25000000.000
31592,2072,11.718750,25000000.000
31593,2083,17.089844,25000000.000
31594,2094,22.460938,25000000.000
31595,2095,22.949219,25000000.000
31596,2113,31.738281,25000000.000
31597,2119,34.667969,25000000.000
31598,2125,37.597656,25000000.000
31599,2124,37.109375,25000000.000
31600,2129,39.550781,25000000.000
31601,2128,39.062500,25000000.000
31602,2126,38.085938,25000000.000
31603,2126,38.085938,25000000.000
31604,2117,33.691406,25000000.000
31605,2111,30.761719,25000000.000
31606,2101,25.878906,25000000.000
31607,2102,26.367188,25000000.000
31608,2081,16.113281,25000000.000
31609,2068,9.765625,25000000.000
31610,2055,3.417969,25000000.000
31611,2053,2.441406,25000000.000
31612,2028,-9.765625,25000000.000
31613,2014,-16.601562,25000000.000
31614,2002,-22.460938,25000000.000
31615,2001,-22.949219,25000000.000
31616,1982,-32.226562,25000000.000
31617,1973,-36.621094,25000000.000
31618,1966,-40.039062,25000000.000
31619,1965,-40.527344,25000000.000
31620,1959,-43.457031,25000000.000
31621,1959,-43.457031,25000000.000
31622,1961,-42.480469,25000000.000
31623,1961,-42.480469,25000000.000
31624,1971,-37.597656,25000000.000
31625,1978,-34.179688,25000000.000
31626,1988,-29.296875,25000000.000
31627,1988,-29.296875,25000000.000
31628,2008,-19.531250,25000000.000
31629,2022,-12.695312,25000000.000
31630,2033,-7.324219,25000000.000
31631,2034,-6.835938,25000000.000
31632,2060,5.859375,25000000.000
31633,2072,11.718750,25000000.000
31634,2084,17.578125,25000000.000
31635,2086,18.554688,25000000.000
31636,2106,28.320312,25000000.000
31637,2113,31.738281,25000000.000
31638,2120,35.156250,25000000.000
31639,2120,35.156250,25000000.000
31640,2126,38.085938,25000000.000
31641,2128,39.062500,25000000.000
31642,2127,38.574219,25000000.000
31643,2127,38.574219,25000000.000
31644,2121,35.644531,25000000.000
31645,2115,32.714844,25000000.000
31646,2108,29.296875,25000000.000
31647,2109,29.785156,25000000.000
31648,2090,20.507812,25000000.000
31649,2079,15.136719,25000000.000
31650,2066,8.789062,25000000.000
31651,2065,8.300781,25000000.000
31652,2039,-4.394531,25000000.000
31653,2026,-10.742188,25000000.000
31654,2013,-17.089844,25000000.000
31655,2011,-18.066406,25000000.000
31656,1990,-28.320312,25000000.000
31657,1980,-33.203125,25000000.000
31658,1973,-36.621094,25000000.000
31659,1971,-37.597656,25000000.000
31660,1961,-42.480469,25000000.000
31661,1958,-43.945312,25000000.000
31662,1960,-42.968750,25000000.000
31663,1959,-43.457031,25000000.000
31664,1966,-40.039062,25000000.000
31665,1972,-37.109375,25000000.000
31666,1979,-33.691406,25000000.000
31667,1980,-33.203125,25000000.000
31668,1999,-23.925781,25000000.000
31669,2011,-18.066406,25000000.000
31670,2022,-12.695312,25000000.000
31671,2023,-12.207031,25000000.000
31672,2049,0.488281,25000000.000
31673,2061,6.347656,25000000.000
31674,2074,12.695312,25000000.000
31675,2075,13.183594,25000000.000
31676,2096,23.437500,25000000.000
31677,2106,28.320312,25000000.000
31678,2115,32.714844,25000000.000
31679,2115,32.714844,25000000.000
31680,2126,38.085938,25000000.000
31681,2128,39.062500,25000000.000
31682,2129,39.550781,25000000.000
31683,2129,39.550781,25000000.000
31684,2126,38.085938,25000000.000
31685,2121,35.644531,25000000.000
31686,2116,33.203125,25000000.000
31687,2116,33.203125,25000000.000
31688,2100,25.390625,25000000.000
31689,2089,20.019531,25000000.000
31690,2077,14.160156,25000000.000
31691,2076,13.671875,25000000.000
31692,2051,1.464844,25000000.000
31693,2038,-4.882812,25000000.000
31694,2025,-11.230469,25000000.000
31695,2023,-12.207031,25000000.000
31696,1999,-23.925781,25000000.000
31697,1988,-29.296875,25000000.000
31698,1979,-33.691406,25000000.000
31699,1978,-34.179688,25000000.000
31700,1965,-40.527344,25000000.000
31701,1962,-41.992188,25000000.000
31702,1961,-42.480469,25000000.000
31703,1960,-42.968750,25000000.000
31704,1963,-41.503906,25000000.000
31705,1967,-39.550781,25000000.000
31706,1973,-36.621094,25000000.000
31707,1974,-36.132812,25000000.000
31708,1991,-27.832031,25000000.000
31709,2001,-22.949219,25000000.000
31710,2013,-17.089844,25000000.000
31711,2014,-16.601562,25000000.000
31712,2038,-4.882812,25000000.000
31713,2051,1.464844,25000000.000
31714,2064,7.812500,25000000.000
31715,2065,8.300781,25000000.000
31716,2089,20.019531,25000000.000
31717,2100,25.390625,25000000.000
31718,2109,29.785156,25000000.000
31719,2108,29.296875,25000000.000
31720,2122,36.132812,25000000.000
31721,2126,38.085938,25000000.000
31722,2129,39.550781,25000000.000
31723,2128,39.062500,25000000.000
31724,2128,39.062500,25000000.000
31725,2125,37.597656,25000000.000
31726,2121,35.644531,25000000.000
31727,2120,35.156250,25000000.000
31728,2108,29.296875,25000000.000
31729,2098,24.414062,25000000.000
31730,2088,19.531250,25000000.000
31731,2087,19.042969,25000000.000
31732,2064,7.812500,25000000.000
31733,2050,0.976562,25000000.000
31734,2036,-5.859375,25000000.000
31735,2034,-6.835938,25000000.000
31736,2011,-18.066406,25000000.000
31737,1999,-23.925781,25000000.000
31738,1987,-29.785156,25000000.000
31739,1987,-29.785156,25000000.000
31740,1970,-38.085938,25000000.000
31741,1965,-40.527344,25000000.000
31742,1962,-41.992188,25000000.000
31743,1961,-42.480469,25000000.000
31744,1960,-42.968750,25000000.000
31745,1964,-41.015625,25000000.000
31746,1968,-39.062500,25000000.000
31747,1970,-38.085938,25000000.000
31748,1983,-31.738281,25000000.000
31749,1992,-27.343750,25000000.000
31750,2003,-21.972656,25000000.000
31751,2005,-20.996094,25000000.000
31752,2026,-10.742188,25000000.000
31753,2040,-3.906250,25000000.000
31754,2053,2.441406,25000000.000
31755,2054,2.929688,25000000.000
31756,2078,14.648438,25000000.000
31757,2089,20.019531,25000000.000
31758,2100,25.390625,25000000.000
31759,2100,25.390625,25000000.000
31760,2116,33.203125,25000000.000
31761,2122,36.132812,25000000.000
31762,2127,38.574219,25000000.000
31763,2126,38.085938,25000000.000
31764,2127,38.574219,25000000.000
31765,2127,38.574219,25000000.000
31766,2125,37.597656,25000000.000
31767,2126,38.085938,25000000.000
31768,2114,32.226562,25000000.000
31769,2107,28.808594,25000000.000
31770,2097,23.925781,25000000.000
31771,2096,23.437500,25000000.000
31772,2074,12.695312,25000000.000
31773,2061,6.347656,25000000.000
31774,2047,-0.488281,25000000.000
31775,2047,-0.488281,25000000.000
31776,2021,-13.183594,25000000.000
31777,2008,-19.531250,25000000.000
31778,1997,-24.902344,25000000.000
31779,1996,-25.390625,25000000.000
31780,1976,-35.156250,25000000.000
31781,1969,-38.574219,25000000.000
31782,1964,-41.015625,25000000.000
31783,1964,-41.015625,25000000.000
31784,1960,-42.968750,25000000.000
31785,1961,-42.480469,25000000.000
31786,1965,-40.527344,25000000.000
31787,1965,-40.527344,25000000.000
31788,1975,-35.644531,25000000.000
31789,1984,-31.250000,25000000.000
31790,1993,-26.855469,25000000.000
31791,1994,-26.367188,25000000.000
31792,2016,-15.625000,25000000.000
31793,2029,-9.277344,25000000.000
31794,2042,-2.929688,25000000.000
31795,2044,-1.953125,25000000.000
31796,2068,9.765625,25000000.000
31797,2081,16.113281,25000000.000
31798,2089,20.019531,25000000.000
31799,2095,22.949219,25000000.000
31800,2112,31.250000,25000000.000
31801,2118,34.179688,25000000.000
31802,2122,36.132812,25000000.000
31803,2123,36.621094,25000000.000
31804,2129,39.550781,25000000.000
31805,2128,39.062500,25000000.000
31806,2127,38.574219,25000000.000
31807,2127,38.574219,25000000.000
31808,2119,34.667969,25000000.000
31809,2113,31.738281,25000000.000
31810,2104,27.343750,25000000.000
31811,2103,26.855469,25000000.000
31812,2083,17.089844,25000000.000
31813,2071,11.230469,25000000.000
31814,2059,5.371094,25000000.000
31815,2056,3.906250,25000000.000
31816,2031,-8.300781,25000000.000
31817,2017,-15.136719,25000000.000
31818,2005,-20.996094,25000000.000
31819,2004,-21.484375,25000000.000
31820,1984,-31.250000,25000000.000
31821,1976,-35.156250,25000000.000
31822,1968,-39.062500,25000000.000
31823,1968,-39.062500,25000000.000
31824,1961,-42.480469,25000000.000
31825,1960,-42.968750,25000000.000
31826,1961,-42.480469,25000000.000
31827,1961,-42.480469,25000000.000
31828,1970,-38.085938,25000000.000
31829,1977,-34.667969,25000000.000
31830,1986,-30.273438,25000000.000
31831,1986,-30.273438,25000000.000
31832,2007,-20.019531,25000000.000
31833,2018,-14.648438,25000000.000
31834,2030,-8.789062,25000000.000
31835,2031,-8.300781,25000000.000
31836,2056,3.906250,25000000.000
31837,2069,10.253906,25000000.000
31838,2082,16.601562,25000000.000
31839,2082,16.601562,25000000.000
31840,2102,26.367188,25000000.000
31841,2110,30.273438,25000000.000
31842,2118,34.179688,25000000.000
31843,2120,35.156250,25000000.000
31844,2127,38.574219,25000000.000
31845,2127,38.574219,25000000.000
31846,2128,39.062500,25000000.000
31847,2128,39.062500,25000000.000
31848,2122,36.132812,25000000.000
31849,2118,34.179688,25000000.000
31850,2111,30.761719,25000000.000
31851,2111,30.761719,25000000.000
31852,2092,21.484375,25000000.000
31853,2082,16.601562,25000000.000
31854,2070,10.742188,25000000.000
31855,2068,9.765625,25000000.000
31856,2042,-2.929688,25000000.000
31857,2028,-9.765625,25000000.000
31858,2016,-15.625000,25000000.000
31859,2015,-16.113281,25000000.000
31860,1992,-27.343750,25000000.000
31861,1982,-32.226562,25000000.000
31862,1974,-36.132812,25000000.000
31863,1972,-37.109375,25000000.000
31864,1963,-41.503906,25000000.000
31865,1961,-42.480469,25000000.000
31866,1960,-42.968750,25000000.000
31867,1960,-42.968750,25000000.000
31868,1965,-40.527344,25000000.000
31869,1971,-37.597656,25000000.000
31870,1977,-34.667969,25000000.000
31871,1978,-34.179688,25000000.000
31872,1997,-24.902344,25000000.000
31873,2008,-19.531250,25000000.000
31874,2019,-14.160156,25000000.000
31875,2021,-13.183594,25000000.000
31876,2047,-0.488281,25000000.000
31877,2059,5.371094,25000000.000
31878,2071,11.230469,25000000.000
31879,2073,12.207031,25000000.000
31880,2095,22.949219,25000000.000
31881,2105,27.832031,25000000.000
31882,2113,31.738281,25000000.000
31883,2114,32.226562,25000000.000
31884,2123,36.621094,25000000.000
31885,2128,39.062500,25000000.000
31886,2128,39.062500,25000000.000
31887,2129,39.550781,25000000.000
31888,2126,38.085938,25000000.000
31889,2123,36.621094,25000000.000
31890,2118,34.179688,25000000.000
31891,2117,33.691406,25000000.000
31892,2101,25.878906,25000000.000
31893,2092,21.484375,25000000.000
31894,2079,15.136719,25000000.000
31895,2078,14.648438,25000000.000
31896,2055,3.417969,25000000.000
31897,2040,-3.906250,25000000.000
31898,2027,-10.253906,25000000.000
31899,2027,-10.253906,25000000.000
31900,2002,-22.460938,25000000.000
31901,1991,-27.832031,25000000.000
31902,1981,-32.714844,25000000.000
31903,1980,-33.203125,25000000.000
31904,1967,-39.550781,25000000.000
31905,1962,-41.992188,25000000.000
31906,1961,-42.480469,25000000.000
31907,1961,-42.480469,25000000.000
31908,1963,-41.503906,25000000.000
31909,1967,-39.550781,25000000.000
31910,1973,-36.621094,25000000.000
31911,1973,-36.621094,25000000.000
31912,1989,-28.808594,25000000.000
31913,1999,-23.925781,25000000.000
31914,2011,-18.066406,25000000.000
31915,2011,-18.066406,25000000.000
31916,2035,-6.347656,25000000.000
31917,2048,0.000000,25000000.000
31918,2060,5.859375,25000000.000
31919,2062,6.835938,25000000.000
31920,2085,18.066406,25000000.000
31921,2096,23.437500,25000000.000
31922,2106,28.320312,25000000.000
31923,2105,27.832031,25000000.000
31924,2120,35.156250,25000000.000
31925,2124,37.109375,25000000.000
31926,2126,38.085938,25000000.000
31927,2128,39.062500,25000000.000
31928,2128,39.062500,25000000.000
31929,2125,37.597656,25000000.000
31930,2122,36.132812,25000000.000
31931,2122,36.132812,25000000.000
31932,2108,29.296875,25000000.000
31933,2100,25.390625,25000000.000
31934,2091,20.996094,25000000.000
31935,2090,20.507812,25000000.000
31936,2066,8.789062,25000000.000
31937,2053,2.441406,25000000.000
31938,2040,-3.906250,25000000.000
31939,2039,-4.394531,25000000.000
31940,2014,-16.601562,25000000.000
31941,2001,-22.949219,25000000.000
31942,1990,-28.320312,25000000.000
31943,1989,-28.808594,25000000.000
31944,1972,-37.109375,25000000.000
31945,1966,-40.039062,25000000.000
31946,1963,-41.503906,25000000.000
31947,1962,-41.992188,25000000.000
31948,1961,-42.480469,25000000.000
31949,1964,-41.015625,25000000.000
31950,1967,-39.550781,25000000.000
31951,1967,-39.550781,25000000.000
31952,1980,-33.203125,25000000.000
31953,1990,-28.320312,25000000.000
31954,2000,-23.437500,25000000.000
31955,2001,-22.949219,25000000.000
31956,2024,-11.718750,25000000.000
31957,2037,-5.371094,25000000.000
31958,2050,0.976562,25000000.000
31959,2051,1.464844,25000000.000
31960,2076,13.671875,25000000.000
31961,2087,19.042969,25000000.000
31962,2098,24.414062,25000000.000
31963,2099,24.902344,25000000.000
31964,2115,32.714844,25000000.000
31965,2122,36.132812,25000000.000
31966,2126,38.085938,25000000.000
31967,2127,38.574219,25000000.000
31968,2129,39.550781,25000000.000
31969,2129,39.550781,25000000.000
31970,2125,37.597656,25000000.000
31971,2125,37.597656,25000000.000
31972,2116,33.203125,25000000.000
31973,2108,29.296875,25000000.000
31974,2099,24.902344,25000000.000
31975,2098,24.414062,25000000.000
31976,2076,13.671875,25000000.000
31977,2063,7.324219,25000000.000
31978,2050,0.976562,25000000.000
31979,2049,0.488281,25000000.000
31980,2023,-12.207031,25000000.000
31981,2011,-18.066406,25000000.000
31982,1998,-24.414062,25000000.000
31983,1997,-24.902344,25000000.000
31984,1977,-34.667969,25000000.000
31985,1969,-38.574219,25000000.000
31986,1966,-40.039062,25000000.000
31987,1963,-41.503906,25000000.000
31988,1960,-42.968750,25000000.000
31989,1961,-42.480469,25000000.000
31990,1964,-41.015625,25000000.000
31991,1963,-41.503906,25000000.000
31992,1973,-36.621094,25000000.000
31993,1982,-32.226562,25000000.000
31994,1991,-27.832031,25000000.000
31995,1991,-27.832031,25000000.000
31996,2013,-17.089844,25000000.000
31997,2026,-10.742188,25000000.000
31998,2039,-4.394531,25000000.000
31999,2039,-4.394531,25000000.000
32000,2065,8.300781,25000000.000
32001,2077,14.160156,25000000.000
32002,2088,19.531250,25000000.000
32003,2089,20.019531,25000000.000
32004,2109,29.785156,25000000.000
32005,2116,33.203125,25000000.000
32006,2122,36.132812,25000000.000
32007,2122,36.132812,25000000.000
32008,2128,39.062500,25000000.000
32009,2129,39.550781,25000000.000
32010,2128,39.062500,25000000.000
32011,2128,39.062500,25000000.000
32012,2120,35.156250,25000000.000
32013,2114,32.226562,25000000.000
32014,2106,28.320312,25000000.000
32015,2105,27.832031,25000000.000
32016,2086,18.554688,25000000.000
32017,2074,12.695312,25000000.000
32018,2061,6.347656,25000000.000
32019,2059,5.371094,25000000.000
32020,2033,-7.324219,25000000.000
32021,2020,-13.671875,25000000.000
32022,2008,-19.531250,25000000.000
32023,2006,-20.507812,25000000.000
32024,1986,-30.273438,25000000.000
32025,1976,-35.156250,25000000.000
32026,1970,-38.085938,25000000.000
32027,1968,-39.062500,25000000.000
32028,1961,-42.480469,25000000.000
32029,1959,-43.457031,25000000.000
32030,1961,-42.480469,25000000.000
32031,1961,-42.480469,25000000.000
32032,1968,-39.062500,25000000.000
32033,1974,-36.132812,25000000.000
32034,1983,-31.738281,25000000.000
32035,1984,-31.250000,25000000.000
32036,2003,-21.972656,25000000.000
32037,2015,-16.113281,25000000.000
32038,2028,-9.765625,25000000.000
32039,2029,-9.277344,25000000.000
32040,2054,2.929688,25000000.000
32041,2067,9.277344,25000000.000
32042,2078,14.648438,25000000.000
32043,2080,15.625000,25000000.000
32044,2100,25.390625,25000000.000
32045,2109,29.785156,25000000.000
32046,2117,33.691406,25000000.000
32047,2117,33.691406,25000000.000
32048,2127,38.574219,25000000.000
32049,2128,39.062500,25000000.000
32050,2129,39.550781,25000000.000
32051,2129,39.550781,25000000.000
32052,2124,37.109375,25000000.000
32053,2120,35.156250,25000000.000
32054,2113,31.738281,25000000.000
32055,2112,31.250000,25000000.000
32056,2095,22.949219,25000000.000
32057,2084,17.578125,25000000.000
32058,2072,11.718750,25000000.000
32059,2071,11.230469,25000000.000
32060,2046,-0.976562,25000000.000
32061,2032,-7.812500,25000000.000
32062,2019,-14.160156,25000000.000
32063,2018,-14.648438,25000000.000
32064,1994,-26.367188,25000000.000
32065,1984,-31.250000,25000000.000
32066,1975,-35.644531,25000000.000
32067,1974,-36.132812,25000000.000
32068,1963,-41.503906,25000000.000
32069,1960,-42.968750,25000000.000
32070,1960,-42.968750,25000000.000
32071,1960,-42.968750,25000000.000
32072,1964,-41.015625,25000000.000
32073,1969,-38.574219,25000000.000
32074,1976,-35.156250,25000000.000
32075,1977,-34.667969,25000000.000
32076,1995,-25.878906,25000000.000
32077,2006,-20.507812,25000000.000
32078,2017,-15.136719,25000000.000
32079,2019,-14.160156,25000000.000
32080,2043,-2.441406,25000000.000
32081,2056,3.906250,25000000.000
32082,2069,10.253906,25000000.000
32083,2071,11.230469,25000000.000
32084,2093,21.972656,25000000.000
32085,2103,26.855469,25000000.000
32086,2112,31.250000,25000000.000
32087,2113,31.738281,25000000.000
32088,2125,37.597656,25000000.000
32089,2127,38.574219,25000000.000
32090,2129,39.550781,25000000.000
32091,2129,39.550781,25000000.000
32092,2128,39.062500,25000000.000
32093,2124,37.109375,25000000.000
32094,2119,34.667969,25000000.000
32095,2117,33.691406,25000000.000
32096,2104,27.343750,25000000.000
32097,2094,22.460938,25000000.000
32098,2083,17.089844,25000000.000
32099,2082,16.601562,25000000.000
32100,2058,4.882812,25000000.000
32101,2045,-1.464844,25000000.000
32102,2031,-8.300781,25000000.000
32103,2029,-9.277344,25000000.000
32104,2005,-20.996094,25000000.000
32105,1992,-27.343750,25000000.000
32106,1983,-31.738281,25000000.000
32107,1982,-32.226562,25000000.000
32108,1967,-39.550781,25000000.000
32109,1962,-41.992188,25000000.000
32110,1961,-42.480469,25000000.000
32111,1960,-42.968750,25000000.000
32112,1963,-41.503906,25000000.000
32113,1966,-40.039062,25000000.000
32114,1971,-37.597656,25000000.000
32115,1971,-37.597656,25000000.000
32116,1984,-31.250000,25000000.000
32117,1995,-25.878906,25000000.000
32118,2008,-19.531250,25000000.000
32119,2008,-19.531250,25000000.000
32120,2032,-7.812500,25000000.000
32121,2045,-1.464844,25000000.000
32122,2059,5.371094,25000000.000
32123,2058,4.882812,25000000.000
32124,2082,16.601562,25000000.000
32125,2095,22.949219,25000000.000
32126,2103,26.855469,25000000.000
32127,2104,27.343750,25000000.000
32128,2119,34.667969,25000000.000
32129,2124,37.109375,25000000.000
32130,2127,38.574219,25000000.000
32131,2127,38.574219,25000000.000
32132,2129,39.550781,25000000.000
32133,2127,38.574219,25000000.000
32134,2124,37.109375,25000000.000
32135,2122,36.132812,25000000.000
32136,2111,30.761719,25000000.000
32137,2103,26.855469,25000000.000
32138,2092,21.484375,25000000.000
32139,2092,21.484375,25000000.000
32140,2068,9.765625,25000000.000
32141,2055,3.417969,25000000.000
32142,2042,-2.929688,25000000.000
32143,2042,-2.929688,25000000.000
32144,2015,-16.113281,25000000.000
32145,2003,-21.972656,25000000.000
32146,1988,-29.296875,25000000.000
32147,1992,-27.343750,25000000.000
32148,1976,-35.156250,25000000.000
32149,1966,-40.039062,25000000.000
32150,1961,-42.480469,25000000.000
32151,1963,-41.503906,25000000.000
32152,1960,-42.968750,25000000.000
32153,1962,-41.992188,25000000.000
32154,1965,-40.527344,25000000.000
32155,1966,-40.039062,25000000.000
32156,1979,-33.691406,25000000.000
32157,1989,-28.808594,25000000.000
32158,1998,-24.414062,25000000.000
32159,1998,-24.414062,25000000.000
32160,2021,-13.183594,25000000.000
32161,2033,-7.324219,25000000.000
32162,2046,-0.976562,25000000.000
32163,2049,0.488281,25000000.000
32164,2072,11.718750,25000000.000
32165,2084,17.578125,25000000.000
32166,2096,23.437500,25000000.000
32167,2096,23.437500,25000000.000
32168,2112,31.250000,25000000.000
32169,2121,35.644531,25000000.000
32170,2125,37.597656,25000000.000
32171,2126,38.085938,25000000.000
32172,2128,39.062500,25000000.000
32173,2127,38.574219,25000000.000
32174,2127,38.574219,25000000.000
32175,2124,37.109375,25000000.000
32176,2116,33.203125,25000000.000
32177,2109,29.785156,25000000.000
32178,2101,25.878906,25000000.000
32179,2099,24.902344,25000000.000
32180,2079,15.136719,25000000.000
32181,2066,8.789062,25000000.000
32182,2053,2.441406,25000000.000
32183,2052,1.953125,25000000.000
32184,2026,-10.742188,25000000.000
32185,2014,-16.601562,25000000.000
32186,2001,-22.949219,25000000.000
32187,2001,-22.949219,25000000.000
32188,1979,-33.691406,25000000.000
32189,1972,-37.109375,25000000.000
32190,1966,-40.039062,25000000.000
32191,1966,-40.039062,25000000.000
32192,1959,-43.457031,25000000.000
32193,1960,-42.968750,25000000.000
32194,1962,-41.992188,25000000.000
32195,1962,-41.992188,25000000.000
32196,1971,-37.597656,25000000.000
32197,1979,-33.691406,25000000.000
32198,1988,-29.296875,25000000.000
32199,1989,-28.808594,25000000.000
32200,2010,-18.554688,25000000.000
32201,2021,-13.183594,25000000.000
32202,2034,-6.835938,25000000.000
32203,2037,-5.371094,25000000.000
32204,2061,6.347656,25000000.000
32205,2074,12.695312,25000000.000
32206,2085,18.066406,25000000.000
32207,2087,19.042969,25000000.000
32208,2105,27.832031,25000000.000
32209,2114,32.226562,25000000.000
32210,2120,35.156250,25000000.000
32211,2120,35.156250,25000000.000
32212,2127,38.574219,25000000.000
32213,2129,39.550781,25000000.000
32214,2128,39.062500,25000000.000
32215,2127,38.574219,25000000.000
32216,2121,35.644531,25000000.000
32217,2116,33.203125,25000000.000
32218,2108,29.296875,25000000.000
32219,2107,28.808594,25000000.000
32220,2089,20.019531,25000000.000
32221,2077,14.160156,25000000.000
32222,2064,7.812500,25000000.000
32223,2063,7.324219,25000000.000
32224,2037,-5.371094,25000000.000
32225,2024,-11.718750,25000000.000
32226,2011,-18.066406,25000000.000
32227,2010,-18.554688,25000000.000
32228,1988,-29.296875,25000000.000
32229,1978,-34.179688,25000000.000
32230,1970,-38.085938,25000000.000
32231,1969,-38.574219,25000000.000
32232,1960,-42.968750,25000000.000
32233,1959,-43.457031,25000000.000
32234,1959,-43.457031,25000000.000
32235,1959,-43.457031,25000000.000
32236,1967,-39.550781,25000000.000
32237,1972,-37.109375,25000000.000
32238,1979,-33.691406,25000000.000
32239,1981,-32.714844,25000000.000
32240,2001,-22.949219,25000000.000
32241,2012,-17.578125,25000000.000
32242,2025,-11.230469,25000000.000
32243,2027,-10.253906,25000000.000
32244,2050,0.976562,25000000.000
32245,2062,6.835938,25000000.000
32246,2076,13.671875,25000000.000
32247,2077,14.160156,25000000.000
32248,2099,24.902344,25000000.000
32249,2109,29.785156,25000000.000
32250,2115,32.714844,25000000.000
32251,2116,33.203125,25000000.000
32252,2127,38.574219,25000000.000
32253,2128,39.062500,25000000.000
32254,2129,39.550781,25000000.000
32255,2129,39.550781,25000000.000
32256,2125,37.597656,25000000.000
32257,2121,35.644531,25000000.000
32258,2114,32.226562,25000000.000
32259,2115,32.714844,25000000.000
32260,2098,24.414062,25000000.000
32261,2087,19.042969,25000000.000
32262,2076,13.671875,25000000.000
32263,2074,12.695312,25000000.000
32264,2051,1.464844,25000000.000
32265,2036,-5.859375,25000000.000
32266,2023,-12.207031,25000000.000
32267,2022,-12.695312,25000000.000
32268,1998,-24.414062,25000000.000
32269,1987,-29.785156,25000000.000
32270,1978,-34.179688,25000000.000
32271,1977,-34.667969,25000000.000
32272,1964,-41.015625,25000000.000
32273,1961,-42.480469,25000000.000
32274,1960,-42.968750,25000000.000
32275,1960,-42.968750,25000000.000
32276,1963,-41.503906,25000000.000
32277,1969,-38.574219,25000000.000
32278,1974,-36.132812,25000000.000
32279,1975,-35.644531,25000000.000
32280,1992,-27.343750,25000000.000
32281,2002,-22.460938,25000000.000
32282,2015,-16.113281,25000000.000
32283,2015,-16.113281,25000000.000
32284,2039,-4.394531,25000000.000
32285,2052,1.953125,25000000.000
32286,2065,8.300781,25000000.000
32287,2066,8.789062,25000000.000
32288,2089,20.019531,25000000.000
32289,2099,24.902344,25000000.000
32290,2109,29.785156,25000000.000
32291,2109,29.785156,25000000.000
32292,2121,35.644531,25000000.000
32293,2127,38.574219,25000000.000
32294,2128,39.062500,25000000.000
32295,2129,39.550781,25000000.000
32296,2128,39.062500,25000000.000
32297,2125,37.597656,25000000.000
32298,2120,35.156250,25000000.000
32299,2121,35.644531,25000000.000
32300,2107,28.808594,25000000.000
32301,2097,23.925781,25000000.000
32302,2086,18.554688,25000000.000
32303,2085,18.066406,25000000.000
32304,2062,6.835938,25000000.000
32305,2049,0.488281,25000000.000
32306,2035,-6.347656,25000000.000
32307,2034,-6.835938,25000000.000
32308,2008,-19.531250,25000000.000
32309,1996,-25.390625,25000000.000
32310,1986,-30.273438,25000000.000
32311,1985,-30.761719,25000000.000
32312,1970,-38.085938,25000000.000
32313,1965,-40.527344,25000000.000
32314,1961,-42.480469,25000000.000
32315,1961,-42.480469,25000000.000
32316,1961,-42.480469,25000000.000
32317,1963,-41.503906,25000000.000
32318,1969,-38.574219,25000000.000
32319,1968,-39.062500,25000000.000
32320,1985,-30.761719,25000000.000
32321,1995,-25.878906,25000000.000
32322,2004,-21.484375,25000000.000
32323,2005,-20.996094,25000000.000
32324,2029,-9.277344,25000000.000
32325,2042,-2.929688,25000000.000
32326,2055,3.417969,25000000.000
32327,2057,4.394531,25000000.000
32328,2080,15.625000,25000000.000
32329,2092,21.484375,25000000.000
32330,2103,26.855469,25000000.000
32331,2103,26.855469,25000000.000
32332,2118,34.179688,25000000.000
32333,2124,37.109375,25000000.000
32334,2127,38.574219,25000000.000
32335,2127,38.574219,25000000.000
32336,2129,39.550781,25000000.000
32337,2128,39.062500,25000000.000
32338,2124,37.109375,25000000.000
32339,2124,37.109375,25000000.000
32340,2113,31.738281,25000000.000
32341,2105,27.832031,25000000.000
32342,2096,23.437500,25000000.000
32343,2094,22.460938,25000000.000
32344,2073,12.207031,25000000.000
32345,2060,5.859375,25000000.000
32346,2046,-0.976562,25000000.000
32347,2045,-1.464844,25000000.000
32348,2018,-14.648438,25000000.000
32349,2005,-20.996094,25000000.000
32350,1995,-25.878906,25000000.000
32351,1994,-26.367188,25000000.000
32352,1974,-36.132812,25000000.000
32353,1967,-39.550781,25000000.000
32354,1963,-41.503906,25000000.000
32355,1963,-41.503906,25000000.000
32356,1961,-42.480469,25000000.000
32357,1960,-42.968750,25000000.000
32358,1965,-40.527344,25000000.000
32359,1965,-40.527344,25000000.000
32360,1976,-35.156250,25000000.000
32361,1985,-30.761719,25000000.000
32362,1996,-25.390625,25000000.000
32363,1995,-25.878906,25000000.000
32364,2019,-14.160156,25000000.000
32365,2030,-8.789062,25000000.000
32366,2043,-2.441406,25000000.000
32367,2044,-1.953125,25000000.000
32368,2069,10.253906,25000000.000
32369,2082,16.601562,25000000.000
32370,2093,21.972656,25000000.000
32371,2094,22.460938,25000000.000
32372,2111,30.761719,25000000.000
32373,2119,34.667969,25000000.000
32374,2124,37.109375,25000000.000
32375,2124,37.109375,25000000.000
32376,2128,39.062500,25000000.000
32377,2128,39.062500,25000000.000
32378,2127,38.574219,25000000.000
32379,2125,37.597656,25000000.000
32380,2118,34.179688,25000000.000
32381,2111,30.761719,25000000.000
32382,2103,26.855469,25000000.000
32383,2102,26.367188,25000000.000
32384,2080,15.625000,25000000.000
32385,2069,10.253906,25000000.000
32386,2056,3.906250,25000000.000
32387,2055,3.417969,25000000.000
32388,2028,-9.765625,25000000.000
32389,2016,-15.625000,25000000.000
32390,2004,-21.484375,25000000.000
32391,2002,-22.460938,25000000.000
32392,1982,-32.226562,25000000.000
32393,1974,-36.132812,25000000.000
32394,1966,-40.039062,25000000.000
32395,1965,-40.527344,25000000.000
32396,1960,-42.968750,25000000.000
32397,1960,-42.968750,25000000.000
32398,1961,-42.480469,25000000.000
32399,1961,-42.480469,25000000.000
32400,1970,-38.085938,25000000.000
32401,1977,-34.667969,25000000.000
32402,1985,-30.761719,25000000.000
32403,1987,-29.785156,25000000.000
32404,2008,-19.531250,25000000.000
32405,2019,-14.160156,25000000.000
32406,2031,-8.300781,25000000.000
32407,2032,-7.812500,25000000.000
32408,2058,4.882812,25000000.000
32409,2070,10.742188,25000000.000
32410,2082,16.601562,25000000.000
32411,2084,17.578125,25000000.000
32412,2104,27.343750,25000000.000
32413,2112,31.250000,25000000.000
32414,2118,34.179688,25000000.000
32415,2119,34.667969,25000000.000
32416,2126,38.085938,25000000.000
32417,2129,39.550781,25000000.000
32418,2128,39.062500,25000000.000
32419,2128,39.062500,25000000.000
32420,2122,36.132812,25000000.000
32421,2117,33.691406,25000000.000
32422,2110,30.273438,25000000.000
32423,2110,30.273438,25000000.000
32424,2091,20.996094,25000000.000
32425,2081,16.113281,25000000.000
32426,2068,9.765625,25000000.000
32427,2067,9.277344,25000000.000
32428,2041,-3.417969,25000000.000
32429,2028,-9.765625,25000000.000
32430,2014,-16.601562,25000000.000
32431,2013,-17.089844,25000000.000
32432,1991,-27.832031,25000000.000
32433,1981,-32.714844,25000000.000
32434,1973,-36.621094,25000000.000
32435,1972,-37.109375,25000000.000
32436,1961,-42.480469,25000000.000
32437,1960,-42.968750,25000000.000
32438,1959,-43.457031,25000000.000
32439,1959,-43.457031,25000000.000
32440,1965,-40.527344,25000000.000
32441,1971,-37.597656,25000000.000
32442,1978,-34.179688,25000000.000
32443,1979,-33.691406,25000000.000
32444,1998,-24.414062,25000000.000
32445,2009,-19.042969,25000000.000
32446,2021,-13.183594,25000000.000
32447,2022,-12.695312,25000000.000
32448,2047,-0.488281,25000000.000
32449,2060,5.859375,25000000.000
32450,2072,11.718750,25000000.000
32451,2073,12.207031,25000000.000
32452,2095,22.949219,25000000.000
32453,2106,28.320312,25000000.000
32454,2114,32.226562,25000000.000
32455,2114,32.226562,25000000.000
32456,2124,37.109375,25000000.000
32457,2128,39.062500,25000000.000
32458,2129,39.550781,25000000.000
32459,2129,39.550781,25000000.000
32460,2127,38.574219,25000000.000
32461,2122,36.132812,25000000.000
32462,2117,33.691406,25000000.000
32463,2116,33.203125,25000000.000
32464,2100,25.390625,25000000.000
32465,2090,20.507812,25000000.000
32466,2078,14.648438,25000000.000
32467,2078,14.648438,25000000.000
32468,2053,2.441406,25000000.000
32469,2041,-3.417969,25000000.000
32470,2026,-10.742188,25000000.000
32471,2024,-11.718750,25000000.000
32472,2001,-22.949219,25000000.000
32473,1990,-28.320312,25000000.000
32474,1980,-33.203125,25000000.000
32475,1979,-33.691406,25000000.000
32476,1967,-39.550781,25000000.000
32477,1962,-41.992188,25000000.000
32478,1961,-42.480469,25000000.000
32479,1960,-42.968750,25000000.000
32480,1962,-41.992188,25000000.000
32481,1967,-39.550781,25000000.000
32482,1974,-36.132812,25000000.000
32483,1974,-36.132812,25000000.000
32484,1990,-28.320312,25000000.000
32485,2000,-23.437500,25000000.000
32486,2011,-18.066406,25000000.000
32487,2013,-17.089844,25000000.000
32488,2037,-5.371094,25000000.000
32489,2049,0.488281,25000000.000
32490,2063,7.324219,25000000.000
32491,2063,7.324219,25000000.000
32492,2087,19.042969,25000000.000
32493,2098,24.414062,25000000.000
32494,2109,29.785156,25000000.000
32495,2107,28.808594,25000000.000
32496,2120,35.156250,25000000.000
32497,2126,38.085938,25000000.000
32498,2128,39.062500,25000000.000
32499,2129,39.550781,25000000.000
32500,2129,39.550781,25000000.000
32501,2125,37.597656,25000000.000
32502,2122,36.132812,25000000.000
32503,2122,36.132812,25000000.000
32504,2109,29.785156,25000000.000
32505,2099,24.902344,25000000.000
32506,2089,20.019531,25000000.000
32507,2087,19.042969,25000000.000
32508,2065,8.300781,25000000.000
32509,2052,1.953125,25000000.000
32510,2038,-4.882812,25000000.000
32511,2037,-5.371094,25000000.000
32512,2012,-17.578125,25000000.000
32513,1999,-23.925781,25000000.000
32514,1989,-28.808594,25000000.000
32515,1986,-30.273438,25000000.000
32516,1970,-38.085938,25000000.000
32517,1965,-40.527344,25000000.000
32518,1962,-41.992188,25000000.000
32519,1961,-42.480469,25000000.000
32520,1960,-42.968750,25000000.000
32521,1962,-41.992188,25000000.000
32522,1968,-39.062500,25000000.000
32523,1968,-39.062500,25000000.000
32524,1981,-32.714844,25000000.000
32525,1991,-27.832031,25000000.000
32526,2001,-22.949219,25000000.000
32527,2002,-22.460938,25000000.000
32528,2026,-10.742188,25000000.000
32529,2038,-4.882812,25000000.000
32530,2051,1.464844,25000000.000
32531,2052,1.953125,25000000.000
32532,2077,14.160156,25000000.000
32533,2088,19.531250,25000000.000
32534,2100,25.390625,25000000.000
32535,2100,25.390625,25000000.000
32536,2115,32.714844,25000000.000
32537,2122,36.132812,25000000.000
32538,2126,38.085938,25000000.000
32539,2126,38.085938,25000000.000
32540,2129,39.550781,25000000.000
32541,2127,38.574219,25000000.000
32542,2125,37.597656,25000000.000
32543,2125,37.597656,25000000.000
32544,2114,32.226562,25000000.000
32545,2108,29.296875,25000000.000
32546,2098,24.414062,25000000.000
32547,2097,23.925781,25000000.000
32548,2075,13.183594,25000000.000
32549,2062,6.835938,25000000.000
32550,2049,0.488281,25000000.000
32551,2048,0.000000,25000000.000
32552,2022,-12.695312,25000000.000
32553,2010,-18.554688,25000000.000
32554,1997,-24.902344,25000000.000
32555,1997,-24.902344,25000000.000
32556,1978,-34.179688,25000000.000
32557,1971,-37.597656,25000000.000
32558,1965,-40.527344,25000000.000
32559,1965,-40.527344,25000000.000
32560,1959,-43.457031,25000000.000
32561,1961,-42.480469,25000000.000
32562,1965,-40.527344,25000000.000
32563,1964,-41.015625,25000000.000
32564,1975,-35.644531,25000000.000
32565,1983,-31.738281,25000000.000
32566,1992,-27.343750,25000000.000
32567,1993,-26.855469,25000000.000
32568,2015,-16.113281,25000000.000
32569,2027,-10.253906,25000000.000
32570,2039,-4.394531,25000000.000
32571,2041,-3.417969,25000000.000
32572,2065,8.300781,25000000.000
32573,2078,14.648438,25000000.000
32574,2090,20.507812,25000000.000
32575,2091,20.996094,25000000.000
32576,2109,29.785156,25000000.000
32577,2117,33.691406,25000000.000
32578,2122,36.132812,25000000.000
32579,2123,36.621094,25000000.000
32580,2129,39.550781,25000000.000
32581,2129,39.550781,25000000.000
32582,2128,39.062500,25000000.000
32583,2127,38.574219,25000000.000
32584,2120,35.156250,25000000.000
32585,2113,31.738281,25000000.000
32586,2105,27.832031,25000000.000
32587,2105,27.832031,25000000.000
32588,2084,17.578125,25000000.000
32589,2073,12.207031,25000000.000
32590,2059,5.371094,25000000.000
32591,2058,4.882812,25000000.000
32592,2032,-7.812500,25000000.000
32593,2020,-13.671875,25000000.000
32594,2006,-20.507812,25000000.000
32595,2005,-20.996094,25000000.000
32596,1984,-31.250000,25000000.000
32597,1976,-35.156250,25000000.000
32598,1968,-39.062500,25000000.000
32599,1968,-39.062500,25000000.000
32600,1959,-43.457031,25000000.000
32601,1959,-43.457031,25000000.000
32602,1960,-42.968750,25000000.000
32603,1960,-42.968750,25000000.000
32604,1968,-39.062500,25000000.000
32605,1975,-35.644531,25000000.000
32606,1983,-31.738281,25000000.000
32607,1984,-31.250000,25000000.000
32608,2003,-21.972656,25000000.000
32609,2016,-15.625000,25000000.000
32610,2028,-9.765625,25000000.000
32611,2030,-8.789062,25000000.000
32612,2054,2.929688,25000000.000
32613,2067,9.277344,25000000.000
32614,2081,16.113281,25000000.000
32615,2081,16.113281,25000000.000
32616,2102,26.367188,25000000.000
32617,2110,30.273438,25000000.000
32618,2118,34.179688,25000000.000
32619,2118,34.179688,25000000.000
32620,2128,39.062500,25000000.000
32621,2128,39.062500,25000000.000
32622,2129,39.550781,25000000.000
32623,2129,39.550781,25000000.000
32624,2124,37.109375,25000000.000
32625,2119,34.667969,25000000.000
32626,2111,30.761719,25000000.000
32627,2112,31.250000,25000000.000
32628,2094,22.460938,25000000.000
32629,2082,16.601562,25000000.000
32630,2070,10.742188,25000000.000
32631,2070,10.742188,25000000.000
32632,2045,-1.464844,25000000.000
32633,2030,-8.789062,25000000.000
32634,2017,-15.136719,25000000.000
32635,2016,-15.625000,25000000.000
32636,1992,-27.343750,25000000.000
32637,1984,-31.250000,25000000.000
32638,1975,-35.644531,25000000.000
32639,1973,-36.621094,25000000.000
32640,1963,-41.503906,25000000.000
32641,1960,-42.968750,25000000.000
32642,1959,-43.457031,25000000.000
32643,1960,-42.968750,25000000.000
32644,1965,-40.527344,25000000.000
32645,1969,-38.574219,25000000.000
32646,1976,-35.156250,25000000.000
32647,1978,-34.179688,25000000.000
32648,1994,-26.367188,25000000.000
32649,2006,-20.507812,25000000.000
32650,2018,-14.648438,25000000.000
32651,2019,-14.160156,25000000.000
32652,2044,-1.953125,25000000.000
32653,2057,4.394531,25000000.000
32654,2069,10.253906,25000000.000
32655,2070,10.742188,25000000.000
32656,2094,22.460938,25000000.000
32657,2104,27.343750,25000000.000
32658,2112,31.250000,25000000.000
32659,2113,31.738281,25000000.000
32660,2123,36.621094,25000000.000
32661,2128,39.062500,25000000.000
32662,2128,39.062500,25000000.000
32663,2129,39.550781,25000000.000
32664,2127,38.574219,25000000.000
32665,2123,36.621094,25000000.000
32666,2118,34.179688,25000000.000
32667,2118,34.179688,25000000.000
32668,2103,26.855469,25000000.000
32669,2093,21.972656,25000000.000
32670,2082,16.601562,25000000.000
32671,2080,15.625000,25000000.000
32672,2056,3.906250,25000000.000
32673,2043,-2.441406,25000000.000
32674,2028,-9.765625,25000000.000
32675,2028,-9.765625,25000000.000
32676,2004,-21.484375,25000000.000
32677,1991,-27.832031,25000000.000
32678,1982,-32.226562,25000000.000
32679,1981,-32.714844,25000000.000
32680,1966,-40.039062,25000000.000
32681,1963,-41.503906,25000000.000
32682,1960,-42.968750,25000000.000
32683,1961,-42.480469,25000000.000
32684,1962,-41.992188,25000000.000
32685,1965,-40.527344,25000000.000
32686,1971,-37.597656,25000000.000
32687,1973,-36.621094,25000000.000
32688,1988,-29.296875,25000000.000
32689,1996,-25.390625,25000000.000
32690,2008,-19.531250,25000000.000
32691,2010,-18.554688,25000000.000
32692,2036,-5.859375,25000000.000
32693,2045,-1.464844,25000000.000
32694,2060,5.859375,25000000.000
32695,2061,6.347656,25000000.000
32696,2085,18.066406,25000000.000
32697,2095,22.949219,25000000.000
32698,2104,27.343750,25000000.000
32699,2105,27.832031,25000000.000
32700,2120,35.156250,25000000.000
32701,2124,37.109375,25000000.000
32702,2127,38.574219,25000000.000
32703,2128,39.062500,25000000.000
32704,2127,38.574219,25000000.000
32705,2126,38.085938,25000000.000
32706,2122,36.132812,25000000.000
32707,2122,36.132812,25000000.000
32708,2110,30.273438,25000000.000
32709,2101,25.878906,25000000.000
32710,2090,20.507812,25000000.000
32711,2089,20.019531,25000000.000
32712,2068,9.765625,25000000.000
32713,2054,2.929688,25000000.000
32714,2041,-3.417969,25000000.000
32715,2039,-4.394531,25000000.000
32716,2015,-16.113281,25000000.000
32717,2002,-22.460938,25000000.000
32718,1991,-27.832031,25000000.000
32719,1990,-28.320312,25000000.000
32720,1974,-36.132812,25000000.000
32721,1967,-39.550781,25000000.000
32722,1963,-41.503906,25000000.000
32723,1962,-41.992188,25000000.000
32724,1961,-42.480469,25000000.000
32725,1963,-41.503906,25000000.000
32726,1967,-39.550781,25000000.000
32727,1968,-39.062500,25000000.000
32728,1981,-32.714844,25000000.000
32729,1989,-28.808594,25000000.000
32730,1999,-23.925781,25000000.000
32731,2000,-23.437500,25000000.000
32732,2023,-12.207031,25000000.000
32733,2035,-6.347656,25000000.000
32734,2049,0.488281,25000000.000
32735,2050,0.976562,25000000.000
32736,2074,12.695312,25000000.000
32737,2086,18.554688,25000000.000
32738,2097,23.925781,25000000.000
32739,2098,24.414062,25000000.000
32740,2114,32.226562,25000000.000
32741,2121,35.644531,25000000.000
32742,2126,38.085938,25000000.000
32743,2126,38.085938,25000000.000
32744,2129,39.550781,25000000.000
32745,2129,39.550781,25000000.000
32746,2127,38.574219,25000000.000
32747,2126,38.085938,25000000.000
32748,2116,33.203125,25000000.000
32749,2109,29.785156,25000000.000
32750,2100,25.390625,25000000.000
32751,2098,24.414062,25000000.000
32752,2079,15.136719,25000000.000
32753,2067,9.277344,25000000.000
32754,2052,1.953125,25000000.000
32755,2051,1.464844,25000000.000
32756,2025,-11.230469,25000000.000
32757,2013,-17.089844,25000000.000
32758,2000,-23.437500,25000000.000
32759,1998,-24.414062,25000000.000
32760,1980,-33.203125,25000000.000
32761,1971,-37.597656,25000000.000
32762,1965,-40.527344,25000000.000
32763,1965,-40.527344,25000000.000
32764,1961,-42.480469,25000000.000
32765,1960,-42.968750,25000000.000
32766,1962,-41.992188,25000000.000
32767,1963,-41.503906,25000000.000
32768,1973,-36.621094,25000000.000
32769,1979,-33.691406,25000000.000
32770,1990,-28.320312,25000000.000
32771,1991,-27.832031,25000000.000
32772,2011,-18.066406,25000000.000
32773,2023,-12.207031,25000000.000
32774,2036,-5.859375,25000000.000
32775,2038,-4.882812,25000000.000
32776,2063,7.324219,25000000.000
32777,2076,13.671875,25000000.000
32778,2087,19.042969,25000000.000
32779,2088,19.531250,25000000.000
32780,2108,29.296875,25000000.000
32781,2114,32.226562,25000000.000
32782,2121,35.644531,25000000.000
32783,2121,35.644531,25000000.000
32784,2127,38.574219,25000000.000
32785,2130,40.039062,25000000.000
32786,2128,39.062500,25000000.000
32787,2128,39.062500,25000000.000
32788,2121,35.644531,25000000.000
32789,2115,32.714844,25000000.000
32790,2107,28.808594,25000000.000
32791,2107,28.808594,25000000.000
32792,2088,19.531250,25000000.000
32793,2076,13.671875,25000000.000
32794,2064,7.812500,25000000.000
32795,2061,6.347656,25000000.000
32796,2036,-5.859375,25000000.000
32797,2023,-12.207031,25000000.000
32798,2009,-19.042969,25000000.000
32799,2008,-19.531250,25000000.000
32800,1987,-29.785156,25000000.000
32801,1977,-34.667969,25000000.000
32802,1970,-38.085938,25000000.000
32803,1969,-38.574219,25000000.000
32804,1961,-42.480469,25000000.000
32805,1959,-43.457031,25000000.000
32806,1960,-42.968750,25000000.000
32807,1959,-43.457031,25000000.000
32808,1966,-40.039062,25000000.000
32809,1973,-36.621094,25000000.000
32810,1981,-32.714844,25000000.000
32811,1982,-32.226562,25000000.000
32812,2001,-22.949219,25000000.000
32813,2014,-16.601562,25000000.000
32814,2025,-11.230469,25000000.000
32815,2027,-10.253906,25000000.000
32816,2052,1.953125,25000000.000
32817,2064,7.812500,25000000.000
32818,2077,14.160156,25000000.000
32819,2077,14.160156,25000000.000
32820,2100,25.390625,25000000.000
32821,2110,30.273438,25000000.000
32822,2116,33.203125,25000000.000
32823,2117,33.691406,25000000.000
32824,2126,38.085938,25000000.000
32825,2129,39.550781,25000000.000
32826,2130,40.039062,25000000.000
32827,2128,39.062500,25000000.000
32828,2126,38.085938,25000000.000
32829,2121,35.644531,25000000.000
32830,2113,31.738281,25000000.000
32831,2113,31.738281,25000000.000
32832,2096,23.437500,25000000.000
32833,2085,18.066406,25000000.000
32834,2074,12.695312,25000000.000
32835,2072,11.718750,25000000.000
32836,2048,0.000000,25000000.000
32837,2033,-7.324219,25000000.000
32838,2021,-13.183594,25000000.000
32839,2019,-14.160156,25000000.000
32840,1996,-25.390625,25000000.000
32841,1986,-30.273438,25000000.000
32842,1978,-34.179688,25000000.000
32843,1976,-35.156250,25000000.000
32844,1962,-41.992188,25000000.000
32845,1956,-44.921875,25000000.000
32846,1962,-41.992188,25000000.000
32847,1959,-43.457031,25000000.000
32848,1963,-41.503906,25000000.000
32849,1967,-39.550781,25000000.000
32850,1976,-35.156250,25000000.000
32851,1975,-35.644531,25000000.000
32852,1993,-26.855469,25000000.000
32853,2004,-21.484375,25000000.000
32854,2016,-15.625000,25000000.000
32855,2016,-15.625000,25000000.000
32856,2041,-3.417969,25000000.000
32857,2055,3.417969,25000000.000
32858,2067,9.277344,25000000.000
32859,2069,10.253906,25000000.000
32860,2091,20.996094,25000000.000
32861,2101,25.878906,25000000.000
32862,2110,30.273438,25000000.000
32863,2111,30.761719,25000000.000
32864,2123,36.621094,25000000.000
32865,2127,38.574219,25000000.000
32866,2129,39.550781,25000000.000
32867,2129,39.550781,25000000.000
32868,2127,38.574219,25000000.000
32869,2125,37.597656,25000000.000
32870,2120,35.156250,25000000.000
32871,2118,34.179688,25000000.000
32872,2104,27.343750,25000000.000
32873,2096,23.437500,25000000.000
32874,2085,18.066406,25000000.000
32875,2084,17.578125,25000000.000
32876,2060,5.859375,25000000.000
32877,2046,-0.976562,25000000.000
32878,2033,-7.324219,25000000.000
32879,2031,-8.300781,25000000.000
32880,2008,-19.531250,25000000.000
32881,1995,-25.878906,25000000.000
32882,1985,-30.761719,25000000.000
32883,1985,-30.761719,25000000.000
32884,1968,-39.062500,25000000.000
32885,1964,-41.015625,25000000.000
32886,1961,-42.480469,25000000.000
32887,1961,-42.480469,25000000.000
32888,1962,-41.992188,25000000.000
32889,1962,-41.992188,25000000.000
32890,1969,-38.574219,25000000.000
32891,1969,-38.574219,25000000.000
32892,1985,-30.761719,25000000.000
32893,1993,-26.855469,25000000.000
32894,2005,-20.996094,25000000.000
32895,2006,-20.507812,25000000.000
32896,2030,-8.789062,25000000.000
32897,2042,-2.929688,25000000.000
32898,2055,3.417969,25000000.000
32899,2056,3.906250,25000000.000
32900,2082,16.601562,25000000.000
32901,2091,20.996094,25000000.000
32902,2102,26.367188,25000000.000
32903,2103,26.855469,25000000.000
32904,2119,34.667969,25000000.000
32905,2124,37.109375,25000000.000
32906,2128,39.062500,25000000.000
32907,2129,39.550781,25000000.000
32908,2131,40.527344,25000000.000
32909,2127,38.574219,25000000.000
32910,2123,36.621094,25000000.000
32911,2125,37.597656,25000000.000
32912,2113,31.738281,25000000.000
32913,2104,27.343750,25000000.000
32914,2094,22.460938,25000000.000
32915,2094,22.460938,25000000.000
32916,2070,10.742188,25000000.000
32917,2058,4.882812,25000000.000
32918,2044,-1.953125,25000000.000
32919,2043,-2.441406,25000000.000
32920,2017,-15.136719,25000000.000
32921,2005,-20.996094,25000000.000
32922,1993,-26.855469,25000000.000
32923,1992,-27.343750,25000000.000
32924,1975,-35.644531,25000000.000
32925,1968,-39.062500,25000000.000
32926,1962,-41.992188,25000000.000
32927,1962,-41.992188,25000000.000
32928,1959,-43.457031,25000000.000
32929,1962,-41.992188,25000000.000
32930,1966,-40.039062,25000000.000
32931,1965,-40.527344,25000000.000
32932,1976,-35.156250,25000000.000
32933,1986,-30.273438,25000000.000
32934,1996,-25.390625,25000000.000
32935,1996,-25.390625,25000000.000
32936,2018,-14.648438,25000000.000
32937,2033,-7.324219,25000000.000
32938,2044,-1.953125,25000000.000
32939,2046,-0.976562,25000000.000
32940,2071,11.230469,25000000.000
32941,2082,16.601562,25000000.000
32942,2094,22.460938,25000000.000
32943,2094,22.460938,25000000.000
32944,2112,31.250000,25000000.000
32945,2119,34.667969,25000000.000
32946,2124,37.109375,25000000.000
32947,2125,37.597656,25000000.000
32948,2128,39.062500,25000000.000
32949,2129,39.550781,25000000.000
32950,2126,38.085938,25000000.000
32951,2126,38.085938,25000000.000
32952,2118,34.179688,25000000.000
32953,2110,30.273438,25000000.000
32954,2102,26.367188,25000000.000
32955,2101,25.878906,25000000.000
32956,2079,15.136719,25000000.000
32957,2068,9.765625,25000000.000
32958,2054,2.929688,25000000.000
32959,2053,2.441406,25000000.000
32960,2028,-9.765625,25000000.000
32961,2014,-16.601562,25000000.000
32962,2003,-21.972656,25000000.000
32963,2002,-22.460938,25000000.000
32964,1981,-32.714844,25000000.000
32965,1972,-37.109375,25000000.000
32966,1966,-40.039062,25000000.000
32967,1966,-40.039062,25000000.000
32968,1960,-42.968750,25000000.000
32969,1959,-43.457031,25000000.000
32970,1962,-41.992188,25000000.000
32971,1961,-42.480469,25000000.000
32972,1970,-38.085938,25000000.000
32973,1978,-34.179688,25000000.000
32974,1987,-29.785156,25000000.000
32975,1988,-29.296875,25000000.000
32976,2008,-19.531250,25000000.000
32977,2020,-13.671875,25000000.000
32978,2033,-7.324219,25000000.000
32979,2034,-6.835938,25000000.000
32980,2059,5.371094,25000000.000
32981,2071,11.230469,25000000.000
32982,2084,17.578125,25000000.000
32983,2085,18.066406,25000000.000
32984,2105,27.832031,25000000.000
32985,2113,31.738281,25000000.000
32986,2120,35.156250,25000000.000
32987,2121,35.644531,25000000.000
32988,2128,39.062500,25000000.000
32989,2128,39.062500,25000000.000
32990,2128,39.062500,25000000.000
32991,2129,39.550781,25000000.000
32992,2122,36.132812,25000000.000
32993,2117,33.691406,25000000.000
32994,2109,29.785156,25000000.000
32995,2108,29.296875,25000000.000
32996,2089,20.019531,25000000.000
32997,2078,14.648438,25000000.000
32998,2066,8.789062,25000000.000
32999,2064,7.812500,25000000.000
33000,2039,-4.394531,25000000.000
33001,2026,-10.742188,25000000.000
33002,2012,-17.578125,25000000.000
33003,2012,-17.578125,25000000.000
33004,1989,-28.808594,25000000.000
33005,1979,-33.691406,25000000.000
33006,1972,-37.109375,25000000.000
33007,1972,-37.109375,25000000.000
33008,1962,-41.992188,25000000.000
33009,1959,-43.457031,25000000.000
33010,1960,-42.968750,25000000.000
33011,1960,-42.968750,25000000.000
33012,1966,-40.039062,25000000.000
33013,1973,-36.621094,25000000.000
33014,1979,-33.691406,25000000.000
33015,1981,-32.714844,25000000.000
33016,1999,-23.925781,25000000.000
33017,2011,-18.066406,25000000.000
33018,2022,-12.695312,25000000.000
33019,2024,-11.718750,25000000.000
33020,2048,0.000000,25000000.000
33021,2062,6.835938,25000000.000
33022,2074,12.695312,25000000.000
33023,2076,13.671875,25000000.000
33024,2097,23.925781,25000000.000
33025,2106,28.320312,25000000.000
33026,2115,32.714844,25000000.000
33027,2115,32.714844,25000000.000
33028,2125,37.597656,25000000.000
33029,2127,38.574219,25000000.000
33030,2128,39.062500,25000000.000
33031,2128,39.062500,25000000.000
33032,2124,37.109375,25000000.000
33033,2121,35.644531,25000000.000
33034,2115,32.714844,25000000.000
33035,2114,32.226562,25000000.000
33036,2099,24.902344,25000000.000
33037,2088,19.531250,25000000.000
33038,2077,14.160156,25000000.000
33039,2075,13.183594,25000000.000
33040,2051,1.464844,25000000.000
33041,2038,-4.882812,25000000.000
33042,2025,-11.230469,25000000.000
33043,2024,-11.718750,25000000.000
33044,2000,-23.437500,25000000.000
33045,1988,-29.296875,25000000.000
33046,1978,-34.179688,25000000.000
33047,1978,-34.179688,25000000.000
33048,1964,-41.015625,25000000.000
33049,1962,-41.992188,25000000.000
33050,1959,-43.457031,25000000.000
33051,1960,-42.968750,25000000.000
33052,1963,-41.503906,25000000.000
33053,1967,-39.550781,25000000.000
33054,1971,-37.597656,25000000.000
33055,1975,-35.644531,25000000.000
33056,1990,-28.320312,25000000.000
33057,2001,-22.949219,25000000.000
33058,2012,-17.578125,25000000.000
33059,2014,-16.601562,25000000.000
33060,2037,-5.371094,25000000.000
33061,2051,1.464844,25000000.000
33062,2063,7.324219,25000000.000
33063,2065,8.300781,25000000.000
33064,2088,19.531250,25000000.000
33065,2100,25.390625,25000000.000
33066,2108,29.296875,25000000.000
33067,2110,30.273438,25000000.000
33068,2123,36.621094,25000000.000
33069,2127,38.574219,25000000.000
33070,2128,39.062500,25000000.000
33071,2130,40.039062,25000000.000
33072,2129,39.550781,25000000.000
33073,2125,37.597656,25000000.000
33074,2120,35.156250,25000000.000
33075,2120,35.156250,25000000.000
33076,2107,28.808594,25000000.000
33077,2098,24.414062,25000000.000
33078,2088,19.531250,25000000.000
33079,2087,19.042969,25000000.000
33080,2063,7.324219,25000000.000
33081,2050,0.976562,25000000.000
33082,2037,-5.371094,25000000.000
33083,2036,-5.859375,25000000.000
33084,2010,-18.554688,25000000.000
33085,1997,-24.902344,25000000.000
33086,1987,-29.785156,25000000.000
33087,1986,-30.273438,25000000.000
33088,1972,-37.109375,25000000.000
33089,1966,-40.039062,25000000.000
33090,1962,-41.992188,25000000.000
33091,1963,-41.503906,25000000.000
33092,1961,-42.480469,25000000.000
33093,1964,-41.015625,25000000.000
33094,1969,-38.574219,25000000.000
33095,1969,-38.574219,25000000.000
33096,1984,-31.250000,25000000.000
33097,1992,-27.343750,25000000.000
33098,2003,-21.972656,25000000.000
33099,2004,-21.484375,25000000.000
33100,2028,-9.765625,25000000.000
33101,2040,-3.906250,25000000.000
33102,2054,2.929688,25000000.000
33103,2055,3.417969,25000000.000
33104,2078,14.648438,25000000.000
33105,2090,20.507812,25000000.000
33106,2103,26.855469,25000000.000
33107,2101,25.878906,25000000.000
33108,2118,34.179688,25000000.000
33109,2123,36.621094,25000000.000
33110,2128,39.062500,25000000.000
33111,2126,38.085938,25000000.000
33112,2130,40.039062,25000000.000
33113,2128,39.062500,25000000.000
33114,2125,37.597656,25000000.000
33115,2125,37.597656,25000000.000
33116,2114,32.226562,25000000.000
33117,2106,28.320312,25000000.000
33118,2097,23.925781,25000000.000
33119,2095,22.949219,25000000.000
33120,2073,12.207031,25000000.000
33121,2060,5.859375,25000000.000
33122,2048,0.000000,25000000.000
33123,2046,-0.976562,25000000.000
33124,2021,-13.183594,25000000.000
33125,2008,-19.531250,25000000.000
33126,1996,-25.390625,25000000.000
33127,1995,-25.878906,25000000.000
33128,1977,-34.667969,25000000.000
33129,1969,-38.574219,25000000.000
33130,1964,-41.015625,25000000.000
33131,1964,-41.015625,25000000.000
33132,1961,-42.480469,25000000.000
33133,1961,-42.480469,25000000.000
33134,1965,-40.527344,25000000.000
33135,1964,-41.015625,25000000.000
33136,1976,-35.156250,25000000.000
33137,1985,-30.761719,25000000.000
33138,1993,-26.855469,25000000.000
33139,1995,-25.878906,25000000.000
33140,2017,-15.136719,25000000.000
33141,2029,-9.277344,25000000.000
33142,2042,-2.929688,25000000.000
33143,2043,-2.441406,25000000.000
33144,2068,9.765625,25000000.000
33145,2080,15.625000,25000000.000
33146,2091,20.996094,25000000.000
33147,2092,21.484375,25000000.000
33148,2110,30.273438,25000000.000
33149,2117,33.691406,25000000.000
33150,2124,37.109375,25000000.000
33151,2124,37.109375,25000000.000
33152,2128,39.062500,25000000.000
33153,2128,39.062500,25000000.000
33154,2126,38.085938,25000000.000
33155,2126,38.085938,25000000.000
33156,2119,34.667969,25000000.000
33157,2113,31.738281,25000000.000
33158,2104,27.343750,25000000.000
33159,2103,26.855469,25000000.000
33160,2083,17.089844,25000000.000
33161,2071,11.230469,25000000.000
33162,2058,4.882812,25000000.000
33163,2057,4.394531,25000000.000
33164,2031,-8.300781,25000000.000
33165,2018,-14.648438,25000000.000
33166,2005,-20.996094,25000000.000
33167,2005,-20.996094,25000000.000
33168,1984,-31.250000,25000000.000
33169,1975,-35.644531,25000000.000
33170,1967,-39.550781,25000000.000
33171,1967,-39.550781,25000000.000
33172,1959,-43.457031,25000000.000
33173,1959,-43.457031,25000000.000
33174,1962,-41.992188,25000000.000
33175,1961,-42.480469,25000000.000
33176,1970,-38.085938,25000000.000
33177,1977,-34.667969,25000000.000
33178,1985,-30.761719,25000000.000
33179,1985,-30.761719,25000000.000
33180,2005,-20.996094,25000000.000
33181,2018,-14.648438,25000000.000
33182,2030,-8.789062,25000000.000
33183,2031,-8.300781,25000000.000
33184,2056,3.906250,25000000.000
33185,2068,9.765625,25000000.000
33186,2081,16.113281,25000000.000
33187,2082,16.601562,25000000.000
33188,2102,26.367188,25000000.000
33189,2110,30.273438,25000000.000
33190,2118,34.179688,25000000.000
33191,2119,34.667969,25000000.000
33192,2125,37.597656,25000000.000
33193,2131,40.527344,25000000.000
33194,2132,41.015625,25000000.000
33195,2130,40.039062,25000000.000
33196,2122,36.132812,25000000.000
33197,2118,34.179688,25000000.000
33198,2111,30.761719,25000000.000
33199,2109,29.785156,25000000.000
33200,2093,21.972656,25000000.000
33201,2082,16.601562,25000000.000
33202,2069,10.253906,25000000.000
33203,2067,9.277344,25000000.000
33204,2042,-2.929688,25000000.000
33205,2028,-9.765625,25000000.000
33206,2016,-15.625000,25000000.000
33207,2014,-16.601562,25000000.000
33208,1992,-27.343750,25000000.000
33209,1982,-32.226562,25000000.000
33210,1975,-35.644531,25000000.000
33211,1974,-36.132812,25000000.000
33212,1963,-41.503906,25000000.000
33213,1961,-42.480469,25000000.000
33214,1960,-42.968750,25000000.000
33215,1960,-42.968750,25000000.000
33216,1965,-40.527344,25000000.000
33217,1971,-37.597656,25000000.000
33218,1977,-34.667969,25000000.000
33219,1978,-34.179688,25000000.000
33220,1996,-25.390625,25000000.000
33221,2007,-20.019531,25000000.000
33222,2019,-14.160156,25000000.000
33223,2021,-13.183594,25000000.000
33224,2045,-1.464844,25000000.000
33225,2058,4.882812,25000000.000
33226,2070,10.742188,25000000.000
33227,2072,11.718750,25000000.000
33228,2095,22.949219,25000000.000
33229,2104,27.343750,25000000.000
33230,2112,31.250000,25000000.000
33231,2113,31.738281,25000000.000
33232,2124,37.109375,25000000.000
33233,2126,38.085938,25000000.000
33234,2128,39.062500,25000000.000
33235,2129,39.550781,25000000.000
33236,2126,38.085938,25000000.000
33237,2122,36.132812,25000000.000
33238,2117,33.691406,25000000.000
33239,2117,33.691406,25000000.000
33240,2101,25.878906,25000000.000
33241,2091,20.996094,25000000.000
33242,2080,15.625000,25000000.000
33243,2078,14.648438,25000000.000
33244,2055,3.417969,25000000.000
33245,2041,-3.417969,25000000.000
33246,2029,-9.277344,25000000.000
33247,2027,-10.253906,25000000.000
33248,2002,-22.460938,25000000.000
33249,1991,-27.832031,25000000.000
33250,1982,-32.226562,25000000.000
33251,1981,-32.714844,25000000.000
33252,1967,-39.550781,25000000.000
33253,1963,-41.503906,25000000.000
33254,1960,-42.968750,25000000.000
33255,1960,-42.968750,25000000.000
33256,1962,-41.992188,25000000.000
33257,1966,-40.039062,25000000.000
33258,1972,-37.109375,25000000.000
33259,1972,-37.109375,25000000.000
33260,1989,-28.808594,25000000.000
33261,1998,-24.414062,25000000.000
33262,2009,-19.042969,25000000.000
33263,2011,-18.066406,25000000.000
33264,2035,-6.347656,25000000.000
33265,2048,0.000000,25000000.000
33266,2061,6.347656,25000000.000
33267,2062,6.835938,25000000.000
33268,2086,18.554688,25000000.000
33269,2096,23.437500,25000000.000
33270,2107,28.808594,25000000.000
33271,2107,28.808594,25000000.000
33272,2122,36.132812,25000000.000
33273,2126,38.085938,25000000.000
33274,2128,39.062500,25000000.000
33275,2129,39.550781,25000000.000
33276,2130,40.039062,25000000.000
33277,2127,38.574219,25000000.000
33278,2123,36.621094,25000000.000
33279,2122,36.132812,25000000.000
33280,2108,29.296875,25000000.000
33281,2100,25.390625,25000000.000
33282,2090,20.507812,25000000.000
33283,2089,20.019531,25000000.000
33284,2065,8.300781,25000000.000
33285,2052,1.953125,25000000.000
33286,2039,-4.394531,25000000.000
33287,2038,-4.882812,25000000.000
33288,2014,-16.601562,25000000.000
33289,2000,-23.437500,25000000.000
33290,1990,-28.320312,25000000.000
33291,1989,-28.808594,25000000.000
33292,1972,-37.109375,25000000.000
33293,1967,-39.550781,25000000.000
33294,1963,-41.503906,25000000.000
33295,1962,-41.992188,25000000.000
33296,1962,-41.992188,25000000.000
33297,1963,-41.503906,25000000.000
33298,1968,-39.062500,25000000.000
33299,1968,-39.062500,25000000.000
33300,1980,-33.203125,25000000.000
33301,1990,-28.320312,25000000.000
33302,2001,-22.949219,25000000.000
33303,2001,-22.949219,25000000.000
33304,2023,-12.207031,25000000.000
33305,2037,-5.371094,25000000.000
33306,2049,0.488281,25000000.000
33307,2050,0.976562,25000000.000
33308,2075,13.183594,25000000.000
33309,2086,18.554688,25000000.000
33310,2098,24.414062,25000000.000
33311,2099,24.902344,25000000.000
33312,2115,32.714844,25000000.000
33313,2121,35.644531,25000000.000
33314,2126,38.085938,25000000.000
33315,2125,37.597656,25000000.000
33316,2128,39.062500,25000000.000
33317,2128,39.062500,25000000.000
33318,2126,38.085938,25000000.000
33319,2124,37.109375,25000000.000
33320,2115,32.714844,25000000.000
33321,2107,28.808594,25000000.000
33322,2098,24.414062,25000000.000
33323,2098,24.414062,25000000.000
33324,2077,14.160156,25000000.000
33325,2065,8.300781,25000000.000
33326,2051,1.464844,25000000.000
33327,2049,0.488281,25000000.000
33328,2025,-11.230469,25000000.000
33329,2011,-18.066406,25000000.000
33330,2000,-23.437500,25000000.000
33331,1998,-24.414062,25000000.000
33332,1979,-33.691406,25000000.000
33333,1971,-37.597656,25000000.000
33334,1965,-40.527344,25000000.000
33335,1965,-40.527344,25000000.000
33336,1960,-42.968750,25000000.000
33337,1961,-42.480469,25000000.000
33338,1964,-41.015625,25000000.000
33339,1964,-41.015625,25000000.000
33340,1975,-35.644531,25000000.000
33341,1983,-31.738281,25000000.000
33342,1991,-27.832031,25000000.000
33343,1992,-27.343750,25000000.000
33344,2014,-16.601562,25000000.000
33345,2026,-10.742188,25000000.000
33346,2039,-4.394531,25000000.000
33347,2040,-3.906250,25000000.000
33348,2064,7.812500,25000000.000
33349,2077,14.160156,25000000.000
33350,2088,19.531250,25000000.000
33351,2088,19.531250,25000000.000
33352,2108,29.296875,25000000.000
33353,2115,32.714844,25000000.000
33354,2122,36.132812,25000000.000
33355,2122,36.132812,25000000.000
33356,2128,39.062500,25000000.000
33357,2128,39.062500,25000000.000
33358,2127,38.574219,25000000.000
33359,2127,38.574219,25000000.000
33360,2120,35.156250,25000000.000
33361,2113,31.738281,25000000.000
33362,2105,27.832031,25000000.000
33363,2105,27.832031,25000000.000
33364,2086,18.554688,25000000.000
33365,2073,12.207031,25000000.000
33366,2061,6.347656,25000000.000
33367,2061,6.347656,25000000.000
33368,2035,-6.347656,25000000.000
33369,2021,-13.183594,25000000.000
33370,2009,-19.042969,25000000.000
33371,2007,-20.019531,25000000.000
33372,1986,-30.273438,25000000.000
33373,1977,-34.667969,25000000.000
33374,1969,-38.574219,25000000.000
33375,1969,-38.574219,25000000.000
33376,1962,-41.992188,25000000.000
33377,1960,-42.968750,25000000.000
33378,1960,-42.968750,25000000.000
33379,1961,-42.480469,25000000.000
33380,1968,-39.062500,25000000.000
33381,1976,-35.156250,25000000.000
33382,1983,-31.738281,25000000.000
33383,1983,-31.738281,25000000.000
33384,2002,-22.460938,25000000.000
33385,2015,-16.113281,25000000.000
33386,2026,-10.742188,25000000.000
33387,2027,-10.253906,25000000.000
33388,2053,2.441406,25000000.000
33389,2066,8.789062,25000000.000
33390,2077,14.160156,25000000.000
33391,2079,15.136719,25000000.000
33392,2101,25.878906,25000000.000
33393,2108,29.296875,25000000.000
33394,2116,33.203125,25000000.000
33395,2117,33.691406,25000000.000
33396,2126,38.085938,25000000.000
33397,2129,39.550781,25000000.000
33398,2128,39.062500,25000000.000
33399,2129,39.550781,25000000.000
33400,2124,37.109375,25000000.000
33401,2119,34.667969,25000000.000
33402,2112,31.250000,25000000.000
33403,2112,31.250000,25000000.000
33404,2095,22.949219,25000000.000
33405,2084,17.578125,25000000.000
33406,2072,11.718750,25000000.000
33407,2070,10.742188,25000000.000
33408,2047,-0.488281,25000000.000
33409,2033,-7.324219,25000000.000
33410,2018,-14.648438,25000000.000
33411,2018,-14.648438,25000000.000
33412,1994,-26.367188,25000000.000
33413,1985,-30.761719,25000000.000
33414,1975,-35.644531,25000000.000
33415,1975,-35.644531,25000000.000
33416,1964,-41.015625,25000000.000
33417,1961,-42.480469,25000000.000
33418,1959,-43.457031,25000000.000
33419,1960,-42.968750,25000000.000
33420,1964,-41.015625,25000000.000
33421,1970,-38.085938,25000000.000
33422,1976,-35.156250,25000000.000
33423,1976,-35.156250,25000000.000
33424,1993,-26.855469,25000000.000
33425,2004,-21.484375,25000000.000
33426,2019,-14.160156,25000000.000
33427,2017,-15.136719,25000000.000
33428,2042,-2.929688,25000000.000
33429,2055,3.417969,25000000.000
33430,2068,9.765625,25000000.000
33431,2068,9.765625,25000000.000
33432,2092,21.484375,25000000.000
33433,2103,26.855469,25000000.000
33434,2111,30.761719,25000000.000
33435,2112,31.250000,25000000.000
33436,2124,37.109375,25000000.000
33437,2127,38.574219,25000000.000
33438,2130,40.039062,25000000.000
33439,2129,39.550781,25000000.000
33440,2127,38.574219,25000000.000
33441,2124,37.109375,25000000.000
33442,2119,34.667969,25000000.000
33443,2118,34.179688,25000000.000
33444,2104,27.343750,25000000.000
33445,2094,22.460938,25000000.000
33446,2082,16.601562,25000000.000
33447,2081,16.113281,25000000.000
33448,2058,4.882812,25000000.000
33449,2044,-1.953125,25000000.000
33450,2031,-8.300781,25000000.000
33451,2030,-8.789062,25000000.000
33452,2005,-20.996094,25000000.000
33453,1995,-25.878906,25000000.000
33454,1984,-31.250000,25000000.000
33455,1983,-31.738281,25000000.000
33456,1968,-39.062500,25000000.000
33457,1964,-41.015625,25000000.000
33458,1961,-42.480469,25000000.000
33459,1961,-42.480469,25000000.000
33460,1963,-41.503906,25000000.000
33461,1964,-41.015625,25000000.000
33462,1970,-38.085938,25000000.000
33463,1971,-37.597656,25000000.000
33464,1987,-29.785156,25000000.000
33465,1996,-25.390625,25000000.000
33466,2006,-20.507812,25000000.000
33467,2008,-19.531250,25000000.000
33468,2032,-7.812500,25000000.000
33469,2045,-1.464844,25000000.000
33470,2057,4.394531,25000000.000
33471,2059,5.371094,25000000.000
33472,2083,17.089844,25000000.000
33473,2094,22.460938,25000000.000
33474,2103,26.855469,25000000.000
33475,2104,27.343750,25000000.000
33476,2118,34.179688,25000000.000
33477,2124,37.109375,25000000.000
33478,2128,39.062500,25000000.000
33479,2128,39.062500,25000000.000
33480,2129,39.550781,25000000.000
33481,2126,38.085938,25000000.000
33482,2122,36.132812,25000000.000
33483,2122,36.132812,25000000.000
33484,2111,30.761719,25000000.000
33485,2102,26.367188,25000000.000
33486,2092,21.484375,25000000.000
33487,2090,20.507812,25000000.000
33488,2069,10.253906,25000000.000
33489,2057,4.394531,25000000.000
33490,2043,-2.441406,25000000.000
33491,2041,-3.417969,25000000.000
33492,2016,-15.625000,25000000.000
33493,2004,-21.484375,25000000.000
33494,1992,-27.343750,25000000.000
33495,1991,-27.832031,25000000.000
33496,1974,-36.132812,25000000.000
33497,1968,-39.062500,25000000.000
33498,1964,-41.015625,25000000.000
33499,1963,-41.503906,25000000.000
33500,1961,-42.480469,25000000.000
33501,1963,-41.503906,25000000.000
33502,1966,-40.039062,25000000.000
33503,1967,-39.550781,25000000.000
33504,1979,-33.691406,25000000.000
33505,1988,-29.296875,25000000.000
33506,1998,-24.414062,25000000.000
33507,2000,-23.437500,25000000.000
33508,2021,-13.183594,25000000.000
33509,2034,-6.835938,25000000.000
33510,2047,-0.488281,25000000.000
33511,2048,0.000000,25000000.000
33512,2073,12.207031,25000000.000
33513,2084,17.578125,25000000.000
33514,2095,22.949219,25000000.000
33515,2096,23.437500,25000000.000
33516,2113,31.738281,25000000.000
33517,2121,35.644531,25000000.000
33518,2126,38.085938,25000000.000
33519,2125,37.597656,25000000.000
33520,2129,39.550781,25000000.000
33521,2129,39.550781,25000000.000
33522,2128,39.062500,25000000.000
33523,2127,38.574219,25000000.000
33524,2117,33.691406,25000000.000
33525,2110,30.273438,25000000.000
33526,2100,25.390625,25000000.000
33527,2100,25.390625,25000000.000
33528,2078,14.648438,25000000.000
33529,2067,9.277344,25000000.000
33530,2053,2.441406,25000000.000
33531,2052,1.953125,25000000.000
33532,2027,-10.253906,25000000.000
33533,2014,-16.601562,25000000.000
33534,2002,-22.460938,25000000.000
33535,2000,-23.437500,25000000.000
33536,1982,-32.226562,25000000.000
33537,1972,-37.109375,25000000.000
33538,1967,-39.550781,25000000.000
33539,1967,-39.550781,25000000.000
33540,1964,-41.015625,25000000.000
33541,1960,-42.968750,25000000.000
33542,1956,-44.921875,25000000.000
33543,1964,-41.015625,25000000.000
33544,1973,-36.621094,25000000.000
33545,1980,-33.203125,25000000.000
33546,1987,-29.785156,25000000.000
33547,1990,-28.320312,25000000.000
33548,2011,-18.066406,25000000.000
33549,2021,-13.183594,25000000.000
33550,2035,-6.347656,25000000.000
33551,2037,-5.371094,25000000.000
33552,2061,6.347656,25000000.000
33553,2074,12.695312,25000000.000
33554,2086,18.554688,25000000.000
33555,2087,19.042969,25000000.000
33556,2106,28.320312,25000000.000
33557,2114,32.226562,25000000.000
33558,2121,35.644531,25000000.000
33559,2120,35.156250,25000000.000
33560,2128,39.062500,25000000.000
33561,2128,39.062500,25000000.000
33562,2128,39.062500,25000000.000
33563,2127,38.574219,25000000.000
33564,2121,35.644531,25000000.000
33565,2115,32.714844,25000000.000
33566,2108,29.296875,25000000.000
33567,2107,28.808594,25000000.000
33568,2089,20.019531,25000000.000
33569,2076,13.671875,25000000.000
33570,2064,7.812500,25000000.000
33571,2063,7.324219,25000000.000
33572,2037,-5.371094,25000000.000
33573,2023,-12.207031,25000000.000
33574,2010,-18.554688,25000000.000
33575,2009,-19.042969,25000000.000
33576,1988,-29.296875,25000000.000
33577,1977,-34.667969,25000000.000
33578,1970,-38.085938,25000000.000
33579,1970,-38.085938,25000000.000
33580,1961,-42.480469,25000000.000
33581,1961,-42.480469,25000000.000
33582,1960,-42.968750,25000000.000
33583,1959,-43.457031,25000000.000
33584,1968,-39.062500,25000000.000
33585,1972,-37.109375,25000000.000
33586,1980,-33.203125,25000000.000
33587,1982,-32.226562,25000000.000
33588,2001,-22.949219,25000000.000
33589,2012,-17.578125,25000000.000
33590,2023,-12.207031,25000000.000
33591,2025,-11.230469,25000000.000
33592,2049,0.488281,25000000.000
33593,2062,6.835938,25000000.000
33594,2076,13.671875,25000000.000
33595,2076,13.671875,25000000.000
33596,2098,24.414062,25000000.000
33597,2107,28.808594,25000000.000
33598,2115,32.714844,25000000.000
33599,2116,33.203125,25000000.000
33600,2126,38.085938,25000000.000
33601,2129,39.550781,25000000.000
33602,2130,40.039062,25000000.000
33603,2129,39.550781,25000000.000
33604,2125,37.597656,25000000.000
33605,2121,35.644531,25000000.000
33606,2115,32.714844,25000000.000
33607,2114,32.226562,25000000.000
33608,2098,24.414062,25000000.000
33609,2087,19.042969,25000000.000
33610,2074,12.695312,25000000.000
33611,2074,12.695312,25000000.000
33612,2049,0.488281,25000000.000
33613,2036,-5.859375,25000000.000
33614,2022,-12.695312,25000000.000
33615,2021,-13.183594,25000000.000
33616,1998,-24.414062,25000000.000
33617,1987,-29.785156,25000000.000
33618,1978,-34.179688,25000000.000
33619,1977,-34.667969,25000000.000
33620,1965,-40.527344,25000000.000
33621,1960,-42.968750,25000000.000
33622,1959,-43.457031,25000000.000
33623,1959,-43.457031,25000000.000
33624,1962,-41.992188,25000000.000
33625,1967,-39.550781,25000000.000
33626,1975,-35.644531,25000000.000
33627,1975,-35.644531,25000000.000
33628,1992,-27.343750,25000000.000
33629,2002,-22.460938,25000000.000
33630,2015,-16.113281,25000000.000
33631,2014,-16.601562,25000000.000
33632,2040,-3.906250,25000000.000
33633,2052,1.953125,25000000.000
33634,2065,8.300781,25000000.000
33635,2066,8.789062,25000000.000
33636,2089,20.019531,25000000.000
33637,2099,24.902344,25000000.000
33638,2109,29.785156,25000000.000
33639,2109,29.785156,25000000.000
33640,2122,36.132812,25000000.000
33641,2127,38.574219,25000000.000
33642,2129,39.550781,25000000.000
33643,2129,39.550781,25000000.000
33644,2127,38.574219,25000000.000
33645,2125,37.597656,25000000.000
33646,2120,35.156250,25000000.000
33647,2119,34.667969,25000000.000
33648,2106,28.320312,25000000.000
33649,2097,23.925781,25000000.000
33650,2086,18.554688,25000000.000
33651,2084,17.578125,25000000.000
33652,2060,5.859375,25000000.000
33653,2048,0.000000,25000000.000
33654,2034,-6.835938,25000000.000
33655,2034,-6.835938,25000000.000
33656,2008,-19.531250,25000000.000
33657,1996,-25.390625,25000000.000
33658,1986,-30.273438,25000000.000
33659,1984,-31.250000,25000000.000
33660,1969,-38.574219,25000000.000
33661,1963,-41.503906,25000000.000
33662,1961,-42.480469,25000000.000
33663,1960,-42.968750,25000000.000
33664,1960,-42.968750,25000000.000
33665,1964,-41.015625,25000000.000
33666,1969,-38.574219,25000000.000
33667,1971,-37.597656,25000000.000
33668,1985,-30.761719,25000000.000
33669,1994,-26.367188,25000000.000
33670,2004,-21.484375,25000000.000
33671,2006,-20.507812,25000000.000
33672,2029,-9.277344,25000000.000
33673,2041,-3.417969,25000000.000
33674,2053,2.441406,25000000.000
33675,2056,3.906250,25000000.000
33676,2079,15.136719,25000000.000
33677,2091,20.996094,25000000.000
33678,2102,26.367188,25000000.000
33679,2103,26.855469,25000000.000
33680,2118,34.179688,25000000.000
33681,2123,36.621094,25000000.000
33682,2127,38.574219,25000000.000
33683,2127,38.574219,25000000.000
33684,2129,39.550781,25000000.000
33685,2127,38.574219,25000000.000
33686,2124,37.109375,25000000.000
33687,2123,36.621094,25000000.000
33688,2113,31.738281,25000000.000
33689,2104,27.343750,25000000.000
33690,2095,22.949219,25000000.000
33691,2094,22.460938,25000000.000
33692,2072,11.718750,25000000.000
33693,2058,4.882812,25000000.000
33694,2045,-1.464844,25000000.000
33695,2045,-1.464844,25000000.000
33696,2019,-14.160156,25000000.000
33697,2006,-20.507812,25000000.000
33698,1994,-26.367188,25000000.000
33699,1993,-26.855469,25000000.000
33700,1976,-35.156250,25000000.000
33701,1969,-38.574219,25000000.000
33702,1964,-41.015625,25000000.000
33703,1963,-41.503906,25000000.000
33704,1960,-42.968750,25000000.000
33705,1962,-41.992188,25000000.000
33706,1964,-41.015625,25000000.000
33707,1965,-40.527344,25000000.000
33708,1977,-34.667969,25000000.000
33709,1985,-30.761719,25000000.000
33710,1994,-26.367188,25000000.000
33711,1996,-25.390625,25000000.000
33712,2018,-14.648438,25000000.000
33713,2031,-8.300781,25000000.000
33714,2043,-2.441406,25000000.000
33715,2044,-1.953125,25000000.000
33716,2069,10.253906,25000000.000
33717,2082,16.601562,25000000.000
33718,2092,21.484375,25000000.000
33719,2093,21.972656,25000000.000
33720,2113,31.738281,25000000.000
33721,2118,34.179688,25000000.000
33722,2123,36.621094,25000000.000
33723,2124,37.109375,25000000.000
33724,2130,40.039062,25000000.000
33725,2130,40.039062,25000000.000
33726,2127,38.574219,25000000.000
33727,2128,39.062500,25000000.000
33728,2119,34.667969,25000000.000
33729,2112,31.250000,25000000.000
33730,2104,27.343750,25000000.000
33731,2102,26.367188,25000000.000
33732,2083,17.089844,25000000.000
33733,2070,10.742188,25000000.000
33734,2057,4.394531,25000000.000
33735,2056,3.906250,25000000.000
33736,2030,-8.789062,25000000.000
33737,2017,-15.136719,25000000.000
33738,2004,-21.484375,25000000.000
33739,2003,-21.972656,25000000.000
33740,1983,-31.738281,25000000.000
33741,1975,-35.644531,25000000.000
33742,1967,-39.550781,25000000.000
33743,1966,-40.039062,25000000.000
33744,1959,-43.457031,25000000.000
33745,1960,-42.968750,25000000.000
33746,1961,-42.480469,25000000.000
33747,1962,-41.992188,25000000.000
33748,1971,-37.597656,25000000.000
33749,1978,-34.179688,25000000.000
33750,1986,-30.273438,25000000.000
33751,1987,-29.785156,25000000.000
33752,2006,-20.507812,25000000.000
33753,2019,-14.160156,25000000.000
33754,2032,-7.812500,25000000.000
33755,2033,-7.324219,25000000.000
33756,2057,4.394531,25000000.000
33757,2070,10.742188,25000000.000
33758,2083,17.089844,25000000.000
33759,2083,17.089844,25000000.000
33760,2103,26.855469,25000000.000
33761,2112,31.250000,25000000.000
33762,2120,35.156250,25000000.000
33763,2120,35.156250,25000000.000
33764,2127,38.574219,25000000.000
33765,2129,39.550781,25000000.000
33766,2128,39.062500,25000000.000
33767,2129,39.550781,25000000.000
33768,2123,36.621094,25000000.000
33769,2117,33.691406,25000000.000
33770,2110,30.273438,25000000.000
33771,2109,29.785156,25000000.000
33772,2091,20.996094,25000000.000
33773,2079,15.136719,25000000.000
33774,2066,8.789062,25000000.000
33775,2066,8.789062,25000000.000
33776,2041,-3.417969,25000000.000
33777,2027,-10.253906,25000000.000
33778,2015,-16.113281,25000000.000
33779,2014,-16.601562,25000000.000
33780,1991,-27.832031,25000000.000
33781,1981,-32.714844,25000000.000
33782,1973,-36.621094,25000000.000
33783,1972,-37.109375,25000000.000
33784,1962,-41.992188,25000000.000
33785,1959,-43.457031,25000000.000
33786,1960,-42.968750,25000000.000
33787,1959,-43.457031,25000000.000
33788,1966,-40.039062,25000000.000
33789,1972,-37.109375,25000000.000
33790,1980,-33.203125,25000000.000
33791,1980,-33.203125,25000000.000
33792,1998,-24.414062,25000000.000
33793,2009,-19.042969,25000000.000
33794,2020,-13.671875,25000000.000
33795,2023,-12.207031,25000000.000
33796,2046,-0.976562,25000000.000
33797,2060,5.859375,25000000.000
33798,2072,11.718750,25000000.000
33799,2073,12.207031,25000000.000
33800,2095,22.949219,25000000.000
33801,2106,28.320312,25000000.000
33802,2113,31.738281,25000000.000
33803,2114,32.226562,25000000.000
33804,2125,37.597656,25000000.000
33805,2127,38.574219,25000000.000
33806,2129,39.550781,25000000.000
33807,2128,39.062500,25000000.000
33808,2126,38.085938,25000000.000
33809,2122,36.132812,25000000.000
33810,2117,33.691406,25000000.000
33811,2116,33.203125,25000000.000
33812,2100,25.390625,25000000.000
33813,2090,20.507812,25000000.000
33814,2080,15.625000,25000000.000
33815,2077,14.160156,25000000.000
33816,2053,2.441406,25000000.000
33817,2040,-3.906250,25000000.000
33818,2026,-10.742188,25000000.000
33819,2025,-11.230469,25000000.000
33820,2001,-22.949219,25000000.000
33821,1989,-28.808594,25000000.000
33822,1979,-33.691406,25000000.000
33823,1979,-33.691406,25000000.000
33824,1965,-40.527344,25000000.000
33825,1961,-42.480469,25000000.000
33826,1960,-42.968750,25000000.000
33827,1960,-42.968750,25000000.000
33828,1962,-41.992188,25000000.000
33829,1967,-39.550781,25000000.000
33830,1972,-37.109375,25000000.000
33831,1973,-36.621094,25000000.000
33832,1990,-28.320312,25000000.000
33833,2001,-22.949219,25000000.000
33834,2011,-18.066406,25000000.000
33835,2012,-17.578125,25000000.000
33836,2036,-5.859375,25000000.000
33837,2048,0.000000,25000000.000
33838,2062,6.835938,25000000.000
33839,2064,7.812500,25000000.000
33840,2085,18.066406,25000000.000
33841,2098,24.414062,25000000.000
33842,2107,28.808594,25000000.000
33843,2108,29.296875,25000000.000
33844,2120,35.156250,25000000.000
33845,2127,38.574219,25000000.000
33846,2128,39.062500,25000000.000
33847,2128,39.062500,25000000.000
33848,2129,39.550781,25000000.000
33849,2127,38.574219,25000000.000
33850,2121,35.644531,25000000.000
33851,2122,36.132812,25000000.000
33852,2108,29.296875,25000000.000
33853,2099,24.902344,25000000.000
33854,2088,19.531250,25000000.000
33855,2087,19.042969,25000000.000
33856,2064,7.812500,25000000.000
33857,2051,1.464844,25000000.000
33858,2037,-5.371094,25000000.000
33859,2036,-5.859375,25000000.000
33860,2011,-18.066406,25000000.000
33861,1999,-23.925781,25000000.000
33862,1989,-28.808594,25000000.000
33863,1988,-29.296875,25000000.000
33864,1971,-37.597656,25000000.000
33865,1966,-40.039062,25000000.000
33866,1962,-41.992188,25000000.000
33867,1962,-41.992188,25000000.000
33868,1961,-42.480469,25000000.000
33869,1963,-41.503906,25000000.000
33870,1967,-39.550781,25000000.000
33871,1967,-39.550781,25000000.000
33872,1982,-32.226562,25000000.000
33873,1990,-28.320312,25000000.000
33874,2001,-22.949219,25000000.000
33875,2002,-22.460938,25000000.000
33876,2025,-11.230469,25000000.000
33877,2038,-4.882812,25000000.000
33878,2051,1.464844,25000000.000
33879,2052,1.953125,25000000.000
33880,2076,13.671875,25000000.000
33881,2088,19.531250,25000000.000
33882,2099,24.902344,25000000.000
33883,2099,24.902344,25000000.000
33884,2115,32.714844,25000000.000
33885,2122,36.132812,25000000.000
33886,2126,38.085938,25000000.000
33887,2126,38.085938,25000000.000
33888,2131,40.527344,25000000.000
33889,2126,38.085938,25000000.000
33890,2126,38.085938,25000000.000
33891,2123,36.621094,25000000.000
33892,2117,33.691406,25000000.000
33893,2108,29.296875,25000000.000
33894,2098,24.414062,25000000.000
33895,2097,23.925781,25000000.000
33896,2076,13.671875,25000000.000
33897,2062,6.835938,25000000.000
33898,2049,0.488281,25000000.000
33899,2048,0.000000,25000000.000
33900,2023,-12.207031,25000000.000
33901,2010,-18.554688,25000000.000
33902,1997,-24.902344,25000000.000
33903,1997,-24.902344,25000000.000
33904,1977,-34.667969,25000000.000
33905,1970,-38.085938,25000000.000
33906,1965,-40.527344,25000000.000
33907,1964,-41.015625,25000000.000
33908,1962,-41.992188,25000000.000
33909,1959,-43.457031,25000000.000
33910,1964,-41.015625,25000000.000
33911,1965,-40.527344,25000000.000
33912,1975,-35.644531,25000000.000
33913,1983,-31.738281,25000000.000
33914,1993,-26.855469,25000000.000
33915,1992,-27.343750,25000000.000
33916,2015,-16.113281,25000000.000
33917,2027,-10.253906,25000000.000
33918,2040,-3.906250,25000000.000
33919,2042,-2.929688,25000000.000
33920,2067,9.277344,25000000.000
33921,2078,14.648438,25000000.000
33922,2091,20.996094,25000000.000
33923,2092,21.484375,25000000.000
33924,2110,30.273438,25000000.000
33925,2117,33.691406,25000000.000
33926,2123,36.621094,25000000.000
33927,2124,37.109375,25000000.000
33928,2130,40.039062,25000000.000
33929,2129,39.550781,25000000.000
33930,2128,39.062500,25000000.000
33931,2127,38.574219,25000000.000
33932,2122,36.132812,25000000.000
33933,2114,32.226562,25000000.000
33934,2105,27.832031,25000000.000
33935,2103,26.855469,25000000.000
33936,2084,17.578125,25000000.000
33937,2073,12.207031,25000000.000
33938,2060,5.859375,25000000.000
33939,2058,4.882812,25000000.000
33940,2033,-7.324219,25000000.000
33941,2018,-14.648438,25000000.000
33942,2006,-20.507812,25000000.000
33943,2005,-20.996094,25000000.000
33944,1985,-30.761719,25000000.000
33945,1976,-35.156250,25000000.000
33946,1968,-39.062500,25000000.000
33947,1967,-39.550781,25000000.000
33948,1961,-42.480469,25000000.000
33949,1959,-43.457031,25000000.000
33950,1959,-43.457031,25000000.000
33951,1960,-42.968750,25000000.000
33952,1968,-39.062500,25000000.000
33953,1975,-35.644531,25000000.000
33954,1984,-31.250000,25000000.000
33955,1984,-31.250000,25000000.000
33956,2005,-20.996094,25000000.000
33957,2017,-15.136719,25000000.000
33958,2029,-9.277344,25000000.000
33959,2030,-8.789062,25000000.000
33960,2055,3.417969,25000000.000
33961,2067,9.277344,25000000.000
33962,2080,15.625000,25000000.000
33963,2082,16.601562,25000000.000
33964,2102,26.367188,25000000.000
33965,2111,30.761719,25000000.000
33966,2117,33.691406,25000000.000
33967,2118,34.179688,25000000.000
33968,2126,38.085938,25000000.000
33969,2128,39.062500,25000000.000
33970,2128,39.062500,25000000.000
33971,2129,39.550781,25000000.000
33972,2124,37.109375,25000000.000
33973,2118,34.179688,25000000.000
33974,2111,30.761719,25000000.000
33975,2110,30.273438,25000000.000
33976,2094,22.460938,25000000.000
33977,2082,16.601562,25000000.000
33978,2071,11.230469,25000000.000
33979,2070,10.742188,25000000.000
33980,2045,-1.464844,25000000.000
33981,2031,-8.300781,25000000.000
33982,2017,-15.136719,25000000.000
33983,2016,-15.625000,25000000.000
33984,1993,-26.855469,25000000.000
33985,1984,-31.250000,25000000.000
33986,1975,-35.644531,25000000.000
33987,1975,-35.644531,25000000.000
33988,1962,-41.992188,25000000.000
33989,1961,-42.480469,25000000.000
33990,1960,-42.968750,25000000.000
33991,1960,-42.968750,25000000.000
33992,1965,-40.527344,25000000.000
33993,1969,-38.574219,25000000.000
33994,1976,-35.156250,25000000.000
33995,1977,-34.667969,25000000.000
33996,1995,-25.878906,25000000.000
33997,2005,-20.996094,25000000.000
33998,2018,-14.648438,25000000.000
33999,2019,-14.160156,25000000.000
34000,2043,-2.441406,25000000.000
34001,2057,4.394531,25000000.000
34002,2070,10.742188,25000000.000
34003,2070,10.742188,25000000.000
34004,2093,21.972656,25000000.000
34005,2102,26.367188,25000000.000
34006,2112,31.250000,25000000.000
34007,2112,31.250000,25000000.000
34008,2124,37.109375,25000000.000
34009,2127,38.574219,25000000.000
34010,2129,39.550781,25000000.000
34011,2129,39.550781,25000000.000
34012,2127,38.574219,25000000.000
34013,2124,37.109375,25000000.000
34014,2118,34.179688,25000000.000
34015,2118,34.179688,25000000.000
34016,2104,27.343750,25000000.000
34017,2093,21.972656,25000000.000
34018,2082,16.601562,25000000.000
34019,2081,16.113281,25000000.000
34020,2056,3.906250,25000000.000
34021,2044,-1.953125,25000000.000
34022,2029,-9.277344,25000000.000
34023,2028,-9.765625,25000000.000
34024,2004,-21.484375,25000000.000
34025,1992,-27.343750,25000000.000
34026,1983,-31.738281,25000000.000
34027,1981,-32.714844,25000000.000
34028,1968,-39.062500,25000000.000
34029,1964,-41.015625,25000000.000
34030,1961,-42.480469,25000000.000
34031,1960,-42.968750,25000000.000
34032,1962,-41.992188,25000000.000
34033,1965,-40.527344,25000000.000
34034,1971,-37.597656,25000000.000
34035,1971,-37.597656,25000000.000
34036,1987,-29.785156,25000000.000
34037,1996,-25.390625,25000000.000
34038,2008,-19.531250,25000000.000
34039,2009,-19.042969,25000000.000
34040,2033,-7.324219,25000000.000
34041,2045,-1.464844,25000000.000
34042,2058,4.882812,25000000.000
34043,2061,6.347656,25000000.000
34044,2084,17.578125,25000000.000
34045,2096,23.437500,25000000.000
34046,2106,28.320312,25000000.000
34047,2106,28.320312,25000000.000
34048,2119,34.667969,25000000.000
34049,2125,37.597656,25000000.000
34050,2128,39.062500,25000000.000
34051,2128,39.062500,25000000.000
34052,2129,39.550781,25000000.000
34053,2127,38.574219,25000000.000
34054,2122,36.132812,25000000.000
34055,2122,36.132812,25000000.000
34056,2110,30.273438,25000000.000
34057,2102,26.367188,25000000.000
34058,2092,21.484375,25000000.000
34059,2090,20.507812,25000000.000
34060,2068,9.765625,25000000.000
34061,2054,2.929688,25000000.000
34062,2041,-3.417969,25000000.000
34063,2040,-3.906250,25000000.000
34064,2015,-16.113281,25000000.000
34065,2001,-22.949219,25000000.000
34066,1990,-28.320312,25000000.000
34067,1990,-28.320312,25000000.000
34068,1973,-36.621094,25000000.000
34069,1966,-40.039062,25000000.000
34070,1962,-41.992188,25000000.000
34071,1962,-41.992188,25000000.000
34072,1960,-42.968750,25000000.000
34073,1962,-41.992188,25000000.000
34074,1965,-40.527344,25000000.000
34075,1967,-39.550781,25000000.000
34076,1979,-33.691406,25000000.000
34077,1988,-29.296875,25000000.000
34078,1998,-24.414062,25000000.000
34079,1999,-23.925781,25000000.000
34080,2022,-12.695312,25000000.000
34081,2033,-7.324219,25000000.000
34082,2048,0.000000,25000000.000
34083,2048,0.000000,25000000.000
34084,2073,12.207031,25000000.000
34085,2086,18.554688,25000000.000
34086,2097,23.925781,25000000.000
34087,2097,23.925781,25000000.000
34088,2114,32.226562,25000000.000
34089,2120,35.156250,25000000.000
34090,2125,37.597656,25000000.000
34091,2125,37.597656,25000000.000
34092,2132,41.015625,25000000.000
34093,2129,39.550781,25000000.000
34094,2125,37.597656,25000000.000
34095,2126,38.085938,25000000.000
34096,2117,33.691406,25000000.000
34097,2109,29.785156,25000000.000
34098,2100,25.390625,25000000.000
34099,2099,24.902344,25000000.000
34100,2078,14.648438,25000000.000
34101,2065,8.300781,25000000.000
34102,2052,1.953125,25000000.000
34103,2051,1.464844,25000000.000
34104,2025,-11.230469,25000000.000
34105,2011,-18.066406,25000000.000
34106,1999,-23.925781,25000000.000
34107,1999,-23.925781,25000000.000
34108,1979,-33.691406,25000000.000
34109,1972,-37.109375,25000000.000
34110,1965,-40.527344,25000000.000
34111,1964,-41.015625,25000000.000
34112,1959,-43.457031,25000000.000
34113,1960,-42.968750,25000000.000
34114,1962,-41.992188,25000000.000
34115,1962,-41.992188,25000000.000
34116,1972,-37.109375,25000000.000
34117,1980,-33.203125,25000000.000
34118,1989,-28.808594,25000000.000
34119,1990,-28.320312,25000000.000
34120,2010,-18.554688,25000000.000
34121,2023,-12.207031,25000000.000
34122,2035,-6.347656,25000000.000
34123,2037,-5.371094,25000000.000
34124,2063,7.324219,25000000.000
34125,2075,13.183594,25000000.000
34126,2087,19.042969,25000000.000
34127,2086,18.554688,25000000.000
34128,2108,29.296875,25000000.000
34129,2117,33.691406,25000000.000
34130,2122,36.132812,25000000.000
34131,2122,36.132812,25000000.000
34132,2128,39.062500,25000000.000
34133,2128,39.062500,25000000.000
34134,2127,38.574219,25000000.000
34135,2126,38.085938,25000000.000
34136,2121,35.644531,25000000.000
34137,2115,32.714844,25000000.000
34138,2107,28.808594,25000000.000
34139,2106,28.320312,25000000.000
34140,2088,19.531250,25000000.000
34141,2076,13.671875,25000000.000
34142,2062,6.835938,25000000.000
34143,2062,6.835938,25000000.000
34144,2036,-5.859375,25000000.000
34145,2022,-12.695312,25000000.000
34146,2009,-19.042969,25000000.000
34147,2008,-19.531250,25000000.000
34148,1986,-30.273438,25000000.000
34149,1978,-34.179688,25000000.000
34150,1970,-38.085938,25000000.000
34151,1969,-38.574219,25000000.000
34152,1960,-42.968750,25000000.000
34153,1959,-43.457031,25000000.000
34154,1960,-42.968750,25000000.000
34155,1959,-43.457031,25000000.000
34156,1968,-39.062500,25000000.000
34157,1974,-36.132812,25000000.000
34158,1982,-32.226562,25000000.000
34159,1983,-31.738281,25000000.000
34160,2002,-22.460938,25000000.000
34161,2012,-17.578125,25000000.000
34162,2024,-11.718750,25000000.000
34163,2027,-10.253906,25000000.000
34164,2051,1.464844,25000000.000
34165,2066,8.789062,25000000.000
34166,2077,14.160156,25000000.000
34167,2078,14.648438,25000000.000
34168,2099,24.902344,25000000.000
34169,2108,29.296875,25000000.000
34170,2115,32.714844,25000000.000
34171,2117,33.691406,25000000.000
34172,2125,37.597656,25000000.000
34173,2128,39.062500,25000000.000
34174,2129,39.550781,25000000.000
34175,2129,39.550781,25000000.000
34176,2125,37.597656,25000000.000
34177,2120,35.156250,25000000.000
34178,2115,32.714844,25000000.000
34179,2112,31.250000,25000000.000
34180,2097,23.925781,25000000.000
34181,2085,18.066406,25000000.000
34182,2074,12.695312,25000000.000
34183,2072,11.718750,25000000.000
34184,2048,0.000000,25000000.000
34185,2035,-6.347656,25000000.000
34186,2021,-13.183594,25000000.000
34187,2021,-13.183594,25000000.000
34188,1997,-24.902344,25000000.000
34189,1986,-30.273438,25000000.000
34190,1976,-35.156250,25000000.000
34191,1975,-35.644531,25000000.000
34192,1965,-40.527344,25000000.000
34193,1961,-42.480469,25000000.000
34194,1959,-43.457031,25000000.000
34195,1959,-43.457031,25000000.000
34196,1963,-41.503906,25000000.000
34197,1968,-39.062500,25000000.000
34198,1975,-35.644531,25000000.000
34199,1975,-35.644531,25000000.000
34200,1992,-27.343750,25000000.000
34201,2002,-22.460938,25000000.000
34202,2015,-16.113281,25000000.000
34203,2016,-15.625000,25000000.000
34204,2040,-3.906250,25000000.000
34205,2053,2.441406,25000000.000
34206,2067,9.277344,25000000.000
34207,2068,9.765625,25000000.000
34208,2091,20.996094,25000000.000
34209,2100,25.390625,25000000.000
34210,2111,30.761719,25000000.000
34211,2111,30.761719,25000000.000
34212,2124,37.109375,25000000.000
34213,2127,38.574219,25000000.000
34214,2129,39.550781,25000000.000
34215,2128,39.062500,25000000.000
34216,2127,38.574219,25000000.000
34217,2125,37.597656,25000000.000
34218,2120,35.156250,25000000.000
34219,2119,34.667969,25000000.000
34220,2105,27.832031,25000000.000
34221,2095,22.949219,25000000.000
34222,2084,17.578125,25000000.000
34223,2083,17.089844,25000000.000
34224,2059,5.371094,25000000.000
34225,2046,-0.976562,25000000.000
34226,2033,-7.324219,25000000.000
34227,2032,-7.812500,25000000.000
34228,2007,-20.019531,25000000.000
34229,1994,-26.367188,25000000.000
34230,1985,-30.761719,25000000.000
34231,1984,-31.250000,25000000.000
34232,1969,-38.574219,25000000.000
34233,1965,-40.527344,25000000.000
34234,1961,-42.480469,25000000.000
34235,1962,-41.992188,25000000.000
34236,1962,-41.992188,25000000.000
34237,1967,-39.550781,25000000.000
34238,1975,-35.644531,25000000.000
34239,1969,-38.574219,25000000.000
34240,1983,-31.738281,25000000.000
34241,1996,-25.390625,25000000.000
34242,2007,-20.019531,25000000.000
34243,2007,-20.019531,25000000.000
34244,2030,-8.789062,25000000.000
34245,2043,-2.441406,25000000.000
34246,2056,3.906250,25000000.000
34247,2058,4.882812,25000000.000
34248,2081,16.113281,25000000.000
34249,2093,21.972656,25000000.000
34250,2103,26.855469,25000000.000
34251,2104,27.343750,25000000.000
34252,2119,34.667969,25000000.000
34253,2125,37.597656,25000000.000
34254,2127,38.574219,25000000.000
34255,2128,39.062500,25000000.000
34256,2130,40.039062,25000000.000
34257,2128,39.062500,25000000.000
34258,2125,37.597656,25000000.000
34259,2123,36.621094,25000000.000
34260,2112,31.250000,25000000.000
34261,2104,27.343750,25000000.000
34262,2094,22.460938,25000000.000
34263,2092,21.484375,25000000.000
34264,2070,10.742188,25000000.000
34265,2057,4.394531,25000000.000
34266,2043,-2.441406,25000000.000
34267,2042,-2.929688,25000000.000
34268,2017,-15.136719,25000000.000
34269,2005,-20.996094,25000000.000
34270,1994,-26.367188,25000000.000
34271,1993,-26.855469,25000000.000
34272,1976,-35.156250,25000000.000
34273,1968,-39.062500,25000000.000
34274,1964,-41.015625,25000000.000
34275,1963,-41.503906,25000000.000
34276,1961,-42.480469,25000000.000
34277,1962,-41.992188,25000000.000
34278,1965,-40.527344,25000000.000
34279,1965,-40.527344,25000000.000
34280,1977,-34.667969,25000000.000
34281,1986,-30.273438,25000000.000
34282,1995,-25.878906,25000000.000
34283,1996,-25.390625,25000000.000
34284,2019,-14.160156,25000000.000
34285,2032,-7.812500,25000000.000
34286,2044,-1.953125,25000000.000
34287,2045,-1.464844,25000000.000
34288,2070,10.742188,25000000.000
34289,2082,16.601562,25000000.000
34290,2094,22.460938,25000000.000
34291,2095,22.949219,25000000.000
34292,2113,31.738281,25000000.000
34293,2119,34.667969,25000000.000
34294,2124,37.109375,25000000.000
34295,2125,37.597656,25000000.000
34296,2130,40.039062,25000000.000
34297,2129,39.550781,25000000.000
34298,2127,38.574219,25000000.000
34299,2127,38.574219,25000000.000
34300,2118,34.179688,25000000.000
34301,2111,30.761719,25000000.000
34302,2103,26.855469,25000000.000
34303,2101,25.878906,25000000.000
34304,2081,16.113281,25000000.000
34305,2069,10.253906,25000000.000
34306,2055,3.417969,25000000.000
34307,2054,2.929688,25000000.000
34308,2029,-9.277344,25000000.000
34309,2015,-16.113281,25000000.000
34310,2004,-21.484375,25000000.000
34311,2002,-22.460938,25000000.000
34312,1981,-32.714844,25000000.000
34313,1973,-36.621094,25000000.000
34314,1966,-40.039062,25000000.000
34315,1965,-40.527344,25000000.000
34316,1959,-43.457031,25000000.000
34317,1959,-43.457031,25000000.000
34318,1960,-42.968750,25000000.000
34319,1961,-42.480469,25000000.000
34320,1969,-38.574219,25000000.000
34321,1977,-34.667969,25000000.000
34322,1987,-29.785156,25000000.000
34323,1987,-29.785156,25000000.000
34324,2007,-20.019531,25000000.000
34325,2020,-13.671875,25000000.000
34326,2033,-7.324219,25000000.000
34327,2034,-6.835938,25000000.000
34328,2059,5.371094,25000000.000
34329,2072,11.718750,25000000.000
34330,2083,17.089844,25000000.000
34331,2085,18.066406,25000000.000
34332,2105,27.832031,25000000.000
34333,2114,32.226562,25000000.000
34334,2120,35.156250,25000000.000
34335,2121,35.644531,25000000.000
34336,2128,39.062500,25000000.000
34337,2129,39.550781,25000000.000
34338,2130,40.039062,25000000.000
34339,2128,39.062500,25000000.000
34340,2122,36.132812,25000000.000
34341,2117,33.691406,25000000.000
34342,2109,29.785156,25000000.000
34343,2109,29.785156,25000000.000
34344,2089,20.019531,25000000.000
34345,2078,14.648438,25000000.000
34346,2066,8.789062,25000000.000
34347,2064,7.812500,25000000.000
34348,2039,-4.394531,25000000.000
34349,2025,-11.230469,25000000.000
34350,2012,-17.578125,25000000.000
34351,2012,-17.578125,25000000.000
34352,1989,-28.808594,25000000.000
34353,1979,-33.691406,25000000.000
34354,1972,-37.109375,25000000.000
34355,1971,-37.597656,25000000.000
34356,1962,-41.992188,25000000.000
34357,1961,-42.480469,25000000.000
34358,1961,-42.480469,25000000.000
34359,1960,-42.968750,25000000.000
34360,1966,-40.039062,25000000.000
34361,1971,-37.597656,25000000.000
34362,1980,-33.203125,25000000.000
34363,1980,-33.203125,25000000.000
34364,1998,-24.414062,25000000.000
34365,2009,-19.042969,25000000.000
34366,2022,-12.695312,25000000.000
34367,2023,-12.207031,25000000.000
34368,2048,0.000000,25000000.000
34369,2061,6.347656,25000000.000
34370,2076,13.671875,25000000.000
34371,2074,12.695312,25000000.000
34372,2097,23.925781,25000000.000
34373,2106,28.320312,25000000.000
34374,2114,32.226562,25000000.000
34375,2115,32.714844,25000000.000
34376,2125,37.597656,25000000.000
34377,2128,39.062500,25000000.000
34378,2128,39.062500,25000000.000
34379,2127,38.574219,25000000.000
34380,2125,37.597656,25000000.000
34381,2121,35.644531,25000000.000
34382,2115,32.714844,25000000.000
34383,2115,32.714844,25000000.000
34384,2100,25.390625,25000000.000
34385,2089,20.019531,25000000.000
34386,2077,14.160156,25000000.000
34387,2076,13.671875,25000000.000
34388,2051,1.464844,25000000.000
34389,2038,-4.882812,25000000.000
34390,2025,-11.230469,25000000.000
34391,2023,-12.207031,25000000.000
34392,1998,-24.414062,25000000.000
34393,1987,-29.785156,25000000.000
34394,1978,-34.179688,25000000.000
34395,1976,-35.156250,25000000.000
34396,1966,-40.039062,25000000.000
34397,1962,-41.992188,25000000.000
34398,1959,-43.457031,25000000.000
34399,1960,-42.968750,25000000.000
34400,1962,-41.992188,25000000.000
34401,1967,-39.550781,25000000.000
34402,1973,-36.621094,25000000.000
34403,1973,-36.621094,25000000.000
34404,1990,-28.320312,25000000.000
34405,2000,-23.437500,25000000.000
34406,2011,-18.066406,25000000.000
34407,2013,-17.089844,25000000.000
34408,2037,-5.371094,25000000.000
34409,2050,0.976562,25000000.000
34410,2063,7.324219,25000000.000
34411,2065,8.300781,25000000.000
34412,2089,20.019531,25000000.000
34413,2099,24.902344,25000000.000
34414,2108,29.296875,25000000.000
34415,2109,29.785156,25000000.000
34416,2122,36.132812,25000000.000
34417,2126,38.085938,25000000.000
34418,2129,39.550781,25000000.000
34419,2129,39.550781,25000000.000
34420,2128,39.062500,25000000.000
34421,2126,38.085938,25000000.000
34422,2122,36.132812,25000000.000
34423,2123,36.621094,25000000.000
34424,2108,29.296875,25000000.000
34425,2099,24.902344,25000000.000
34426,2087,19.042969,25000000.000
34427,2086,18.554688,25000000.000
34428,2063,7.324219,25000000.000
34429,2049,0.488281,25000000.000
34430,2034,-6.835938,25000000.000
34431,2034,-6.835938,25000000.000
34432,2009,-19.042969,25000000.000
34433,1998,-24.414062,25000000.000
34434,1986,-30.273438,25000000.000
34435,1986,-30.273438,25000000.000
34436,1971,-37.597656,25000000.000
34437,1965,-40.527344,25000000.000
34438,1962,-41.992188,25000000.000
34439,1962,-41.992188,25000000.000
34440,1962,-41.992188,25000000.000
34441,1965,-40.527344,25000000.000
34442,1969,-38.574219,25000000.000
34443,1969,-38.574219,25000000.000
34444,1982,-32.226562,25000000.000
34445,1992,-27.343750,25000000.000
34446,2002,-22.460938,25000000.000
34447,2003,-21.972656,25000000.000
34448,2025,-11.230469,25000000.000
34449,2040,-3.906250,25000000.000
34450,2052,1.953125,25000000.000
34451,2054,2.929688,25000000.000
34452,2079,15.136719,25000000.000
34453,2090,20.507812,25000000.000
34454,2100,25.390625,25000000.000
34455,2102,26.367188,25000000.000
34456,2117,33.691406,25000000.000
34457,2123,36.621094,25000000.000
34458,2126,38.085938,25000000.000
34459,2126,38.085938,25000000.000
34460,2130,40.039062,25000000.000
34461,2127,38.574219,25000000.000
34462,2124,37.109375,25000000.000
34463,2124,37.109375,25000000.000
34464,2114,32.226562,25000000.000
34465,2105,27.832031,25000000.000
34466,2096,23.437500,25000000.000
34467,2095,22.949219,25000000.000
34468,2074,12.695312,25000000.000
34469,2060,5.859375,25000000.000
34470,2047,-0.488281,25000000.000
34471,2045,-1.464844,25000000.000
34472,2020,-13.671875,25000000.000
34473,2008,-19.531250,25000000.000
34474,1996,-25.390625,25000000.000
34475,1995,-25.878906,25000000.000
34476,1976,-35.156250,25000000.000
34477,1969,-38.574219,25000000.000
34478,1964,-41.015625,25000000.000
34479,1963,-41.503906,25000000.000
34480,1960,-42.968750,25000000.000
34481,1961,-42.480469,25000000.000
34482,1964,-41.015625,25000000.000
34483,1965,-40.527344,25000000.000
34484,1976,-35.156250,25000000.000
34485,1983,-31.738281,25000000.000
34486,1994,-26.367188,25000000.000
34487,1994,-26.367188,25000000.000
34488,2016,-15.625000,25000000.000
34489,2028,-9.765625,25000000.000
34490,2042,-2.929688,25000000.000
34491,2042,-2.929688,25000000.000
34492,2067,9.277344,25000000.000
34493,2079,15.136719,25000000.000
34494,2091,20.996094,25000000.000
34495,2092,21.484375,25000000.000
34496,2111,30.761719,25000000.000
34497,2118,34.179688,25000000.000
34498,2123,36.621094,25000000.000
34499,2124,37.109375,25000000.000
34500,2129,39.550781,25000000.000
34501,2129,39.550781,25000000.000
34502,2127,38.574219,25000000.000
34503,2127,38.574219,25000000.000
34504,2119,34.667969,25000000.000
34505,2113,31.738281,25000000.000
34506,2105,27.832031,25000000.000
34507,2104,27.343750,25000000.000
34508,2083,17.089844,25000000.000
34509,2071,11.230469,25000000.000
34510,2058,4.882812,25000000.000
34511,2057,4.394531,25000000.000
34512,2032,-7.812500,25000000.000
34513,2018,-14.648438,25000000.000
34514,2005,-20.996094,25000000.000
34515,2004,-21.484375,25000000.000
34516,1983,-31.738281,25000000.000
34517,1975,-35.644531,25000000.000
34518,1968,-39.062500,25000000.000
34519,1968,-39.062500,25000000.000
34520,1961,-42.480469,25000000.000
34521,1960,-42.968750,25000000.000
34522,1961,-42.480469,25000000.000
34523,1961,-42.480469,25000000.000
34524,1970,-38.085938,25000000.000
34525,1976,-35.156250,25000000.000
34526,1984,-31.250000,25000000.000
34527,1986,-30.273438,25000000.000
34528,2004,-21.484375,25000000.000
34529,2017,-15.136719,25000000.000
34530,2030,-8.789062,25000000.000
34531,2031,-8.300781,25000000.000
34532,2056,3.906250,25000000.000
34533,2069,10.253906,25000000.000
34534,2081,16.113281,25000000.000
34535,2082,16.601562,25000000.000
34536,2102,26.367188,25000000.000
34537,2112,31.250000,25000000.000
34538,2119,34.667969,25000000.000
34539,2119,34.667969,25000000.000
34540,2127,38.574219,25000000.000
34541,2128,39.062500,25000000.000
34542,2129,39.550781,25000000.000
34543,2128,39.062500,25000000.000
34544,2122,36.132812,25000000.000
34545,2117,33.691406,25000000.000
34546,2111,30.761719,25000000.000
34547,2110,30.273438,25000000.000
34548,2093,21.972656,25000000.000
34549,2081,16.113281,25000000.000
34550,2069,10.253906,25000000.000
34551,2068,9.765625,25000000.000
34552,2044,-1.953125,25000000.000
34553,2030,-8.789062,25000000.000
34554,2016,-15.625000,25000000.000
34555,2014,-16.601562,25000000.000
34556,1992,-27.343750,25000000.000
34557,1983,-31.738281,25000000.000
34558,1973,-36.621094,25000000.000
34559,1973,-36.621094,25000000.000
34560,1962,-41.992188,25000000.000
34561,1960,-42.968750,25000000.000
34562,1960,-42.968750,25000000.000
34563,1959,-43.457031,25000000.000
34564,1965,-40.527344,25000000.000
34565,1970,-38.085938,25000000.000
34566,1978,-34.179688,25000000.000
34567,1977,-34.667969,25000000.000
34568,1996,-25.390625,25000000.000
34569,2006,-20.507812,25000000.000
34570,2020,-13.671875,25000000.000
34571,2020,-13.671875,25000000.000
34572,2046,-0.976562,25000000.000
34573,2058,4.882812,25000000.000
34574,2071,11.230469,25000000.000
34575,2072,11.718750,25000000.000
34576,2094,22.460938,25000000.000
34577,2104,27.343750,25000000.000
34578,2112,31.250000,25000000.000
34579,2113,31.738281,25000000.000
34580,2125,37.597656,25000000.000
34581,2129,39.550781,25000000.000
34582,2129,39.550781,25000000.000
34583,2129,39.550781,25000000.000
34584,2127,38.574219,25000000.000
34585,2123,36.621094,25000000.000
34586,2119,34.667969,25000000.000
34587,2114,32.226562,25000000.000
34588,2100,25.390625,25000000.000
34589,2090,20.507812,25000000.000
34590,2080,15.625000,25000000.000
34591,2078,14.648438,25000000.000
34592,2053,2.441406,25000000.000
34593,2040,-3.906250,25000000.000
34594,2026,-10.742188,25000000.000
34595,2025,-11.230469,25000000.000
34596,2002,-22.460938,25000000.000
34597,1991,-27.832031,25000000.000
34598,1981,-32.714844,25000000.000
34599,1979,-33.691406,25000000.000
34600,1968,-39.062500,25000000.000
34601,1963,-41.503906,25000000.000
34602,1960,-42.968750,25000000.000
34603,1960,-42.968750,25000000.000
34604,1961,-42.480469,25000000.000
34605,1966,-40.039062,25000000.000
34606,1972,-37.109375,25000000.000
34607,1972,-37.109375,25000000.000
34608,1989,-28.808594,25000000.000
34609,1999,-23.925781,25000000.000
34610,2010,-18.554688,25000000.000
34611,2011,-18.066406,25000000.000
34612,2034,-6.835938,25000000.000
34613,2048,0.000000,25000000.000
34614,2061,6.347656,25000000.000
34615,2062,6.835938,25000000.000
34616,2085,18.066406,25000000.000
34617,2097,23.925781,25000000.000
34618,2107,28.808594,25000000.000
34619,2107,28.808594,25000000.000
34620,2120,35.156250,25000000.000
34621,2125,37.597656,25000000.000
34622,2129,39.550781,25000000.000
34623,2128,39.062500,25000000.000
34624,2128,39.062500,25000000.000
34625,2127,38.574219,25000000.000
34626,2122,36.132812,25000000.000
34627,2121,35.644531,25000000.000
34628,2110,30.273438,25000000.000
34629,2101,25.878906,25000000.000
34630,2090,20.507812,25000000.000
34631,2087,19.042969,25000000.000
34632,2066,8.789062,25000000.000
34633,2053,2.441406,25000000.000
34634,2039,-4.394531,25000000.000
34635,2037,-5.371094,25000000.000
34636,2012,-17.578125,25000000.000
34637,2001,-22.949219,25000000.000
34638,1991,-27.832031,25000000.000
34639,1989,-28.808594,25000000.000
34640,1973,-36.621094,25000000.000
34641,1967,-39.550781,25000000.000
34642,1963,-41.503906,25000000.000
34643,1963,-41.503906,25000000.000
34644,1961,-42.480469,25000000.000
34645,1963,-41.503906,25000000.000
34646,1967,-39.550781,25000000.000
34647,1968,-39.062500,25000000.000
34648,1981,-32.714844,25000000.000
34649,1990,-28.320312,25000000.000
34650,1999,-23.925781,25000000.000
34651,2001,-22.949219,25000000.000
34652,2025,-11.230469,25000000.000
34653,2037,-5.371094,25000000.000
34654,2049,0.488281,25000000.000
34655,2050,0.976562,25000000.000
34656,2075,13.183594,25000000.000
34657,2086,18.554688,25000000.000
34658,2099,24.902344,25000000.000
34659,2098,24.414062,25000000.000
34660,2115,32.714844,25000000.000
34661,2120,35.156250,25000000.000
34662,2125,37.597656,25000000.000
34663,2126,38.085938,25000000.000
34664,2129,39.550781,25000000.000
34665,2128,39.062500,25000000.000
34666,2126,38.085938,25000000.000
34667,2127,38.574219,25000000.000
34668,2116,33.203125,25000000.000
34669,2108,29.296875,25000000.000
34670,2100,25.390625,25000000.000
34671,2097,23.925781,25000000.000
34672,2077,14.160156,25000000.000
34673,2064,7.812500,25000000.000
34674,2051,1.464844,25000000.000
34675,2049,0.488281,25000000.000
34676,2024,-11.718750,25000000.000
34677,2011,-18.066406,25000000.000
34678,1998,-24.414062,25000000.000
34679,1997,-24.902344,25000000.000
34680,1979,-33.691406,25000000.000
34681,1971,-37.597656,25000000.000
34682,1966,-40.039062,25000000.000
34683,1965,-40.527344,25000000.000
34684,1959,-43.457031,25000000.000
34685,1961,-42.480469,25000000.000
34686,1962,-41.992188,25000000.000
34687,1963,-41.503906,25000000.000
34688,1973,-36.621094,25000000.000
34689,1981,-32.714844,25000000.000
34690,1990,-28.320312,25000000.000
34691,1991,-27.832031,25000000.000
34692,2011,-18.066406,25000000.000
34693,2025,-11.230469,25000000.000
34694,2038,-4.882812,25000000.000
34695,2039,-4.394531,25000000.000
34696,2064,7.812500,25000000.000
34697,2076,13.671875,25000000.000
34698,2088,19.531250,25000000.000
34699,2089,20.019531,25000000.000
34700,2108,29.296875,25000000.000
34701,2116,33.203125,25000000.000
34702,2122,36.132812,25000000.000
34703,2123,36.621094,25000000.000
34704,2127,38.574219,25000000.000
34705,2129,39.550781,25000000.000
34706,2128,39.062500,25000000.000
34707,2127,38.574219,25000000.000
34708,2120,35.156250,25000000.000
34709,2113,31.738281,25000000.000
34710,2107,28.808594,25000000.000
34711,2105,27.832031,25000000.000
34712,2085,18.066406,25000000.000
34713,2074,12.695312,25000000.000
34714,2061,6.347656,25000000.000
34715,2060,5.859375,25000000.000
34716,2034,-6.835938,25000000.000
34717,2020,-13.671875,25000000.000
34718,2008,-19.531250,25000000.000
34719,2007,-20.019531,25000000.000
34720,1985,-30.761719,25000000.000
34721,1976,-35.156250,25000000.000
34722,1970,-38.085938,25000000.000
34723,1969,-38.574219,25000000.000
34724,1960,-42.968750,25000000.000
34725,1958,-43.945312,25000000.000
34726,1960,-42.968750,25000000.000
34727,1960,-42.968750,25000000.000
34728,1968,-39.062500,25000000.000
34729,1974,-36.132812,25000000.000
34730,1983,-31.738281,25000000.000
34731,1983,-31.738281,25000000.000
34732,2002,-22.460938,25000000.000
34733,2014,-16.601562,25000000.000
34734,2027,-10.253906,25000000.000
34735,2029,-9.277344,25000000.000
34736,2053,2.441406,25000000.000
34737,2066,8.789062,25000000.000
34738,2078,14.648438,25000000.000
34739,2079,15.136719,25000000.000
34740,2100,25.390625,25000000.000
34741,2109,29.785156,25000000.000
34742,2117,33.691406,25000000.000
34743,2118,34.179688,25000000.000
34744,2126,38.085938,25000000.000
34745,2128,39.062500,25000000.000
34746,2129,39.550781,25000000.000
34747,2129,39.550781,25000000.000
34748,2124,37.109375,25000000.000
34749,2120,35.156250,25000000.000
34750,2113,31.738281,25000000.000
34751,2113,31.738281,25000000.000
34752,2095,22.949219,25000000.000
34753,2083,17.089844,25000000.000
34754,2072,11.718750,25000000.000
34755,2070,10.742188,25000000.000
34756,2045,-1.464844,25000000.000
34757,2031,-8.300781,25000000.000
34758,2019,-14.160156,25000000.000
34759,2018,-14.648438,25000000.000
34760,1995,-25.878906,25000000.000
34761,1984,-31.250000,25000000.000
34762,1976,-35.156250,25000000.000
34763,1976,-35.156250,25000000.000
34764,1964,-41.015625,25000000.000
34765,1960,-42.968750,25000000.000
34766,1959,-43.457031,25000000.000
34767,1960,-42.968750,25000000.000
34768,1964,-41.015625,25000000.000
34769,1969,-38.574219,25000000.000
34770,1975,-35.644531,25000000.000
34771,1977,-34.667969,25000000.000
34772,1994,-26.367188,25000000.000
34773,2006,-20.507812,25000000.000
34774,2017,-15.136719,25000000.000
34775,2017,-15.136719,25000000.000
34776,2041,-3.417969,25000000.000
34777,2057,4.394531,25000000.000
34778,2069,10.253906,25000000.000
34779,2070,10.742188,25000000.000
34780,2093,21.972656,25000000.000
34781,2103,26.855469,25000000.000
34782,2111,30.761719,25000000.000
34783,2112,31.250000,25000000.000
34784,2124,37.109375,25000000.000
34785,2127,38.574219,25000000.000
34786,2129,39.550781,25000000.000
34787,2130,40.039062,25000000.000
34788,2129,39.550781,25000000.000
34789,2124,37.109375,25000000.000
34790,2118,34.179688,25000000.000
34791,2118,34.179688,25000000.000
34792,2105,27.832031,25000000.000
34793,2094,22.460938,25000000.000
34794,2083,17.089844,25000000.000
34795,2082,16.601562,25000000.000
34796,2059,5.371094,25000000.000
34797,2044,-1.953125,25000000.000
34798,2031,-8.300781,25000000.000
34799,2029,-9.277344,25000000.000
34800,2006,-20.507812,25000000.000
34801,1994,-26.367188,25000000.000
34802,1984,-31.250000,25000000.000
34803,1983,-31.738281,25000000.000
34804,1968,-39.062500,25000000.000
34805,1963,-41.503906,25000000.000
34806,1960,-42.968750,25000000.000
34807,1960,-42.968750,25000000.000
34808,1961,-42.480469,25000000.000
34809,1964,-41.015625,25000000.000
34810,1970,-38.085938,25000000.000
34811,1970,-38.085938,25000000.000
34812,1986,-30.273438,25000000.000
34813,1995,-25.878906,25000000.000
34814,2006,-20.507812,25000000.000
34815,2006,-20.507812,25000000.000
34816,2031,-8.300781,25000000.000
34817,2044,-1.953125,25000000.000
34818,2057,4.394531,25000000.000
34819,2058,4.882812,25000000.000
34820,2082,16.601562,25000000.000
34821,2093,21.972656,25000000.000
34822,2104,27.343750,25000000.000
34823,2105,27.832031,25000000.000
34824,2119,34.667969,25000000.000
34825,2124,37.109375,25000000.000
34826,2128,39.062500,25000000.000
34827,2128,39.062500,25000000.000
34828,2130,40.039062,25000000.000
34829,2128,39.062500,25000000.000
34830,2123,36.621094,25000000.000
34831,2124,37.109375,25000000.000
34832,2112,31.250000,25000000.000
34833,2101,25.878906,25000000.000
34834,2093,21.972656,25000000.000
34835,2090,20.507812,25000000.000
34836,2069,10.253906,25000000.000
34837,2056,3.906250,25000000.000
34838,2042,-2.929688,25000000.000
34839,2041,-3.417969,25000000.000
34840,2016,-15.625000,25000000.000
34841,2003,-21.972656,25000000.000
34842,1993,-26.855469,25000000.000
34843,1990,-28.320312,25000000.000
34844,1972,-37.109375,25000000.000
34845,1966,-40.039062,25000000.000
34846,1963,-41.503906,25000000.000
34847,1963,-41.503906,25000000.000
34848,1960,-42.968750,25000000.000
34849,1962,-41.992188,25000000.000
34850,1966,-40.039062,25000000.000
34851,1966,-40.039062,25000000.000
34852,1979,-33.691406,25000000.000
34853,1988,-29.296875,25000000.000
34854,1997,-24.902344,25000000.000
34855,1998,-24.414062,25000000.000
34856,2021,-13.183594,25000000.000
34857,2034,-6.835938,25000000.000
34858,2047,-0.488281,25000000.000
34859,2048,0.000000,25000000.000
34860,2073,12.207031,25000000.000
34861,2085,18.066406,25000000.000
34862,2096,23.437500,25000000.000
34863,2098,24.414062,25000000.000
34864,2114,32.226562,25000000.000
34865,2120,35.156250,25000000.000
34866,2126,38.085938,25000000.000
34867,2125,37.597656,25000000.000
34868,2130,40.039062,25000000.000
34869,2128,39.062500,25000000.000
34870,2126,38.085938,25000000.000
34871,2125,37.597656,25000000.000
34872,2118,34.179688,25000000.000
34873,2110,30.273438,25000000.000
34874,2101,25.878906,25000000.000
34875,2100,25.390625,25000000.000
34876,2078,14.648438,25000000.000
34877,2067,9.277344,25000000.000
34878,2054,2.929688,25000000.000
34879,2052,1.953125,25000000.000
34880,2027,-10.253906,25000000.000
34881,2013,-17.089844,25000000.000
34882,2001,-22.949219,25000000.000
34883,2000,-23.437500,25000000.000
34884,1981,-32.714844,25000000.000
34885,1972,-37.109375,25000000.000
34886,1966,-40.039062,25000000.000
34887,1965,-40.527344,25000000.000
34888,1960,-42.968750,25000000.000
34889,1960,-42.968750,25000000.000
34890,1961,-42.480469,25000000.000
34891,1962,-41.992188,25000000.000
34892,1971,-37.597656,25000000.000
34893,1979,-33.691406,25000000.000
34894,1988,-29.296875,25000000.000
34895,1989,-28.808594,25000000.000
34896,2009,-19.042969,25000000.000
34897,2022,-12.695312,25000000.000
34898,2035,-6.347656,25000000.000
34899,2035,-6.347656,25000000.000
34900,2060,5.859375,25000000.000
34901,2073,12.207031,25000000.000
34902,2084,17.578125,25000000.000
34903,2085,18.066406,25000000.000
34904,2106,28.320312,25000000.000
34905,2114,32.226562,25000000.000
34906,2120,35.156250,25000000.000
34907,2121,35.644531,25000000.000
34908,2128,39.062500,25000000.000
34909,2129,39.550781,25000000.000
34910,2128,39.062500,25000000.000
34911,2129,39.550781,25000000.000
34912,2122,36.132812,25000000.000
34913,2116,33.203125,25000000.000
34914,2109,29.785156,25000000.000
34915,2108,29.296875,25000000.000
34916,2088,19.531250,25000000.000
34917,2077,14.160156,25000000.000
34918,2064,7.812500,25000000.000
34919,2063,7.324219,25000000.000
34920,2037,-5.371094,25000000.000
34921,2024,-11.718750,25000000.000
34922,2011,-18.066406,25000000.000
34923,2010,-18.554688,25000000.000
34924,1988,-29.296875,25000000.000
34925,1979,-33.691406,25000000.000
34926,1971,-37.597656,25000000.000
34927,1970,-38.085938,25000000.000
34928,1961,-42.480469,25000000.000
34929,1960,-42.968750,25000000.000
34930,1960,-42.968750,25000000.000
34931,1960,-42.968750,25000000.000
34932,1966,-40.039062,25000000.000
34933,1974,-36.132812,25000000.000
34934,1980,-33.203125,25000000.000
34935,1982,-32.226562,25000000.000
34936,1999,-23.925781,25000000.000
34937,2014,-16.601562,25000000.000
34938,2024,-11.718750,25000000.000
34939,2024,-11.718750,25000000.000
34940,2051,1.464844,25000000.000
34941,2063,7.324219,25000000.000
34942,2077,14.160156,25000000.000
34943,2077,14.160156,25000000.000
34944,2098,24.414062,25000000.000
34945,2108,29.296875,25000000.000
34946,2115,32.714844,25000000.000
34947,2116,33.203125,25000000.000
34948,2125,37.597656,25000000.000
34949,2128,39.062500,25000000.000
34950,2128,39.062500,25000000.000
34951,2129,39.550781,25000000.000
34952,2126,38.085938,25000000.000
34953,2120,35.156250,25000000.000
34954,2114,32.226562,25000000.000
34955,2114,32.226562,25000000.000
34956,2098,24.414062,25000000.000
34957,2087,19.042969,25000000.000
34958,2075,13.183594,25000000.000
34959,2073,12.207031,25000000.000
34960,2048,0.000000,25000000.000
34961,2036,-5.859375,25000000.000
34962,2022,-12.695312,25000000.000
34963,2021,-13.183594,25000000.000
34964,1998,-24.414062,25000000.000
34965,1987,-29.785156,25000000.000
34966,1977,-34.667969,25000000.000
34967,1977,-34.667969,25000000.000
34968,1964,-41.015625,25000000.000
34969,1962,-41.992188,25000000.000
34970,1960,-42.968750,25000000.000
34971,1959,-43.457031,25000000.000
34972,1963,-41.503906,25000000.000
34973,1968,-39.062500,25000000.000
34974,1975,-35.644531,25000000.000
34975,1974,-36.132812,25000000.000
34976,1990,-28.320312,25000000.000
34977,2002,-22.460938,25000000.000
34978,2014,-16.601562,25000000.000
34979,2014,-16.601562,25000000.000
34980,2040,-3.906250,25000000.000
34981,2052,1.953125,25000000.000
34982,2065,8.300781,25000000.000
34983,2066,8.789062,25000000.000
34984,2090,20.507812,25000000.000
34985,2101,25.878906,25000000.000
34986,2108,29.296875,25000000.000
34987,2110,30.273438,25000000.000
34988,2123,36.621094,25000000.000
34989,2127,38.574219,25000000.000
34990,2129,39.550781,25000000.000
34991,2129,39.550781,25000000.000
34992,2127,38.574219,25000000.000
34993,2126,38.085938,25000000.000
34994,2120,35.156250,25000000.000
34995,2120,35.156250,25000000.000
34996,2106,28.320312,25000000.000
34997,2097,23.925781,25000000.000
34998,2086,18.554688,25000000.000
34999,2084,17.578125,25000000.000
35000,2061,6.347656,25000000.000
35001,2048,0.000000,25000000.000
35002,2033,-7.324219,25000000.000
35003,2033,-7.324219,25000000.000
35004,2008,-19.531250,25000000.000
35005,1996,-25.390625,25000000.000
35006,1986,-30.273438,25000000.000
35007,1986,-30.273438,25000000.000
35008,1970,-38.085938,25000000.000
35009,1964,-41.015625,25000000.000
35010,1961,-42.480469,25000000.000
35011,1960,-42.968750,25000000.000
35012,1960,-42.968750,25000000.000
35013,1963,-41.503906,25000000.000
35014,1969,-38.574219,25000000.000
35015,1968,-39.062500,25000000.000
35016,1984,-31.250000,25000000.000
35017,1992,-27.343750,25000000.000
35018,2002,-22.460938,25000000.000
35019,2004,-21.484375,25000000.000
35020,2027,-10.253906,25000000.000
35021,2041,-3.417969,25000000.000
35022,2054,2.929688,25000000.000
35023,2056,3.906250,25000000.000
35024,2079,15.136719,25000000.000
35025,2091,20.996094,25000000.000
35026,2101,25.878906,25000000.000
35027,2102,26.367188,25000000.000
35028,2118,34.179688,25000000.000
35029,2123,36.621094,25000000.000
35030,2127,38.574219,25000000.000
35031,2128,39.062500,25000000.000
35032,2130,40.039062,25000000.000
35033,2128,39.062500,25000000.000
35034,2124,37.109375,25000000.000
35035,2124,37.109375,25000000.000
35036,2113,31.738281,25000000.000
35037,2105,27.832031,25000000.000
35038,2095,22.949219,25000000.000
35039,2094,22.460938,25000000.000
35040,2073,12.207031,25000000.000
35041,2059,5.371094,25000000.000
35042,2045,-1.464844,25000000.000
35043,2045,-1.464844,25000000.000
35044,2018,-14.648438,25000000.000
35045,2006,-20.507812,25000000.000
35046,1995,-25.878906,25000000.000
35047,1994,-26.367188,25000000.000
35048,1976,-35.156250,25000000.000
35049,1970,-38.085938,25000000.000
35050,1963,-41.503906,25000000.000
35051,1963,-41.503906,25000000.000
35052,1960,-42.968750,25000000.000
35053,1961,-42.480469,25000000.000
35054,1965,-40.527344,25000000.000
35055,1965,-40.527344,25000000.000
35056,1977,-34.667969,25000000.000
35057,1986,-30.273438,25000000.000
35058,1995,-25.878906,25000000.000
35059,1996,-25.390625,25000000.000
35060,2018,-14.648438,25000000.000
35061,2030,-8.789062,25000000.000
35062,2042,-2.929688,25000000.000
35063,2044,-1.953125,25000000.000
35064,2069,10.253906,25000000.000
35065,2082,16.601562,25000000.000
35066,2094,22.460938,25000000.000
35067,2094,22.460938,25000000.000
35068,2112,31.250000,25000000.000
35069,2118,34.179688,25000000.000
35070,2124,37.109375,25000000.000
35071,2124,37.109375,25000000.000
35072,2129,39.550781,25000000.000
35073,2128,39.062500,25000000.000
35074,2127,38.574219,25000000.000
35075,2127,38.574219,25000000.000
35076,2119,34.667969,25000000.000
35077,2112,31.250000,25000000.000
35078,2103,26.855469,25000000.000
35079,2103,26.855469,25000000.000
35080,2081,16.113281,25000000.000
35081,2071,11.230469,25000000.000
35082,2058,4.882812,25000000.000
35083,2055,3.417969,25000000.000
35084,2029,-9.277344,25000000.000
35085,2017,-15.136719,25000000.000
35086,2004,-21.484375,25000000.000
35087,2003,-21.972656,25000000.000
35088,1983,-31.738281,25000000.000
35089,1974,-36.132812,25000000.000
35090,1967,-39.550781,25000000.000
35091,1967,-39.550781,25000000.000
35092,1960,-42.968750,25000000.000
35093,1959,-43.457031,25000000.000
35094,1960,-42.968750,25000000.000
35095,1960,-42.968750,25000000.000
35096,1969,-38.574219,25000000.000
35097,1976,-35.156250,25000000.000
35098,1985,-30.761719,25000000.000
35099,1986,-30.273438,25000000.000
35100,2006,-20.507812,25000000.000
35101,2017,-15.136719,25000000.000
35102,2031,-8.300781,25000000.000
35103,2032,-7.812500,25000000.000
35104,2057,4.394531,25000000.000
35105,2070,10.742188,25000000.000
35106,2083,17.089844,25000000.000
35107,2083,17.089844,25000000.000
35108,2104,27.343750,25000000.000
35109,2112,31.250000,25000000.000
35110,2119,34.667969,25000000.000
35111,2120,35.156250,25000000.000
35112,2128,39.062500,25000000.000
35113,2128,39.062500,25000000.000
35114,2129,39.550781,25000000.000
35115,2129,39.550781,25000000.000
35116,2124,37.109375,25000000.000
35117,2118,34.179688,25000000.000
35118,2111,30.761719,25000000.000
35119,2110,30.273438,25000000.000
35120,2093,21.972656,25000000.000
35121,2080,15.625000,25000000.000
35122,2070,10.742188,25000000.000
35123,2068,9.765625,25000000.000
35124,2040,-3.906250,25000000.000
35125,2029,-9.277344,25000000.000
35126,2015,-16.113281,25000000.000
35127,2013,-17.089844,25000000.000
35128,1990,-28.320312,25000000.000
35129,1980,-33.203125,25000000.000
35130,1973,-36.621094,25000000.000
35131,1972,-37.109375,25000000.000
35132,1962,-41.992188,25000000.000
35133,1958,-43.945312,25000000.000
35134,1959,-43.457031,25000000.000
35135,1960,-42.968750,25000000.000
35136,1965,-40.527344,25000000.000
35137,1970,-38.085938,25000000.000
35138,1979,-33.691406,25000000.000
35139,1978,-34.179688,25000000.000
35140,1997,-24.902344,25000000.000
35141,2009,-19.042969,25000000.000
35142,2021,-13.183594,25000000.000
35143,2022,-12.695312,25000000.000
35144,2047,-0.488281,25000000.000
35145,2060,5.859375,25000000.000
35146,2073,12.207031,25000000.000
35147,2073,12.207031,25000000.000
35148,2097,23.925781,25000000.000
35149,2106,28.320312,25000000.000
35150,2115,32.714844,25000000.000
35151,2114,32.226562,25000000.000
35152,2126,38.085938,25000000.000
35153,2129,39.550781,25000000.000
35154,2129,39.550781,25000000.000
35155,2129,39.550781,25000000.000
35156,2127,38.574219,25000000.000
35157,2122,36.132812,25000000.000
35158,2117,33.691406,25000000.000
35159,2116,33.203125,25000000.000
35160,2101,25.878906,25000000.000
35161,2089,20.019531,25000000.000
35162,2079,15.136719,25000000.000
35163,2077,14.160156,25000000.000
35164,2053,2.441406,25000000.000
35165,2039,-4.394531,25000000.000
35166,2026,-10.742188,25000000.000
35167,2024,-11.718750,25000000.000
35168,2002,-22.460938,25000000.000
35169,1989,-28.808594,25000000.000
35170,1981,-32.714844,25000000.000
35171,1979,-33.691406,25000000.000
35172,1967,-39.550781,25000000.000
35173,1962,-41.992188,25000000.000
35174,1961,-42.480469,25000000.000
35175,1960,-42.968750,25000000.000
35176,1962,-41.992188,25000000.000
35177,1967,-39.550781,25000000.000
35178,1973,-36.621094,25000000.000
35179,1973,-36.621094,25000000.000
35180,1988,-29.296875,25000000.000
35181,2000,-23.437500,25000000.000
35182,2011,-18.066406,25000000.000
35183,2012,-17.578125,25000000.000
35184,2035,-6.347656,25000000.000
35185,2050,0.976562,25000000.000
35186,2063,7.324219,25000000.000
35187,2063,7.324219,25000000.000
35188,2087,19.042969,25000000.000
35189,2097,23.925781,25000000.000
35190,2108,29.296875,25000000.000
35191,2108,29.296875,25000000.000
35192,2121,35.644531,25000000.000
35193,2126,38.085938,25000000.000
35194,2129,39.550781,25000000.000
35195,2128,39.062500,25000000.000
35196,2128,39.062500,25000000.000
35197,2126,38.085938,25000000.000
35198,2122,36.132812,25000000.000
35199,2121,35.644531,25000000.000
35200,2109,29.785156,25000000.000
35201,2099,24.902344,25000000.000
35202,2089,20.019531,25000000.000
35203,2088,19.531250,25000000.000
35204,2065,8.300781,25000000.000
35205,2051,1.464844,25000000.000
35206,2038,-4.882812,25000000.000
35207,2037,-5.371094,25000000.000
35208,2012,-17.578125,25000000.000
35209,1999,-23.925781,25000000.000
35210,1989,-28.808594,25000000.000
35211,1987,-29.785156,25000000.000
35212,1972,-37.109375,25000000.000
35213,1966,-40.039062,25000000.000
35214,1962,-41.992188,25000000.000
35215,1962,-41.992188,25000000.000
35216,1961,-42.480469,25000000.000
35217,1963,-41.503906,25000000.000
35218,1969,-38.574219,25000000.000
35219,1968,-39.062500,25000000.000
35220,1982,-32.226562,25000000.000
35221,1991,-27.832031,25000000.000
35222,2002,-22.460938,25000000.000
35223,2003,-21.972656,25000000.000
35224,2026,-10.742188,25000000.000
35225,2038,-4.882812,25000000.000
35226,2051,1.464844,25000000.000
35227,2052,1.953125,25000000.000
35228,2076,13.671875,25000000.000
35229,2088,19.531250,25000000.000
35230,2099,24.902344,25000000.000
35231,2100,25.390625,25000000.000
35232,2115,32.714844,25000000.000
35233,2122,36.132812,25000000.000
35234,2125,37.597656,25000000.000
35235,2126,38.085938,25000000.000
35236,2130,40.039062,25000000.000
35237,2127,38.574219,25000000.000
35238,2125,37.597656,25000000.000
35239,2125,37.597656,25000000.000
35240,2114,32.226562,25000000.000
35241,2108,29.296875,25000000.000
35242,2098,24.414062,25000000.000
35243,2097,23.925781,25000000.000
35244,2075,13.183594,25000000.000
35245,2063,7.324219,25000000.000
35246,2049,0.488281,25000000.000
35247,2047,-0.488281,25000000.000
35248,2023,-12.207031,25000000.000
35249,2009,-19.042969,25000000.000
35250,1998,-24.414062,25000000.000
35251,1996,-25.390625,25000000.000
35252,1978,-34.179688,25000000.000
35253,1970,-38.085938,25000000.000
35254,1964,-41.015625,25000000.000
35255,1964,-41.015625,25000000.000
35256,1959,-43.457031,25000000.000
35257,1960,-42.968750,25000000.000
35258,1963,-41.503906,25000000.000
35259,1963,-41.503906,25000000.000
35260,1974,-36.132812,25000000.000
35261,1982,-32.226562,25000000.000
35262,1991,-27.832031,25000000.000
35263,1993,-26.855469,25000000.000
35264,2013,-17.089844,25000000.000
35265,2026,-10.742188,25000000.000
35266,2039,-4.394531,25000000.000
35267,2041,-3.417969,25000000.000
35268,2065,8.300781,25000000.000
35269,2077,14.160156,25000000.000
35270,2089,20.019531,25000000.000
35271,2091,20.996094,25000000.000
35272,2110,30.273438,25000000.000
35273,2117,33.691406,25000000.000
35274,2123,36.621094,25000000.000
35275,2124,37.109375,25000000.000
35276,2129,39.550781,25000000.000
35277,2128,39.062500,25000000.000
35278,2128,39.062500,25000000.000
35279,2127,38.574219,25000000.000
35280,2120,35.156250,25000000.000
35281,2114,32.226562,25000000.000
35282,2104,27.343750,25000000.000
35283,2105,27.832031,25000000.000
35284,2084,17.578125,25000000.000
35285,2074,12.695312,25000000.000
35286,2062,6.835938,25000000.000
35287,2060,5.859375,25000000.000
35288,2032,-7.812500,25000000.000
35289,2019,-14.160156,25000000.000
35290,2007,-20.019531,25000000.000
35291,2006,-20.507812,25000000.000
35292,1985,-30.761719,25000000.000
35293,1975,-35.644531,25000000.000
35294,1968,-39.062500,25000000.000
35295,1967,-39.550781,25000000.000
35296,1960,-42.968750,25000000.000
35297,1958,-43.945312,25000000.000
35298,1960,-42.968750,25000000.000
35299,1960,-42.968750,25000000.000
35300,1967,-39.550781,25000000.000
35301,1975,-35.644531,25000000.000
35302,1982,-32.226562,25000000.000
35303,1984,-31.250000,25000000.000
35304,2004,-21.484375,25000000.000
35305,2015,-16.113281,25000000.000
35306,2028,-9.765625,25000000.000
35307,2029,-9.277344,25000000.000
35308,2055,3.417969,25000000.000
35309,2067,9.277344,25000000.000
35310,2079,15.136719,25000000.000
35311,2081,16.113281,25000000.000
35312,2101,25.878906,25000000.000
35313,2111,30.761719,25000000.000
35314,2118,34.179688,25000000.000
35315,2118,34.179688,25000000.000
35316,2128,39.062500,25000000.000
35317,2129,39.550781,25000000.000
35318,2130,40.039062,25000000.000
35319,2130,40.039062,25000000.000
35320,2124,37.109375,25000000.000
35321,2120,35.156250,25000000.000
35322,2112,31.250000,25000000.000
35323,2111,30.761719,25000000.000
35324,2093,21.972656,25000000.000
35325,2083,17.089844,25000000.000
35326,2072,11.718750,25000000.000
35327,2068,9.765625,25000000.000
35328,2043,-2.441406,25000000.000
35329,2030,-8.789062,25000000.000
35330,2017,-15.136719,25000000.000
35331,2014,-16.601562,25000000.000
35332,1993,-26.855469,25000000.000
35333,1984,-31.250000,25000000.000
35334,1974,-36.132812,25000000.000
35335,1975,-35.644531,25000000.000
35336,1964,-41.015625,25000000.000
35337,1961,-42.480469,25000000.000
35338,1960,-42.968750,25000000.000
35339,1960,-42.968750,25000000.000
35340,1965,-40.527344,25000000.000
35341,1969,-38.574219,25000000.000
35342,1977,-34.667969,25000000.000
35343,1977,-34.667969,25000000.000
35344,1995,-25.878906,25000000.000
35345,2006,-20.507812,25000000.000
35346,2017,-15.136719,25000000.000
35347,2019,-14.160156,25000000.000
35348,2043,-2.441406,25000000.000
35349,2057,4.394531,25000000.000
35350,2070,10.742188,25000000.000
35351,2071,11.230469,25000000.000
35352,2095,22.949219,25000000.000
35353,2103,26.855469,25000000.000
35354,2113,31.738281,25000000.000
35355,2113,31.738281,25000000.000
35356,2125,37.597656,25000000.000
35357,2128,39.062500,25000000.000
35358,2129,39.550781,25000000.000
35359,2130,40.039062,25000000.000
35360,2127,38.574219,25000000.000
35361,2124,37.109375,25000000.000
35362,2118,34.179688,25000000.000
35363,2118,34.179688,25000000.000
35364,2103,26.855469,25000000.000
35365,2093,21.972656,25000000.000
35366,2082,16.601562,25000000.000
35367,2079,15.136719,25000000.000
35368,2057,4.394531,25000000.000
35369,2044,-1.953125,25000000.000
35370,2030,-8.789062,25000000.000
35371,2028,-9.765625,25000000.000
35372,2005,-20.996094,25000000.000
35373,1993,-26.855469,25000000.000
35374,1982,-32.226562,25000000.000
35375,1980,-33.203125,25000000.000
35376,1967,-39.550781,25000000.000
35377,1963,-41.503906,25000000.000
35378,1960,-42.968750,25000000.000
35379,1959,-43.457031,25000000.000
35380,1962,-41.992188,25000000.000
35381,1966,-40.039062,25000000.000
35382,1971,-37.597656,25000000.000
35383,1972,-37.109375,25000000.000
35384,1986,-30.273438,25000000.000
35385,1997,-24.902344,25000000.000
35386,2008,-19.531250,25000000.000
35387,2010,-18.554688,25000000.000
35388,2033,-7.324219,25000000.000
35389,2046,-0.976562,25000000.000
35390,2059,5.371094,25000000.000
35391,2060,5.859375,25000000.000
35392,2084,17.578125,25000000.000
35393,2095,22.949219,25000000.000
35394,2106,28.320312,25000000.000
35395,2106,28.320312,25000000.000
35396,2121,35.644531,25000000.000
35397,2125,37.597656,25000000.000
35398,2130,40.039062,25000000.000
35399,2129,39.550781,25000000.000
35400,2129,39.550781,25000000.000
35401,2128,39.062500,25000000.000
35402,2124,37.109375,25000000.000
35403,2123,36.621094,25000000.000
35404,2112,31.250000,25000000.000
35405,2103,26.855469,25000000.000
35406,2092,21.484375,25000000.000
35407,2091,20.996094,25000000.000
35408,2068,9.765625,25000000.000
35409,2054,2.929688,25000000.000
35410,2041,-3.417969,25000000.000
35411,2039,-4.394531,25000000.000
35412,2015,-16.113281,25000000.000
35413,2002,-22.460938,25000000.000
35414,1991,-27.832031,25000000.000
35415,1990,-28.320312,25000000.000
35416,1974,-36.132812,25000000.000
35417,1968,-39.062500,25000000.000
35418,1963,-41.503906,25000000.000
35419,1962,-41.992188,25000000.000
35420,1960,-42.968750,25000000.000
35421,1961,-42.480469,25000000.000
35422,1966,-40.039062,25000000.000
35423,1966,-40.039062,25000000.000
35424,1979,-33.691406,25000000.000
35425,1989,-28.808594,25000000.000
35426,1997,-24.902344,25000000.000
35427,1998,-24.414062,25000000.000
35428,2021,-13.183594,25000000.000
35429,2035,-6.347656,25000000.000
35430,2047,-0.488281,25000000.000
35431,2049,0.488281,25000000.000
35432,2074,12.695312,25000000.000
35433,2086,18.554688,25000000.000
35434,2097,23.925781,25000000.000
35435,2098,24.414062,25000000.000
35436,2116,33.203125,25000000.000
35437,2122,36.132812,25000000.000
35438,2125,37.597656,25000000.000
35439,2125,37.597656,25000000.000
35440,2129,39.550781,25000000.000
35441,2129,39.550781,25000000.000
35442,2127,38.574219,25000000.000
35443,2127,38.574219,25000000.000
35444,2117,33.691406,25000000.000
35445,2109,29.785156,25000000.000
35446,2100,25.390625,25000000.000
35447,2099,24.902344,25000000.000
35448,2077,14.160156,25000000.000
35449,2066,8.789062,25000000.000
35450,2052,1.953125,25000000.000
35451,2051,1.464844,25000000.000
35452,2025,-11.230469,25000000.000
35453,2013,-17.089844,25000000.000
35454,2000,-23.437500,25000000.000
35455,1997,-24.902344,25000000.000
35456,1978,-34.179688,25000000.000
35457,1972,-37.109375,25000000.000
35458,1965,-40.527344,25000000.000
35459,1964,-41.015625,25000000.000
35460,1958,-43.945312,25000000.000
35461,1959,-43.457031,25000000.000
35462,1961,-42.480469,25000000.000
35463,1962,-41.992188,25000000.000
35464,1971,-37.597656,25000000.000
35465,1979,-33.691406,25000000.000
35466,1988,-29.296875,25000000.000
35467,1990,-28.320312,25000000.000
35468,2010,-18.554688,25000000.000
35469,2023,-12.207031,25000000.000
35470,2036,-5.859375,25000000.000
35471,2037,-5.371094,25000000.000
35472,2062,6.835938,25000000.000
35473,2074,12.695312,25000000.000
35474,2087,19.042969,25000000.000
35475,2088,19.531250,25000000.000
35476,2105,27.832031,25000000.000
35477,2114,32.226562,25000000.000
35478,2122,36.132812,25000000.000
35479,2122,36.132812,25000000.000
35480,2128,39.062500,25000000.000
35481,2129,39.550781,25000000.000
35482,2128,39.062500,25000000.000
35483,2128,39.062500,25000000.000
35484,2121,35.644531,25000000.000
35485,2117,33.691406,25000000.000
35486,2108,29.296875,25000000.000
35487,2107,28.808594,25000000.000
35488,2088,19.531250,25000000.000
35489,2076,13.671875,25000000.000
35490,2063,7.324219,25000000.000
35491,2062,6.835938,25000000.000
35492,2037,-5.371094,25000000.000
35493,2022,-12.695312,25000000.000
35494,2010,-18.554688,25000000.000
35495,2009,-19.042969,25000000.000
35496,1986,-30.273438,25000000.000
35497,1978,-34.179688,25000000.000
35498,1971,-37.597656,25000000.000
35499,1969,-38.574219,25000000.000
35500,1961,-42.480469,25000000.000
35501,1959,-43.457031,25000000.000
35502,1960,-42.968750,25000000.000
35503,1960,-42.968750,25000000.000
35504,1967,-39.550781,25000000.000
35505,1972,-37.109375,25000000.000
35506,1980,-33.203125,25000000.000
35507,1982,-32.226562,25000000.000
35508,2001,-22.949219,25000000.000
35509,2012,-17.578125,25000000.000
35510,2025,-11.230469,25000000.000
35511,2025,-11.230469,25000000.000
35512,2051,1.464844,25000000.000
35513,2064,7.812500,25000000.000
35514,2076,13.671875,25000000.000
35515,2079,15.136719,25000000.000
35516,2099,24.902344,25000000.000
35517,2108,29.296875,25000000.000
35518,2116,33.203125,25000000.000
35519,2116,33.203125,25000000.000
35520,2126,38.085938,25000000.000
35521,2129,39.550781,25000000.000
35522,2129,39.550781,25000000.000
35523,2129,39.550781,25000000.000
35524,2125,37.597656,25000000.000
35525,2120,35.156250,25000000.000
35526,2114,32.226562,25000000.000
35527,2113,31.738281,25000000.000
35528,2097,23.925781,25000000.000
35529,2087,19.042969,25000000.000
35530,2076,13.671875,25000000.000
35531,2073,12.207031,25000000.000
35532,2048,0.000000,25000000.000
35533,2035,-6.347656,25000000.000
35534,2020,-13.671875,25000000.000
35535,2018,-14.648438,25000000.000
35536,1997,-24.902344,25000000.000
35537,1985,-30.761719,25000000.000
35538,1977,-34.667969,25000000.000
35539,1976,-35.156250,25000000.000
35540,1965,-40.527344,25000000.000
35541,1961,-42.480469,25000000.000
35542,1960,-42.968750,25000000.000
35543,1959,-43.457031,25000000.000
35544,1963,-41.503906,25000000.000
35545,1968,-39.062500,25000000.000
35546,1976,-35.156250,25000000.000
35547,1976,-35.156250,25000000.000
35548,1993,-26.855469,25000000.000
35549,2004,-21.484375,25000000.000
35550,2016,-15.625000,25000000.000
35551,2017,-15.136719,25000000.000
35552,2040,-3.906250,25000000.000
35553,2054,2.929688,25000000.000
35554,2066,8.789062,25000000.000
35555,2067,9.277344,25000000.000
35556,2090,20.507812,25000000.000
35557,2101,25.878906,25000000.000
35558,2111,30.761719,25000000.000
35559,2111,30.761719,25000000.000
35560,2124,37.109375,25000000.000
35561,2127,38.574219,25000000.000
35562,2129,39.550781,25000000.000
35563,2130,40.039062,25000000.000
35564,2129,39.550781,25000000.000
35565,2125,37.597656,25000000.000
35566,2120,35.156250,25000000.000
35567,2120,35.156250,25000000.000
35568,2106,28.320312,25000000.000
35569,2096,23.437500,25000000.000
35570,2085,18.066406,25000000.000
35571,2083,17.089844,25000000.000
35572,2060,5.859375,25000000.000
35573,2048,0.000000,25000000.000
35574,2033,-7.324219,25000000.000
35575,2031,-8.300781,25000000.000
35576,2007,-20.019531,25000000.000
35577,1996,-25.390625,25000000.000
35578,1984,-31.250000,25000000.000
35579,1983,-31.738281,25000000.000
35580,1969,-38.574219,25000000.000
35581,1964,-41.015625,25000000.000
35582,1961,-42.480469,25000000.000
35583,1961,-42.480469,25000000.000
35584,1961,-42.480469,25000000.000
35585,1964,-41.015625,25000000.000
35586,1969,-38.574219,25000000.000
35587,1969,-38.574219,25000000.000
35588,1984,-31.250000,25000000.000
35589,1995,-25.878906,25000000.000
35590,2005,-20.996094,25000000.000
35591,2005,-20.996094,25000000.000
35592,2030,-8.789062,25000000.000
35593,2043,-2.441406,25000000.000
35594,2056,3.906250,25000000.000
35595,2056,3.906250,25000000.000
35596,2080,15.625000,25000000.000
35597,2093,21.972656,25000000.000
35598,2103,26.855469,25000000.000
35599,2103,26.855469,25000000.000
35600,2119,34.667969,25000000.000
35601,2123,36.621094,25000000.000
35602,2127,38.574219,25000000.000
35603,2128,39.062500,25000000.000
35604,2129,39.550781,25000000.000
35605,2126,38.085938,25000000.000
35606,2123,36.621094,25000000.000
35607,2123,36.621094,25000000.000
35608,2111,30.761719,25000000.000
35609,2104,27.343750,25000000.000
35610,2092,21.484375,25000000.000
35611,2092,21.484375,25000000.000
35612,2070,10.742188,25000000.000
35613,2058,4.882812,25000000.000
35614,2042,-2.929688,25000000.000
35615,2043,-2.441406,25000000.000
35616,2017,-15.136719,25000000.000
35617,2007,-20.019531,25000000.000
35618,1994,-26.367188,25000000.000
35619,1992,-27.343750,25000000.000
35620,1975,-35.644531,25000000.000
35621,1968,-39.062500,25000000.000
35622,1964,-41.015625,25000000.000
35623,1962,-41.992188,25000000.000
35624,1961,-42.480469,25000000.000
35625,1962,-41.992188,25000000.000
35626,1965,-40.527344,25000000.000
35627,1965,-40.527344,25000000.000
35628,1977,-34.667969,25000000.000
35629,1987,-29.785156,25000000.000
35630,1995,-25.878906,25000000.000
35631,1997,-24.902344,25000000.000
35632,2020,-13.671875,25000000.000
35633,2029,-9.277344,25000000.000
35634,2044,-1.953125,25000000.000
35635,2045,-1.464844,25000000.000
35636,2071,11.230469,25000000.000
35637,2082,16.601562,25000000.000
35638,2094,22.460938,25000000.000
35639,2095,22.949219,25000000.000
35640,2113,31.738281,25000000.000
35641,2119,34.667969,25000000.000
35642,2125,37.597656,25000000.000
35643,2125,37.597656,25000000.000
35644,2130,40.039062,25000000.000
35645,2130,40.039062,25000000.000
35646,2127,38.574219,25000000.000
35647,2128,39.062500,25000000.000
35648,2118,34.179688,25000000.000
35649,2111,30.761719,25000000.000
35650,2103,26.855469,25000000.000
35651,2101,25.878906,25000000.000
35652,2080,15.625000,25000000.000
35653,2068,9.765625,25000000.000
35654,2055,3.417969,25000000.000
35655,2053,2.441406,25000000.000
35656,2028,-9.765625,25000000.000
35657,2015,-16.113281,25000000.000
35658,2002,-22.460938,25000000.000
35659,2002,-22.460938,25000000.000
35660,1980,-33.203125,25000000.000
35661,1972,-37.109375,25000000.000
35662,1966,-40.039062,25000000.000
35663,1965,-40.527344,25000000.000
35664,1962,-41.992188,25000000.000
35665,1961,-42.480469,25000000.000
35666,1961,-42.480469,25000000.000
35667,1961,-42.480469,25000000.000
35668,1971,-37.597656,25000000.000
35669,1979,-33.691406,25000000.000
35670,1987,-29.785156,25000000.000
35671,1987,-29.785156,25000000.000
35672,2008,-19.531250,25000000.000
35673,2020,-13.671875,25000000.000
35674,2033,-7.324219,25000000.000
35675,2033,-7.324219,25000000.000
35676,2059,5.371094,25000000.000
35677,2073,12.207031,25000000.000
35678,2085,18.066406,25000000.000
35679,2085,18.066406,25000000.000
35680,2106,28.320312,25000000.000
35681,2113,31.738281,25000000.000
35682,2120,35.156250,25000000.000
35683,2120,35.156250,25000000.000
35684,2128,39.062500,25000000.000
35685,2129,39.550781,25000000.000
35686,2128,39.062500,25000000.000
35687,2128,39.062500,25000000.000
35688,2122,36.132812,25000000.000
35689,2117,33.691406,25000000.000
35690,2109,29.785156,25000000.000
35691,2109,29.785156,25000000.000
35692,2091,20.996094,25000000.000
35693,2079,15.136719,25000000.000
35694,2066,8.789062,25000000.000
35695,2064,7.812500,25000000.000
35696,2039,-4.394531,25000000.000
35697,2027,-10.253906,25000000.000
35698,2013,-17.089844,25000000.000
35699,2012,-17.578125,25000000.000
35700,1989,-28.808594,25000000.000
35701,1980,-33.203125,25000000.000
35702,1971,-37.597656,25000000.000
35703,1971,-37.597656,25000000.000
35704,1961,-42.480469,25000000.000
35705,1959,-43.457031,25000000.000
35706,1960,-42.968750,25000000.000
35707,1961,-42.480469,25000000.000
35708,1964,-41.015625,25000000.000
35709,1971,-37.597656,25000000.000
35710,1979,-33.691406,25000000.000
35711,1979,-33.691406,25000000.000
35712,1998,-24.414062,25000000.000
35713,2009,-19.042969,25000000.000
35714,2021,-13.183594,25000000.000
35715,2023,-12.207031,25000000.000
35716,2048,0.000000,25000000.000
35717,2061,6.347656,25000000.000
35718,2074,12.695312,25000000.000
35719,2075,13.183594,25000000.000
35720,2097,23.925781,25000000.000
35721,2107,28.808594,25000000.000
35722,2115,32.714844,25000000.000
35723,2115,32.714844,25000000.000
35724,2126,38.085938,25000000.000
35725,2129,39.550781,25000000.000
35726,2129,39.550781,25000000.000
35727,2129,39.550781,25000000.000
35728,2127,38.574219,25000000.000
35729,2122,36.132812,25000000.000
35730,2116,33.203125,25000000.000
35731,2116,33.203125,25000000.000
35732,2101,25.878906,25000000.000
35733,2089,20.019531,25000000.000
35734,2076,13.671875,25000000.000
35735,2076,13.671875,25000000.000
35736,2051,1.464844,25000000.000
35737,2037,-5.371094,25000000.000
35738,2024,-11.718750,25000000.000
35739,2022,-12.695312,25000000.000
35740,2000,-23.437500,25000000.000
35741,1988,-29.296875,25000000.000
35742,1978,-34.179688,25000000.000
35743,1977,-34.667969,25000000.000
35744,1965,-40.527344,25000000.000
35745,1963,-41.503906,25000000.000
35746,1960,-42.968750,25000000.000
35747,1960,-42.968750,25000000.000
35748,1962,-41.992188,25000000.000
35749,1967,-39.550781,25000000.000
35750,1972,-37.109375,25000000.000
35751,1974,-36.132812,25000000.000
35752,1990,-28.320312,25000000.000
35753,2000,-23.437500,25000000.000
35754,2013,-17.089844,25000000.000
35755,2013,-17.089844,25000000.000
35756,2039,-4.394531,25000000.000
35757,2051,1.464844,25000000.000
35758,2064,7.812500,25000000.000
35759,2065,8.300781,25000000.000
35760,2088,19.531250,25000000.000
35761,2100,25.390625,25000000.000
35762,2109,29.785156,25000000.000
35763,2110,30.273438,25000000.000
35764,2123,36.621094,25000000.000
35765,2127,38.574219,25000000.000
35766,2129,39.550781,25000000.000
35767,2129,39.550781,25000000.000
35768,2129,39.550781,25000000.000
35769,2126,38.085938,25000000.000
35770,2121,35.644531,25000000.000
35771,2121,35.644531,25000000.000
35772,2108,29.296875,25000000.000
35773,2098,24.414062,25000000.000
35774,2087,19.042969,25000000.000
35775,2086,18.554688,25000000.000
35776,2064,7.812500,25000000.000
35777,2049,0.488281,25000000.000
35778,2037,-5.371094,25000000.000
35779,2035,-6.347656,25000000.000
35780,2010,-18.554688,25000000.000
35781,1998,-24.414062,25000000.000
35782,1987,-29.785156,25000000.000
35783,1986,-30.273438,25000000.000
35784,1970,-38.085938,25000000.000
35785,1964,-41.015625,25000000.000
35786,1962,-41.992188,25000000.000
35787,1960,-42.968750,25000000.000
35788,1961,-42.480469,25000000.000
35789,1962,-41.992188,25000000.000
35790,1967,-39.550781,25000000.000
35791,1968,-39.062500,25000000.000
35792,1982,-32.226562,25000000.000
35793,1992,-27.343750,25000000.000
35794,2002,-22.460938,25000000.000
35795,2004,-21.484375,25000000.000
35796,2025,-11.230469,25000000.000
35797,2039,-4.394531,25000000.000
35798,2052,1.953125,25000000.000
35799,2053,2.441406,25000000.000
35800,2079,15.136719,25000000.000
35801,2089,20.019531,25000000.000
35802,2100,25.390625,25000000.000
35803,2102,26.367188,25000000.000
35804,2117,33.691406,25000000.000
35805,2123,36.621094,25000000.000
35806,2126,38.085938,25000000.000
35807,2127,38.574219,25000000.000
35808,2130,40.039062,25000000.000
35809,2129,39.550781,25000000.000
35810,2126,38.085938,25000000.000
35811,2126,38.085938,25000000.000
35812,2115,32.714844,25000000.000
35813,2107,28.808594,25000000.000
35814,2097,23.925781,25000000.000
35815,2096,23.437500,25000000.000
35816,2075,13.183594,25000000.000
35817,2061,6.347656,25000000.000
35818,2048,0.000000,25000000.000
35819,2047,-0.488281,25000000.000
35820,2021,-13.183594,25000000.000
35821,2008,-19.531250,25000000.000
35822,1997,-24.902344,25000000.000
35823,1995,-25.878906,25000000.000
35824,1977,-34.667969,25000000.000
35825,1970,-38.085938,25000000.000
35826,1965,-40.527344,25000000.000
35827,1965,-40.527344,25000000.000
35828,1961,-42.480469,25000000.000
35829,1961,-42.480469,25000000.000
35830,1964,-41.015625,25000000.000
35831,1964,-41.015625,25000000.000
35832,1975,-35.644531,25000000.000
35833,1984,-31.250000,25000000.000
35834,1994,-26.367188,25000000.000
35835,1994,-26.367188,25000000.000
35836,2015,-16.113281,25000000.000
35837,2029,-9.277344,25000000.000
35838,2042,-2.929688,25000000.000
35839,2042,-2.929688,25000000.000
35840,2067,9.277344,25000000.000
35841,2081,16.113281,25000000.000
35842,2092,21.484375,25000000.000
35843,2092,21.484375,25000000.000
35844,2111,30.761719,25000000.000
35845,2119,34.667969,25000000.000
35846,2123,36.621094,25000000.000
35847,2125,37.597656,25000000.000
35848,2129,39.550781,25000000.000
35849,2129,39.550781,25000000.000
35850,2127,38.574219,25000000.000
35851,2127,38.574219,25000000.000
35852,2119,34.667969,25000000.000
35853,2112,31.250000,25000000.000
35854,2105,27.832031,25000000.000
35855,2103,26.855469,25000000.000
35856,2084,17.578125,25000000.000
35857,2072,11.718750,25000000.000
35858,2059,5.371094,25000000.000
35859,2057,4.394531,25000000.000
35860,2032,-7.812500,25000000.000
35861,2018,-14.648438,25000000.000
35862,2006,-20.507812,25000000.000
35863,2003,-21.972656,25000000.000
35864,1983,-31.738281,25000000.000
35865,1975,-35.644531,25000000.000
35866,1968,-39.062500,25000000.000
35867,1968,-39.062500,25000000.000
35868,1960,-42.968750,25000000.000
35869,1958,-43.945312,25000000.000
35870,1960,-42.968750,25000000.000
35871,1961,-42.480469,25000000.000
35872,1969,-38.574219,25000000.000
35873,1975,-35.644531,25000000.000
35874,1984,-31.250000,25000000.000
35875,1984,-31.250000,25000000.000
35876,2004,-21.484375,25000000.000
35877,2018,-14.648438,25000000.000
35878,2029,-9.277344,25000000.000
35879,2030,-8.789062,25000000.000
35880,2055,3.417969,25000000.000
35881,2069,10.253906,25000000.000
35882,2080,15.625000,25000000.000
35883,2082,16.601562,25000000.000
35884,2102,26.367188,25000000.000
35885,2112,31.250000,25000000.000
35886,2119,34.667969,25000000.000
35887,2119,34.667969,25000000.000
35888,2128,39.062500,25000000.000
35889,2129,39.550781,25000000.000
35890,2129,39.550781,25000000.000
35891,2129,39.550781,25000000.000
35892,2124,37.109375,25000000.000
35893,2118,34.179688,25000000.000
35894,2111,30.761719,25000000.000
35895,2112,31.250000,25000000.000
35896,2094,22.460938,25000000.000
35897,2082,16.601562,25000000.000
35898,2069,10.253906,25000000.000
35899,2068,9.765625,25000000.000
35900,2044,-1.953125,25000000.000
35901,2030,-8.789062,25000000.000
35902,2017,-15.136719,25000000.000
35903,2015,-16.113281,25000000.000
35904,1993,-26.855469,25000000.000
35905,1983,-31.738281,25000000.000
35906,1975,-35.644531,25000000.000
35907,1974,-36.132812,25000000.000
35908,1962,-41.992188,25000000.000
35909,1960,-42.968750,25000000.000
35910,1959,-43.457031,25000000.000
35911,1959,-43.457031,25000000.000
35912,1965,-40.527344,25000000.000
35913,1970,-38.085938,25000000.000
35914,1977,-34.667969,25000000.000
35915,1978,-34.179688,25000000.000
35916,1994,-26.367188,25000000.000
35917,2008,-19.531250,25000000.000
35918,2019,-14.160156,25000000.000
35919,2020,-13.671875,25000000.000
35920,2044,-1.953125,25000000.000
35921,2057,4.394531,25000000.000
35922,2071,11.230469,25000000.000
35923,2071,11.230469,25000000.000
35924,2093,21.972656,25000000.000
35925,2104,27.343750,25000000.000
35926,2112,31.250000,25000000.000
35927,2113,31.738281,25000000.000
35928,2124,37.109375,25000000.000
35929,2128,39.062500,25000000.000
35930,2128,39.062500,25000000.000
35931,2129,39.550781,25000000.000
35932,2127,38.574219,25000000.000
35933,2122,36.132812,25000000.000
35934,2118,34.179688,25000000.000
35935,2116,33.203125,25000000.000
35936,2101,25.878906,25000000.000
35937,2092,21.484375,25000000.000
35938,2080,15.625000,25000000.000
35939,2079,15.136719,25000000.000
35940,2055,3.417969,25000000.000
35941,2042,-2.929688,25000000.000
35942,2028,-9.765625,25000000.000
35943,2026,-10.742188,25000000.000
35944,2003,-21.972656,25000000.000
35945,1992,-27.343750,25000000.000
35946,1982,-32.226562,25000000.000
35947,1981,-32.714844,25000000.000
35948,1967,-39.550781,25000000.000
35949,1962,-41.992188,25000000.000
35950,1959,-43.457031,25000000.000
35951,1959,-43.457031,25000000.000
35952,1962,-41.992188,25000000.000
35953,1965,-40.527344,25000000.000
35954,1971,-37.597656,25000000.000
35955,1972,-37.109375,25000000.000
35956,1989,-28.808594,25000000.000
35957,1997,-24.902344,25000000.000
35958,2010,-18.554688,25000000.000
35959,2011,-18.066406,25000000.000
35960,2034,-6.835938,25000000.000
35961,2047,-0.488281,25000000.000
35962,2060,5.859375,25000000.000
35963,2061,6.347656,25000000.000
35964,2086,18.554688,25000000.000
35965,2096,23.437500,25000000.000
35966,2105,27.832031,25000000.000
35967,2107,28.808594,25000000.000
35968,2122,36.132812,25000000.000
35969,2126,38.085938,25000000.000
35970,2128,39.062500,25000000.000
35971,2128,39.062500,25000000.000
35972,2129,39.550781,25000000.000
35973,2127,38.574219,25000000.000
35974,2123,36.621094,25000000.000
35975,2122,36.132812,25000000.000
35976,2110,30.273438,25000000.000
35977,2100,25.390625,25000000.000
35978,2090,20.507812,25000000.000
35979,2088,19.531250,25000000.000
35980,2068,9.765625,25000000.000
35981,2050,0.976562,25000000.000
35982,2040,-3.906250,25000000.000
35983,2040,-3.906250,25000000.000
35984,2013,-17.089844,25000000.000
35985,2001,-22.949219,25000000.000
35986,1991,-27.832031,25000000.000
35987,1989,-28.808594,25000000.000
35988,1974,-36.132812,25000000.000
35989,1966,-40.039062,25000000.000
35990,1963,-41.503906,25000000.000
35991,1962,-41.992188,25000000.000
35992,1961,-42.480469,25000000.000
35993,1963,-41.503906,25000000.000
35994,1967,-39.550781,25000000.000
35995,1968,-39.062500,25000000.000
35996,1980,-33.203125,25000000.000
35997,1990,-28.320312,25000000.000
35998,2000,-23.437500,25000000.000
35999,2001,-22.949219,25000000.000
36000,2023,-12.207031,25000000.000
36001,2037,-5.371094,25000000.000
36002,2049,0.488281,25000000.000
36003,2050,0.976562,25000000.000
36004,2075,13.183594,25000000.000
36005,2088,19.531250,25000000.000
36006,2098,24.414062,25000000.000
36007,2099,24.902344,25000000.000
36008,2115,32.714844,25000000.000
36009,2120,35.156250,25000000.000
36010,2125,37.597656,25000000.000
36011,2126,38.085938,25000000.000
36012,2128,39.062500,25000000.000
36013,2128,39.062500,25000000.000
36014,2126,38.085938,25000000.000
36015,2125,37.597656,25000000.000
36016,2116,33.203125,25000000.000
36017,2108,29.296875,25000000.000
36018,2099,24.902344,25000000.000
36019,2098,24.414062,25000000.000
36020,2077,14.160156,25000000.000
36021,2064,7.812500,25000000.000
36022,2051,1.464844,25000000.000
36023,2050,0.976562,25000000.000
36024,2023,-12.207031,25000000.000
36025,2012,-17.578125,25000000.000
36026,2000,-23.437500,25000000.000
36027,1999,-23.925781,25000000.000
36028,1978,-34.179688,25000000.000
36029,1972,-37.109375,25000000.000
36030,1966,-40.039062,25000000.000
36031,1965,-40.527344,25000000.000
36032,1959,-43.457031,25000000.000
36033,1960,-42.968750,25000000.000
36034,1962,-41.992188,25000000.000
36035,1963,-41.503906,25000000.000
36036,1974,-36.132812,25000000.000
36037,1981,-32.714844,25000000.000
36038,1991,-27.832031,25000000.000
36039,1991,-27.832031,25000000.000
36040,2013,-17.089844,25000000.000
36041,2024,-11.718750,25000000.000
36042,2038,-4.882812,25000000.000
36043,2039,-4.394531,25000000.000
36044,2063,7.324219,25000000.000
36045,2077,14.160156,25000000.000
36046,2088,19.531250,25000000.000
36047,2090,20.507812,25000000.000
36048,2108,29.296875,25000000.000
36049,2115,32.714844,25000000.000
36050,2123,36.621094,25000000.000
36051,2123,36.621094,25000000.000
36052,2129,39.550781,25000000.000
36053,2129,39.550781,25000000.000
36054,2128,39.062500,25000000.000
36055,2127,38.574219,25000000.000
36056,2121,35.644531,25000000.000
36057,2114,32.226562,25000000.000
36058,2107,28.808594,25000000.000
36059,2106,28.320312,25000000.000
36060,2087,19.042969,25000000.000
36061,2075,13.183594,25000000.000
36062,2061,6.347656,25000000.000
36063,2060,5.859375,25000000.000
36064,2036,-5.859375,25000000.000
36065,2021,-13.183594,25000000.000
36066,2008,-19.531250,25000000.000
36067,2008,-19.531250,25000000.000
36068,1987,-29.785156,25000000.000
36069,1977,-34.667969,25000000.000
36070,1970,-38.085938,25000000.000
36071,1969,-38.574219,25000000.000
36072,1962,-41.992188,25000000.000
36073,1960,-42.968750,25000000.000
36074,1960,-42.968750,25000000.000
36075,1961,-42.480469,25000000.000
36076,1968,-39.062500,25000000.000
36077,1974,-36.132812,25000000.000
36078,1981,-32.714844,25000000.000
36079,1982,-32.226562,25000000.000
36080,2001,-22.949219,25000000.000
36081,2013,-17.089844,25000000.000
36082,2027,-10.253906,25000000.000
36083,2028,-9.765625,25000000.000
36084,2053,2.441406,25000000.000
36085,2064,7.812500,25000000.000
36086,2078,14.648438,25000000.000
36087,2079,15.136719,25000000.000
36088,2101,25.878906,25000000.000
36089,2110,30.273438,25000000.000
36090,2115,32.714844,25000000.000
36091,2118,34.179688,25000000.000
36092,2127,38.574219,25000000.000
36093,2129,39.550781,25000000.000
36094,2129,39.550781,25000000.000
36095,2129,39.550781,25000000.000
36096,2124,37.109375,25000000.000
36097,2120,35.156250,25000000.000
36098,2113,31.738281,25000000.000
36099,2112,31.250000,25000000.000
36100,2096,23.437500,25000000.000
36101,2084,17.578125,25000000.000
36102,2072,11.718750,25000000.000
36103,2072,11.718750,25000000.000
36104,2045,-1.464844,25000000.000
36105,2034,-6.835938,25000000.000
36106,2021,-13.183594,25000000.000
36107,2017,-15.136719,25000000.000
36108,1996,-25.390625,25000000.000
36109,1986,-30.273438,25000000.000
36110,1976,-35.156250,25000000.000
36111,1974,-36.132812,25000000.000
36112,1964,-41.015625,25000000.000
36113,1961,-42.480469,25000000.000
36114,1959,-43.457031,25000000.000
36115,1958,-43.945312,25000000.000
36116,1964,-41.015625,25000000.000
36117,1968,-39.062500,25000000.000
36118,1977,-34.667969,25000000.000
36119,1975,-35.644531,25000000.000
36120,1994,-26.367188,25000000.000
36121,2004,-21.484375,25000000.000
36122,2018,-14.648438,25000000.000
36123,2018,-14.648438,25000000.000
36124,2042,-2.929688,25000000.000
36125,2055,3.417969,25000000.000
36126,2067,9.277344,25000000.000
36127,2068,9.765625,25000000.000
36128,2092,21.484375,25000000.000
36129,2103,26.855469,25000000.000
36130,2111,30.761719,25000000.000
36131,2112,31.250000,25000000.000
36132,2124,37.109375,25000000.000
36133,2127,38.574219,25000000.000
36134,2131,40.527344,25000000.000
36135,2130,40.039062,25000000.000
36136,2129,39.550781,25000000.000
36137,2125,37.597656,25000000.000
36138,2120,35.156250,25000000.000
36139,2118,34.179688,25000000.000
36140,2105,27.832031,25000000.000
36141,2095,22.949219,25000000.000
36142,2083,17.089844,25000000.000
36143,2082,16.601562,25000000.000
36144,2058,4.882812,25000000.000
36145,2044,-1.953125,25000000.000
36146,2031,-8.300781,25000000.000
36147,2029,-9.277344,25000000.000
36148,2004,-21.484375,25000000.000
36149,1994,-26.367188,25000000.000
36150,1983,-31.738281,25000000.000
36151,1983,-31.738281,25000000.000
36152,1969,-38.574219,25000000.000
36153,1964,-41.015625,25000000.000
36154,1961,-42.480469,25000000.000
36155,1959,-43.457031,25000000.000
36156,1960,-42.968750,25000000.000
36157,1965,-40.527344,25000000.000
36158,1970,-38.085938,25000000.000
36159,1970,-38.085938,25000000.000
36160,1985,-30.761719,25000000.000
36161,1995,-25.878906,25000000.000
36162,2006,-20.507812,25000000.000
36163,2008,-19.531250,25000000.000
36164,2030,-8.789062,25000000.000
36165,2045,-1.464844,25000000.000
36166,2057,4.394531,25000000.000
36167,2059,5.371094,25000000.000
36168,2082,16.601562,25000000.000
36169,2095,22.949219,25000000.000
36170,2104,27.343750,25000000.000
36171,2105,27.832031,25000000.000
36172,2120,35.156250,25000000.000
36173,2124,37.109375,25000000.000
36174,2128,39.062500,25000000.000
36175,2128,39.062500,25000000.000
36176,2130,40.039062,25000000.000
36177,2127,38.574219,25000000.000
36178,2123,36.621094,25000000.000
36179,2123,36.621094,25000000.000
36180,2111,30.761719,25000000.000
36181,2104,27.343750,25000000.000
36182,2093,21.972656,25000000.000
36183,2093,21.972656,25000000.000
36184,2070,10.742188,25000000.000
36185,2056,3.906250,25000000.000
36186,2043,-2.441406,25000000.000
36187,2042,-2.929688,25000000.000
36188,2017,-15.136719,25000000.000
36189,2005,-20.996094,25000000.000
36190,1994,-26.367188,25000000.000
36191,1992,-27.343750,25000000.000
36192,1975,-35.644531,25000000.000
36193,1968,-39.062500,25000000.000
36194,1963,-41.503906,25000000.000
36195,1963,-41.503906,25000000.000
36196,1960,-42.968750,25000000.000
36197,1961,-42.480469,25000000.000
36198,1965,-40.527344,25000000.000
36199,1966,-40.039062,25000000.000
36200,1978,-34.179688,25000000.000
36201,1988,-29.296875,25000000.000
36202,1996,-25.390625,25000000.000
36203,1998,-24.414062,25000000.000
36204,2019,-14.160156,25000000.000
36205,2033,-7.324219,25000000.000
36206,2045,-1.464844,25000000.000
36207,2047,-0.488281,25000000.000
36208,2071,11.230469,25000000.000
36209,2082,16.601562,25000000.000
36210,2095,22.949219,25000000.000
36211,2095,22.949219,25000000.000
36212,2113,31.738281,25000000.000
36213,2119,34.667969,25000000.000
36214,2125,37.597656,25000000.000
36215,2126,38.085938,25000000.000
36216,2129,39.550781,25000000.000
36217,2128,39.062500,25000000.000
36218,2127,38.574219,25000000.000
36219,2126,38.085938,25000000.000
36220,2117,33.691406,25000000.000
36221,2109,29.785156,25000000.000
36222,2101,25.878906,25000000.000
36223,2099,24.902344,25000000.000
36224,2080,15.625000,25000000.000
36225,2067,9.277344,25000000.000
36226,2053,2.441406,25000000.000
36227,2052,1.953125,25000000.000
36228,2026,-10.742188,25000000.000
36229,2013,-17.089844,25000000.000
36230,2002,-22.460938,25000000.000
36231,2000,-23.437500,25000000.000
36232,1981,-32.714844,25000000.000
36233,1973,-36.621094,25000000.000
36234,1966,-40.039062,25000000.000
36235,1965,-40.527344,25000000.000
36236,1959,-43.457031,25000000.000
36237,1959,-43.457031,25000000.000
36238,1961,-42.480469,25000000.000
36239,1962,-41.992188,25000000.000
36240,1971,-37.597656,25000000.000
36241,1978,-34.179688,25000000.000
36242,1987,-29.785156,25000000.000
36243,1988,-29.296875,25000000.000
36244,2010,-18.554688,25000000.000
36245,2020,-13.671875,25000000.000
36246,2034,-6.835938,25000000.000
36247,2036,-5.859375,25000000.000
36248,2061,6.347656,25000000.000
36249,2072,11.718750,25000000.000
36250,2085,18.066406,25000000.000
36251,2087,19.042969,25000000.000
36252,2106,28.320312,25000000.000
36253,2115,32.714844,25000000.000
36254,2122,36.132812,25000000.000
36255,2120,35.156250,25000000.000
36256,2128,39.062500,25000000.000
36257,2129,39.550781,25000000.000
36258,2128,39.062500,25000000.000
36259,2128,39.062500,25000000.000
36260,2121,35.644531,25000000.000
36261,2115,32.714844,25000000.000
36262,2108,29.296875,25000000.000
36263,2107,28.808594,25000000.000
36264,2089,20.019531,25000000.000
36265,2077,14.160156,25000000.000
36266,2066,8.789062,25000000.000
36267,2064,7.812500,25000000.000
36268,2038,-4.882812,25000000.000
36269,2025,-11.230469,25000000.000
36270,2011,-18.066406,25000000.000
36271,2011,-18.066406,25000000.000
36272,1988,-29.296875,25000000.000
36273,1979,-33.691406,25000000.000
36274,1972,-37.109375,25000000.000
36275,1971,-37.597656,25000000.000
36276,1961,-42.480469,25000000.000
36277,1959,-43.457031,25000000.000
36278,1959,-43.457031,25000000.000
36279,1960,-42.968750,25000000.000
36280,1966,-40.039062,25000000.000
36281,1973,-36.621094,25000000.000
36282,1981,-32.714844,25000000.000
36283,1982,-32.226562,25000000.000
36284,2000,-23.437500,25000000.000
36285,2011,-18.066406,25000000.000
36286,2024,-11.718750,25000000.000
36287,2025,-11.230469,25000000.000
36288,2049,0.488281,25000000.000
36289,2060,5.859375,25000000.000
36290,2075,13.183594,25000000.000
36291,2078,14.648438,25000000.000
36292,2098,24.414062,25000000.000
36293,2108,29.296875,25000000.000
36294,2116,33.203125,25000000.000
36295,2116,33.203125,25000000.000
36296,2125,37.597656,25000000.000
36297,2128,39.062500,25000000.000
36298,2129,39.550781,25000000.000
36299,2129,39.550781,25000000.000
36300,2126,38.085938,25000000.000
36301,2121,35.644531,25000000.000
36302,2115,32.714844,25000000.000
36303,2115,32.714844,25000000.000
36304,2099,24.902344,25000000.000
36305,2089,20.019531,25000000.000
36306,2077,14.160156,25000000.000
36307,2075,13.183594,25000000.000
36308,2049,0.488281,25000000.000
36309,2036,-5.859375,25000000.000
36310,2023,-12.207031,25000000.000
36311,2021,-13.183594,25000000.000
36312,1999,-23.925781,25000000.000
36313,1987,-29.785156,25000000.000
36314,1979,-33.691406,25000000.000
36315,1978,-34.179688,25000000.000
36316,1965,-40.527344,25000000.000
36317,1962,-41.992188,25000000.000
36318,1960,-42.968750,25000000.000
36319,1960,-42.968750,25000000.000
36320,1964,-41.015625,25000000.000
36321,1968,-39.062500,25000000.000
36322,1974,-36.132812,25000000.000
36323,1974,-36.132812,25000000.000
36324,1991,-27.832031,25000000.000
36325,2002,-22.460938,25000000.000
36326,2013,-17.089844,25000000.000
36327,2014,-16.601562,25000000.000
36328,2036,-5.859375,25000000.000
36329,2053,2.441406,25000000.000
36330,2066,8.789062,25000000.000
36331,2065,8.300781,25000000.000
36332,2089,20.019531,25000000.000
36333,2101,25.878906,25000000.000
36334,2110,30.273438,25000000.000
36335,2110,30.273438,25000000.000
36336,2122,36.132812,25000000.000
36337,2127,38.574219,25000000.000
36338,2132,41.015625,25000000.000
36339,2133,41.503906,25000000.000
36340,2130,40.039062,25000000.000
36341,2126,38.085938,25000000.000
36342,2120,35.156250,25000000.000
36343,2119,34.667969,25000000.000
36344,2106,28.320312,25000000.000
36345,2097,23.925781,25000000.000
36346,2087,19.042969,25000000.000
36347,2085,18.066406,25000000.000
36348,2062,6.835938,25000000.000
36349,2048,0.000000,25000000.000
36350,2035,-6.347656,25000000.000
36351,2034,-6.835938,25000000.000
36352,2009,-19.042969,25000000.000
36353,1996,-25.390625,25000000.000
36354,1988,-29.296875,25000000.000
36355,1986,-30.273438,25000000.000
36356,1970,-38.085938,25000000.000
36357,1964,-41.015625,25000000.000
36358,1960,-42.968750,25000000.000
36359,1961,-42.480469,25000000.000
36360,1959,-43.457031,25000000.000
36361,1963,-41.503906,25000000.000
36362,1969,-38.574219,25000000.000
36363,1968,-39.062500,25000000.000
36364,1983,-31.738281,25000000.000
36365,1992,-27.343750,25000000.000
36366,2004,-21.484375,25000000.000
36367,2003,-21.972656,25000000.000
36368,2028,-9.765625,25000000.000
36369,2040,-3.906250,25000000.000
36370,2054,2.929688,25000000.000
36371,2054,2.929688,25000000.000
36372,2078,14.648438,25000000.000
36373,2090,20.507812,25000000.000
36374,2102,26.367188,25000000.000
36375,2101,25.878906,25000000.000
36376,2117,33.691406,25000000.000
36377,2124,37.109375,25000000.000
36378,2127,38.574219,25000000.000
36379,2127,38.574219,25000000.000
36380,2129,39.550781,25000000.000
36381,2128,39.062500,25000000.000
36382,2125,37.597656,25000000.000
36383,2124,37.109375,25000000.000
36384,2113,31.738281,25000000.000
36385,2105,27.832031,25000000.000
36386,2096,23.437500,25000000.000
36387,2095,22.949219,25000000.000
36388,2072,11.718750,25000000.000
36389,2060,5.859375,25000000.000
36390,2045,-1.464844,25000000.000
36391,2045,-1.464844,25000000.000
36392,2020,-13.671875,25000000.000
36393,2009,-19.042969,25000000.000
36394,1995,-25.878906,25000000.000
36395,1995,-25.878906,25000000.000
36396,1977,-34.667969,25000000.000
36397,1969,-38.574219,25000000.000
36398,1966,-40.039062,25000000.000
36399,1965,-40.527344,25000000.000
36400,1960,-42.968750,25000000.000
36401,1962,-41.992188,25000000.000
36402,1965,-40.527344,25000000.000
36403,1965,-40.527344,25000000.000
36404,1977,-34.667969,25000000.000
36405,1986,-30.273438,25000000.000
36406,1995,-25.878906,25000000.000
36407,1995,-25.878906,25000000.000
36408,2017,-15.136719,25000000.000
36409,2029,-9.277344,25000000.000
36410,2042,-2.929688,25000000.000
36411,2044,-1.953125,25000000.000
36412,2069,10.253906,25000000.000
36413,2081,16.113281,25000000.000
36414,2091,20.996094,25000000.000
36415,2094,22.460938,25000000.000
36416,2111,30.761719,25000000.000
36417,2119,34.667969,25000000.000
36418,2124,37.109375,25000000.000
36419,2124,37.109375,25000000.000
36420,2128,39.062500,25000000.000
36421,2129,39.550781,25000000.000
36422,2127,38.574219,25000000.000
36423,2127,38.574219,25000000.000
36424,2119,34.667969,25000000.000
36425,2111,30.761719,25000000.000
36426,2103,26.855469,25000000.000
36427,2102,26.367188,25000000.000
36428,2082,16.601562,25000000.000
36429,2069,10.253906,25000000.000
36430,2056,3.906250,25000000.000
36431,2056,3.906250,25000000.000
36432,2030,-8.789062,25000000.000
36433,2016,-15.625000,25000000.000
36434,2004,-21.484375,25000000.000
36435,2003,-21.972656,25000000.000
36436,1983,-31.738281,25000000.000
36437,1974,-36.132812,25000000.000
36438,1968,-39.062500,25000000.000
36439,1967,-39.550781,25000000.000
36440,1959,-43.457031,25000000.000
36441,1959,-43.457031,25000000.000
36442,1961,-42.480469,25000000.000
36443,1961,-42.480469,25000000.000
36444,1970,-38.085938,25000000.000
36445,1976,-35.156250,25000000.000
36446,1985,-30.761719,25000000.000
36447,1987,-29.785156,25000000.000
36448,2007,-20.019531,25000000.000
36449,2019,-14.160156,25000000.000
36450,2031,-8.300781,25000000.000
36451,2032,-7.812500,25000000.000
36452,2057,4.394531,25000000.000
36453,2069,10.253906,25000000.000
36454,2081,16.113281,25000000.000
36455,2083,17.089844,25000000.000
36456,2104,27.343750,25000000.000
36457,2113,31.738281,25000000.000
36458,2119,34.667969,25000000.000
36459,2120,35.156250,25000000.000
36460,2128,39.062500,25000000.000
36461,2129,39.550781,25000000.000
36462,2129,39.550781,25000000.000
36463,2129,39.550781,25000000.000
36464,2123,36.621094,25000000.000
36465,2118,34.179688,25000000.000
36466,2111,30.761719,25000000.000
36467,2110,30.273438,25000000.000
36468,2091,20.996094,25000000.000
36469,2080,15.625000,25000000.000
36470,2068,9.765625,25000000.000
36471,2067,9.277344,25000000.000
36472,2041,-3.417969,25000000.000
36473,2028,-9.765625,25000000.000
36474,2015,-16.113281,25000000.000
36475,2012,-17.578125,25000000.000
36476,1992,-27.343750,25000000.000
36477,1981,-32.714844,25000000.000
36478,1973,-36.621094,25000000.000
36479,1973,-36.621094,25000000.000
36480,1962,-41.992188,25000000.000
36481,1960,-42.968750,25000000.000
36482,1959,-43.457031,25000000.000
36483,1960,-42.968750,25000000.000
36484,1966,-40.039062,25000000.000
36485,1970,-38.085938,25000000.000
36486,1978,-34.179688,25000000.000
36487,1979,-33.691406,25000000.000
36488,1997,-24.902344,25000000.000
36489,2008,-19.531250,25000000.000
36490,2020,-13.671875,25000000.000
36491,2021,-13.183594,25000000.000
36492,2046,-0.976562,25000000.000
36493,2060,5.859375,25000000.000
36494,2072,11.718750,25000000.000
36495,2072,11.718750,25000000.000
36496,2096,23.437500,25000000.000
36497,2105,27.832031,25000000.000
36498,2114,32.226562,25000000.000
36499,2115,32.714844,25000000.000
36500,2125,37.597656,25000000.000
36501,2127,38.574219,25000000.000
36502,2129,39.550781,25000000.000
36503,2128,39.062500,25000000.000
36504,2125,37.597656,25000000.000
36505,2123,36.621094,25000000.000
36506,2116,33.203125,25000000.000
36507,2116,33.203125,25000000.000
36508,2101,25.878906,25000000.000
36509,2090,20.507812,25000000.000
36510,2078,14.648438,25000000.000
36511,2078,14.648438,25000000.000
36512,2054,2.929688,25000000.000
36513,2040,-3.906250,25000000.000
36514,2026,-10.742188,25000000.000
36515,2026,-10.742188,25000000.000
36516,2001,-22.949219,25000000.000
36517,1991,-27.832031,25000000.000
36518,1981,-32.714844,25000000.000
36519,1980,-33.203125,25000000.000
36520,1967,-39.550781,25000000.000
36521,1963,-41.503906,25000000.000
36522,1959,-43.457031,25000000.000
36523,1961,-42.480469,25000000.000
36524,1963,-41.503906,25000000.000
36525,1966,-40.039062,25000000.000
36526,1971,-37.597656,25000000.000
36527,1973,-36.621094,25000000.000
36528,1989,-28.808594,25000000.000
36529,1999,-23.925781,25000000.000
36530,2011,-18.066406,25000000.000
36531,2013,-17.089844,25000000.000
36532,2036,-5.859375,25000000.000
36533,2048,0.000000,25000000.000
36534,2061,6.347656,25000000.000
36535,2062,6.835938,25000000.000
36536,2086,18.554688,25000000.000
36537,2097,23.925781,25000000.000
36538,2106,28.320312,25000000.000
36539,2108,29.296875,25000000.000
36540,2121,35.644531,25000000.000
36541,2127,38.574219,25000000.000
36542,2129,39.550781,25000000.000
36543,2130,40.039062,25000000.000
36544,2129,39.550781,25000000.000
36545,2127,38.574219,25000000.000
36546,2123,36.621094,25000000.000
36547,2122,36.132812,25000000.000
36548,2110,30.273438,25000000.000
36549,2100,25.390625,25000000.000
36550,2090,20.507812,25000000.000
36551,2088,19.531250,25000000.000
36552,2064,7.812500,25000000.000
36553,2053,2.441406,25000000.000
36554,2038,-4.882812,25000000.000
36555,2037,-5.371094,25000000.000
36556,2012,-17.578125,25000000.000
36557,1999,-23.925781,25000000.000
36558,1989,-28.808594,25000000.000
36559,1987,-29.785156,25000000.000
36560,1971,-37.597656,25000000.000
36561,1965,-40.527344,25000000.000
36562,1962,-41.992188,25000000.000
36563,1962,-41.992188,25000000.000
36564,1960,-42.968750,25000000.000
36565,1963,-41.503906,25000000.000
36566,1967,-39.550781,25000000.000
36567,1967,-39.550781,25000000.000
36568,1980,-33.203125,25000000.000
36569,1989,-28.808594,25000000.000
36570,1999,-23.925781,25000000.000
36571,2002,-22.460938,25000000.000
36572,2025,-11.230469,25000000.000
36573,2037,-5.371094,25000000.000
36574,2051,1.464844,25000000.000
36575,2053,2.441406,25000000.000
36576,2077,14.160156,25000000.000
36577,2088,19.531250,25000000.000
36578,2100,25.390625,25000000.000
36579,2101,25.878906,25000000.000
36580,2116,33.203125,25000000.000
36581,2123,36.621094,25000000.000
36582,2127,38.574219,25000000.000
36583,2128,39.062500,25000000.000
36584,2129,39.550781,25000000.000
36585,2128,39.062500,25000000.000
36586,2125,37.597656,25000000.000
36587,2126,38.085938,25000000.000
36588,2115,32.714844,25000000.000
36589,2107,28.808594,25000000.000
36590,2098,24.414062,25000000.000
36591,2097,23.925781,25000000.000
36592,2075,13.183594,25000000.000
36593,2063,7.324219,25000000.000
36594,2049,0.488281,25000000.000
36595,2048,0.000000,25000000.000
36596,2024,-11.718750,25000000.000
36597,2010,-18.554688,25000000.000
36598,1999,-23.925781,25000000.000
36599,1997,-24.902344,25000000.000
36600,1978,-34.179688,25000000.000
36601,1970,-38.085938,25000000.000
36602,1965,-40.527344,25000000.000
36603,1965,-40.527344,25000000.000
36604,1960,-42.968750,25000000.000
36605,1961,-42.480469,25000000.000
36606,1963,-41.503906,25000000.000
36607,1964,-41.015625,25000000.000
36608,1975,-35.644531,25000000.000
36609,1983,-31.738281,25000000.000
36610,1992,-27.343750,25000000.000
36611,1993,-26.855469,25000000.000
36612,2015,-16.113281,25000000.000
36613,2027,-10.253906,25000000.000
36614,2039,-4.394531,25000000.000
36615,2040,-3.906250,25000000.000
36616,2065,8.300781,25000000.000
36617,2078,14.648438,25000000.000
36618,2089,20.019531,25000000.000
36619,2091,20.996094,25000000.000
36620,2110,30.273438,25000000.000
36621,2116,33.203125,25000000.000
36622,2123,36.621094,25000000.000
36623,2122,36.132812,25000000.000
36624,2128,39.062500,25000000.000
36625,2128,39.062500,25000000.000
36626,2127,38.574219,25000000.000
36627,2127,38.574219,25000000.000
36628,2120,35.156250,25000000.000
36629,2114,32.226562,25000000.000
36630,2105,27.832031,25000000.000
36631,2104,27.343750,25000000.000
36632,2084,17.578125,25000000.000
36633,2072,11.718750,25000000.000
36634,2060,5.859375,25000000.000
36635,2058,4.882812,25000000.000
36636,2033,-7.324219,25000000.000
36637,2019,-14.160156,25000000.000
36638,2008,-19.531250,25000000.000
36639,2005,-20.996094,25000000.000
36640,1984,-31.250000,25000000.000
36641,1977,-34.667969,25000000.000
36642,1969,-38.574219,25000000.000
36643,1969,-38.574219,25000000.000
36644,1961,-42.480469,25000000.000
36645,1959,-43.457031,25000000.000
36646,1960,-42.968750,25000000.000
36647,1961,-42.480469,25000000.000
36648,1968,-39.062500,25000000.000
36649,1975,-35.644531,25000000.000
36650,1983,-31.738281,25000000.000
36651,1984,-31.250000,25000000.000
36652,2004,-21.484375,25000000.000
36653,2016,-15.625000,25000000.000
36654,2029,-9.277344,25000000.000
36655,2030,-8.789062,25000000.000
36656,2055,3.417969,25000000.000
36657,2068,9.765625,25000000.000
36658,2080,15.625000,25000000.000
36659,2081,16.113281,25000000.000
36660,2102,26.367188,25000000.000
36661,2110,30.273438,25000000.000
36662,2117,33.691406,25000000.000
36663,2118,34.179688,25000000.000
36664,2127,38.574219,25000000.000
36665,2127,38.574219,25000000.000
36666,2129,39.550781,25000000.000
36667,2128,39.062500,25000000.000
36668,2123,36.621094,25000000.000
36669,2118,34.179688,25000000.000
36670,2112,31.250000,25000000.000
36671,2111,30.761719,25000000.000
36672,2094,22.460938,25000000.000
36673,2083,17.089844,25000000.000
36674,2072,11.718750,25000000.000
36675,2069,10.253906,25000000.000
36676,2046,-0.976562,25000000.000
36677,2030,-8.789062,25000000.000
36678,2018,-14.648438,25000000.000
36679,2016,-15.625000,25000000.000
36680,1994,-26.367188,25000000.000
36681,1983,-31.738281,25000000.000
36682,1976,-35.156250,25000000.000
36683,1974,-36.132812,25000000.000
36684,1963,-41.503906,25000000.000
36685,1961,-42.480469,25000000.000
36686,1960,-42.968750,25000000.000
36687,1958,-43.945312,25000000.000
36688,1964,-41.015625,25000000.000
36689,1969,-38.574219,25000000.000
36690,1976,-35.156250,25000000.000
36691,1977,-34.667969,25000000.000
36692,1995,-25.878906,25000000.000
36693,2005,-20.996094,25000000.000
36694,2017,-15.136719,25000000.000
36695,2019,-14.160156,25000000.000
36696,2042,-2.929688,25000000.000
36697,2055,3.417969,25000000.000
36698,2069,10.253906,25000000.000
36699,2070,10.742188,25000000.000
36700,2092,21.484375,25000000.000
36701,2103,26.855469,25000000.000
36702,2113,31.738281,25000000.000
36703,2112,31.250000,25000000.000
36704,2125,37.597656,25000000.000
36705,2128,39.062500,25000000.000
36706,2130,40.039062,25000000.000
36707,2129,39.550781,25000000.000
36708,2129,39.550781,25000000.000
36709,2125,37.597656,25000000.000
36710,2118,34.179688,25000000.000
36711,2118,34.179688,25000000.000
36712,2103,26.855469,25000000.000
36713,2094,22.460938,25000000.000
36714,2081,16.113281,25000000.000
36715,2080,15.625000,25000000.000
36716,2056,3.906250,25000000.000
36717,2042,-2.929688,25000000.000
36718,2031,-8.300781,25000000.000
36719,2029,-9.277344,25000000.000
36720,2003,-21.972656,25000000.000
36721,1994,-26.367188,25000000.000
36722,1984,-31.250000,25000000.000
36723,1982,-32.226562,25000000.000
36724,1969,-38.574219,25000000.000
36725,1964,-41.015625,25000000.000
36726,1960,-42.968750,25000000.000
36727,1960,-42.968750,25000000.000
36728,1960,-42.968750,25000000.000
36729,1964,-41.015625,25000000.000
36730,1971,-37.597656,25000000.000
36731,1971,-37.597656,25000000.000
36732,1987,-29.785156,25000000.000
36733,1997,-24.902344,25000000.000
36734,2007,-20.019531,25000000.000
36735,2008,-19.531250,25000000.000
36736,2033,-7.324219,25000000.000
36737,2045,-1.464844,25000000.000
36738,2059,5.371094,25000000.000
36739,2060,5.859375,25000000.000
36740,2084,17.578125,25000000.000
36741,2096,23.437500,25000000.000
36742,2106,28.320312,25000000.000
36743,2106,28.320312,25000000.000
36744,2121,35.644531,25000000.000
36745,2124,37.109375,25000000.000
36746,2128,39.062500,25000000.000
36747,2129,39.550781,25000000.000
36748,2128,39.062500,25000000.000
36749,2126,38.085938,25000000.000
36750,2122,36.132812,25000000.000
36751,2122,36.132812,25000000.000
36752,2110,30.273438,25000000.000
36753,2102,26.367188,25000000.000
36754,2091,20.996094,25000000.000
36755,2089,20.019531,25000000.000
36756,2068,9.765625,25000000.000
36757,2055,3.417969,25000000.000
36758,2041,-3.417969,25000000.000
36759,2039,-4.394531,25000000.000
36760,2015,-16.113281,25000000.000
36761,2002,-22.460938,25000000.000
36762,1991,-27.832031,25000000.000
36763,1991,-27.832031,25000000.000
36764,1973,-36.621094,25000000.000
36765,1967,-39.550781,25000000.000
36766,1962,-41.992188,25000000.000
36767,1963,-41.503906,25000000.000
36768,1960,-42.968750,25000000.000
36769,1962,-41.992188,25000000.000
36770,1966,-40.039062,25000000.000
36771,1966,-40.039062,25000000.000
36772,1979,-33.691406,25000000.000
36773,1988,-29.296875,25000000.000
36774,1998,-24.414062,25000000.000
36775,1998,-24.414062,25000000.000
36776,2022,-12.695312,25000000.000
36777,2035,-6.347656,25000000.000
36778,2048,0.000000,25000000.000
36779,2048,0.000000,25000000.000
36780,2073,12.207031,25000000.000
36781,2085,18.066406,25000000.000
36782,2096,23.437500,25000000.000
36783,2096,23.437500,25000000.000
36784,2114,32.226562,25000000.000
36785,2121,35.644531,25000000.000
36786,2126,38.085938,25000000.000
36787,2126,38.085938,25000000.000
36788,2130,40.039062,25000000.000
36789,2128,39.062500,25000000.000
36790,2127,38.574219,25000000.000
36791,2126,38.085938,25000000.000
36792,2116,33.203125,25000000.000
36793,2110,30.273438,25000000.000
36794,2101,25.878906,25000000.000
36795,2100,25.390625,25000000.000
36796,2079,15.136719,25000000.000
36797,2065,8.300781,25000000.000
36798,2052,1.953125,25000000.000
36799,2052,1.953125,25000000.000
36800,2025,-11.230469,25000000.000
36801,2012,-17.578125,25000000.000
36802,2000,-23.437500,25000000.000
36803,2001,-22.949219,25000000.000
36804,1979,-33.691406,25000000.000
36805,1972,-37.109375,25000000.000
36806,1966,-40.039062,25000000.000
36807,1965,-40.527344,25000000.000
36808,1959,-43.457031,25000000.000
36809,1960,-42.968750,25000000.000
36810,1962,-41.992188,25000000.000
36811,1963,-41.503906,25000000.000
36812,1972,-37.109375,25000000.000
36813,1980,-33.203125,25000000.000
36814,1988,-29.296875,25000000.000
36815,1990,-28.320312,25000000.000
36816,2011,-18.066406,25000000.000
36817,2023,-12.207031,25000000.000
36818,2036,-5.859375,25000000.000
36819,2037,-5.371094,25000000.000
36820,2062,6.835938,25000000.000
36821,2075,13.183594,25000000.000
36822,2088,19.531250,25000000.000
36823,2088,19.531250,25000000.000
36824,2107,28.808594,25000000.000
36825,2114,32.226562,25000000.000
36826,2121,35.644531,25000000.000
36827,2120,35.156250,25000000.000
36828,2128,39.062500,25000000.000
36829,2128,39.062500,25000000.000
36830,2129,39.550781,25000000.000
36831,2127,38.574219,25000000.000
36832,2121,35.644531,25000000.000
36833,2114,32.226562,25000000.000
36834,2107,28.808594,25000000.000
36835,2106,28.320312,25000000.000
36836,2087,19.042969,25000000.000
36837,2075,13.183594,25000000.000
36838,2063,7.324219,25000000.000
36839,2062,6.835938,25000000.000
36840,2036,-5.859375,25000000.000
36841,2023,-12.207031,25000000.000
36842,2011,-18.066406,25000000.000
36843,2009,-19.042969,25000000.000
36844,1987,-29.785156,25000000.000
36845,1978,-34.179688,25000000.000
36846,1971,-37.597656,25000000.000
36847,1969,-38.574219,25000000.000
36848,1960,-42.968750,25000000.000
36849,1958,-43.945312,25000000.000
36850,1959,-43.457031,25000000.000
36851,1960,-42.968750,25000000.000
36852,1966,-40.039062,25000000.000
36853,1972,-37.109375,25000000.000
36854,1981,-32.714844,25000000.000
36855,1981,-32.714844,25000000.000
36856,2001,-22.949219,25000000.000
36857,2013,-17.089844,25000000.000
36858,2025,-11.230469,25000000.000
36859,2027,-10.253906,25000000.000
36860,2051,1.464844,25000000.000
36861,2064,7.812500,25000000.000
36862,2076,13.671875,25000000.000
36863,2077,14.160156,25000000.000
36864,2099,24.902344,25000000.000
36865,2109,29.785156,25000000.000
36866,2116,33.203125,25000000.000
36867,2116,33.203125,25000000.000
36868,2126,38.085938,25000000.000
36869,2128,39.062500,25000000.000
36870,2129,39.550781,25000000.000
36871,2130,40.039062,25000000.000
36872,2126,38.085938,25000000.000
36873,2121,35.644531,25000000.000
36874,2115,32.714844,25000000.000
36875,2114,32.226562,25000000.000
36876,2097,23.925781,25000000.000
36877,2086,18.554688,25000000.000
36878,2074,12.695312,25000000.000
36879,2073,12.207031,25000000.000
36880,2048,0.000000,25000000.000
36881,2034,-6.835938,25000000.000
36882,2021,-13.183594,25000000.000
36883,2020,-13.671875,25000000.000
36884,1997,-24.902344,25000000.000
36885,1987,-29.785156,25000000.000
36886,1978,-34.179688,25000000.000
36887,1977,-34.667969,25000000.000
36888,1965,-40.527344,25000000.000
36889,1962,-41.992188,25000000.000
36890,1960,-42.968750,25000000.000
36891,1961,-42.480469,25000000.000
36892,1964,-41.015625,25000000.000
36893,1968,-39.062500,25000000.000
36894,1975,-35.644531,25000000.000
36895,1977,-34.667969,25000000.000
36896,1992,-27.343750,25000000.000
36897,2003,-21.972656,25000000.000
36898,2015,-16.113281,25000000.000
36899,2015,-16.113281,25000000.000
36900,2041,-3.417969,25000000.000
36901,2053,2.441406,25000000.000
36902,2066,8.789062,25000000.000
36903,2067,9.277344,25000000.000
36904,2091,20.996094,25000000.000
36905,2101,25.878906,25000000.000
36906,2110,30.273438,25000000.000
36907,2111,30.761719,25000000.000
36908,2123,36.621094,25000000.000
36909,2126,38.085938,25000000.000
36910,2128,39.062500,25000000.000
36911,2129,39.550781,25000000.000
36912,2127,38.574219,25000000.000
36913,2125,37.597656,25000000.000
36914,2120,35.156250,25000000.000
36915,2120,35.156250,25000000.000
36916,2104,27.343750,25000000.000
36917,2095,22.949219,25000000.000
36918,2085,18.066406,25000000.000
36919,2083,17.089844,25000000.000
36920,2061,6.347656,25000000.000
36921,2046,-0.976562,25000000.000
36922,2033,-7.324219,25000000.000
36923,2032,-7.812500,25000000.000
36924,2006,-20.507812,25000000.000
36925,1996,-25.390625,25000000.000
36926,1985,-30.761719,25000000.000
36927,1985,-30.761719,25000000.000
36928,1970,-38.085938,25000000.000
36929,1964,-41.015625,25000000.000
36930,1960,-42.968750,25000000.000
36931,1960,-42.968750,25000000.000
36932,1961,-42.480469,25000000.000
36933,1963,-41.503906,25000000.000
36934,1969,-38.574219,25000000.000
36935,1970,-38.085938,25000000.000
36936,1985,-30.761719,25000000.000
36937,1994,-26.367188,25000000.000
36938,2006,-20.507812,25000000.000
36939,2006,-20.507812,25000000.000
36940,2031,-8.300781,25000000.000
36941,2043,-2.441406,25000000.000
36942,2056,3.906250,25000000.000
36943,2056,3.906250,25000000.000
36944,2082,16.601562,25000000.000
36945,2092,21.484375,25000000.000
36946,2102,26.367188,25000000.000
36947,2104,27.343750,25000000.000
36948,2118,34.179688,25000000.000
36949,2125,37.597656,25000000.000
36950,2127,38.574219,25000000.000
36951,2128,39.062500,25000000.000
36952,2130,40.039062,25000000.000
36953,2129,39.550781,25000000.000
36954,2124,37.109375,25000000.000
36955,2125,37.597656,25000000.000
36956,2114,32.226562,25000000.000
36957,2105,27.832031,25000000.000
36958,2095,22.949219,25000000.000
36959,2093,21.972656,25000000.000
36960,2071,11.230469,25000000.000
36961,2057,4.394531,25000000.000
36962,2044,-1.953125,25000000.000
36963,2043,-2.441406,25000000.000
36964,2016,-15.625000,25000000.000
36965,2006,-20.507812,25000000.000
36966,1994,-26.367188,25000000.000
36967,1993,-26.855469,25000000.000
36968,1975,-35.644531,25000000.000
36969,1968,-39.062500,25000000.000
36970,1964,-41.015625,25000000.000
36971,1963,-41.503906,25000000.000
36972,1960,-42.968750,25000000.000
36973,1960,-42.968750,25000000.000
36974,1964,-41.015625,25000000.000
36975,1965,-40.527344,25000000.000
36976,1976,-35.156250,25000000.000
36977,1985,-30.761719,25000000.000
36978,1996,-25.390625,25000000.000
36979,1996,-25.390625,25000000.000
36980,2018,-14.648438,25000000.000
36981,2032,-7.812500,25000000.000
36982,2044,-1.953125,25000000.000
36983,2045,-1.464844,25000000.000
36984,2071,11.230469,25000000.000
36985,2082,16.601562,25000000.000
36986,2094,22.460938,25000000.000
36987,2096,23.437500,25000000.000
36988,2113,31.738281,25000000.000
36989,2119,34.667969,25000000.000
36990,2124,37.109375,25000000.000
36991,2124,37.109375,25000000.000
36992,2129,39.550781,25000000.000
36993,2128,39.062500,25000000.000
36994,2127,38.574219,25000000.000
36995,2126,38.085938,25000000.000
36996,2117,33.691406,25000000.000
36997,2111,30.761719,25000000.000
36998,2101,25.878906,25000000.000
36999,2101,25.878906,25000000.000
37000,2080,15.625000,25000000.000
37001,2068,9.765625,25000000.000
37002,2056,3.906250,25000000.000
37003,2054,2.929688,25000000.000
37004,2028,-9.765625,25000000.000
37005,2016,-15.625000,25000000.000
37006,2002,-22.460938,25000000.000
37007,2001,-22.949219,25000000.000
37008,1981,-32.714844,25000000.000
37009,1973,-36.621094,25000000.000
37010,1966,-40.039062,25000000.000
37011,1966,-40.039062,25000000.000
37012,1959,-43.457031,25000000.000
37013,1960,-42.968750,25000000.000
37014,1960,-42.968750,25000000.000
37015,1961,-42.480469,25000000.000
37016,1970,-38.085938,25000000.000
37017,1977,-34.667969,25000000.000
37018,1986,-30.273438,25000000.000
37019,1987,-29.785156,25000000.000
37020,2007,-20.019531,25000000.000
37021,2020,-13.671875,25000000.000
37022,2033,-7.324219,25000000.000
37023,2035,-6.347656,25000000.000
37024,2059,5.371094,25000000.000
37025,2071,11.230469,25000000.000
37026,2082,16.601562,25000000.000
37027,2086,18.554688,25000000.000
37028,2105,27.832031,25000000.000
37029,2112,31.250000,25000000.000
37030,2121,35.644531,25000000.000
37031,2121,35.644531,25000000.000
37032,2128,39.062500,25000000.000
37033,2129,39.550781,25000000.000
37034,2129,39.550781,25000000.000
37035,2129,39.550781,25000000.000
37036,2122,36.132812,25000000.000
37037,2117,33.691406,25000000.000
37038,2110,30.273438,25000000.000
37039,2108,29.296875,25000000.000
37040,2091,20.996094,25000000.000
37041,2079,15.136719,25000000.000
37042,2066,8.789062,25000000.000
37043,2066,8.789062,25000000.000
37044,2041,-3.417969,25000000.000
37045,2026,-10.742188,25000000.000
37046,2012,-17.578125,25000000.000
37047,2012,-17.578125,25000000.000
37048,1990,-28.320312,25000000.000
37049,1981,-32.714844,25000000.000
37050,1972,-37.109375,25000000.000
37051,1972,-37.109375,25000000.000
37052,1962,-41.992188,25000000.000
37053,1960,-42.968750,25000000.000
37054,1960,-42.968750,25000000.000
37055,1959,-43.457031,25000000.000
37056,1966,-40.039062,25000000.000
37057,1971,-37.597656,25000000.000
37058,1978,-34.179688,25000000.000
37059,1980,-33.203125,25000000.000
37060,1998,-24.414062,25000000.000
37061,2010,-18.554688,25000000.000
37062,2022,-12.695312,25000000.000
37063,2023,-12.207031,25000000.000
37064,2048,0.000000,25000000.000
37065,2060,5.859375,25000000.000
37066,2074,12.695312,25000000.000
37067,2077,14.160156,25000000.000
37068,2096,23.437500,25000000.000
37069,2107,28.808594,25000000.000
37070,2116,33.203125,25000000.000
37071,2114,32.226562,25000000.000
37072,2125,37.597656,25000000.000
37073,2129,39.550781,25000000.000
37074,2129,39.550781,25000000.000
37075,2130,40.039062,25000000.000
37076,2127,38.574219,25000000.000
37077,2121,35.644531,25000000.000
37078,2116,33.203125,25000000.000
37079,2115,32.714844,25000000.000
37080,2098,24.414062,25000000.000
37081,2089,20.019531,25000000.000
37082,2077,14.160156,25000000.000
37083,2076,13.671875,25000000.000
37084,2051,1.464844,25000000.000
37085,2038,-4.882812,25000000.000
37086,2025,-11.230469,25000000.000
37087,2023,-12.207031,25000000.000
37088,2001,-22.949219,25000000.000
37089,1990,-28.320312,25000000.000
37090,1980,-33.203125,25000000.000
37091,1979,-33.691406,25000000.000
37092,1966,-40.039062,25000000.000
37093,1962,-41.992188,25000000.000
37094,1961,-42.480469,25000000.000
37095,1959,-43.457031,25000000.000
37096,1962,-41.992188,25000000.000
37097,1967,-39.550781,25000000.000
37098,1974,-36.132812,25000000.000
37099,1974,-36.132812,25000000.000
37100,1991,-27.832031,25000000.000
37101,2000,-23.437500,25000000.000
37102,2013,-17.089844,25000000.000
37103,2013,-17.089844,25000000.000
37104,2037,-5.371094,25000000.000
37105,2050,0.976562,25000000.000
37106,2064,7.812500,25000000.000
37107,2064,7.812500,25000000.000
37108,2087,19.042969,25000000.000
37109,2098,24.414062,25000000.000
37110,2109,29.785156,25000000.000
37111,2109,29.785156,25000000.000
37112,2123,36.621094,25000000.000
37113,2126,38.085938,25000000.000
37114,2129,39.550781,25000000.000
37115,2129,39.550781,25000000.000
37116,2130,40.039062,25000000.000
37117,2127,38.574219,25000000.000
37118,2122,36.132812,25000000.000
37119,2122,36.132812,25000000.000
37120,2108,29.296875,25000000.000
37121,2099,24.902344,25000000.000
37122,2088,19.531250,25000000.000
37123,2087,19.042969,25000000.000
37124,2063,7.324219,25000000.000
37125,2050,0.976562,25000000.000
37126,2037,-5.371094,25000000.000
37127,2034,-6.835938,25000000.000
37128,2010,-18.554688,25000000.000
37129,1998,-24.414062,25000000.000
37130,1988,-29.296875,25000000.000
37131,1986,-30.273438,25000000.000
37132,1971,-37.597656,25000000.000
37133,1966,-40.039062,25000000.000
37134,1961,-42.480469,25000000.000
37135,1962,-41.992188,25000000.000
37136,1961,-42.480469,25000000.000
37137,1963,-41.503906,25000000.000
37138,1968,-39.062500,25000000.000
37139,1967,-39.550781,25000000.000
37140,1981,-32.714844,25000000.000
37141,1991,-27.832031,25000000.000
37142,2001,-22.949219,25000000.000
37143,2003,-21.972656,25000000.000
37144,2026,-10.742188,25000000.000
37145,2039,-4.394531,25000000.000
37146,2052,1.953125,25000000.000
37147,2054,2.929688,25000000.000
37148,2078,14.648438,25000000.000
37149,2089,20.019531,25000000.000
37150,2100,25.390625,25000000.000
37151,2100,25.390625,25000000.000
37152,2116,33.203125,25000000.000
37153,2123,36.621094,25000000.000
37154,2127,38.574219,25000000.000
37155,2127,38.574219,25000000.000
37156,2129,39.550781,25000000.000
37157,2127,38.574219,25000000.000
37158,2124,37.109375,25000000.000
37159,2124,37.109375,25000000.000
37160,2114,32.226562,25000000.000
37161,2106,28.320312,25000000.000
37162,2097,23.925781,25000000.000
37163,2096,23.437500,25000000.000
37164,2073,12.207031,25000000.000
37165,2061,6.347656,25000000.000
37166,2048,0.000000,25000000.000
37167,2048,0.000000,25000000.000
37168,2022,-12.695312,25000000.000
37169,2008,-19.531250,25000000.000
37170,1998,-24.414062,25000000.000
37171,1995,-25.878906,25000000.000
37172,1978,-34.179688,25000000.000
37173,1970,-38.085938,25000000.000
37174,1964,-41.015625,25000000.000
37175,1964,-41.015625,25000000.000
37176,1960,-42.968750,25000000.000
37177,1961,-42.480469,25000000.000
37178,1963,-41.503906,25000000.000
37179,1963,-41.503906,25000000.000
37180,1975,-35.644531,25000000.000
37181,1984,-31.250000,25000000.000
37182,1993,-26.855469,25000000.000
37183,1994,-26.367188,25000000.000
37184,2017,-15.136719,25000000.000
37185,2028,-9.765625,25000000.000
37186,2041,-3.417969,25000000.000
37187,2043,-2.441406,25000000.000
37188,2067,9.277344,25000000.000
37189,2078,14.648438,25000000.000
37190,2091,20.996094,25000000.000
37191,2093,21.972656,25000000.000
37192,2110,30.273438,25000000.000
37193,2118,34.179688,25000000.000
37194,2123,36.621094,25000000.000
37195,2123,36.621094,25000000.000
37196,2129,39.550781,25000000.000
37197,2129,39.550781,25000000.000
37198,2128,39.062500,25000000.000
37199,2127,38.574219,25000000.000
37200,2120,35.156250,25000000.000
37201,2113,31.738281,25000000.000
37202,2104,27.343750,25000000.000
37203,2103,26.855469,25000000.000
37204,2083,17.089844,25000000.000
37205,2071,11.230469,25000000.000
37206,2057,4.394531,25000000.000
37207,2058,4.882812,25000000.000
37208,2030,-8.789062,25000000.000
37209,2018,-14.648438,25000000.000
37210,2005,-20.996094,25000000.000
37211,2005,-20.996094,25000000.000
37212,1983,-31.738281,25000000.000
37213,1975,-35.644531,25000000.000
37214,1967,-39.550781,25000000.000
37215,1967,-39.550781,25000000.000
37216,1961,-42.480469,25000000.000
37217,1959,-43.457031,25000000.000
37218,1960,-42.968750,25000000.000
37219,1960,-42.968750,25000000.000
37220,1968,-39.062500,25000000.000
37221,1975,-35.644531,25000000.000
37222,1983,-31.738281,25000000.000
37223,1986,-30.273438,25000000.000
37224,2005,-20.996094,25000000.000
37225,2017,-15.136719,25000000.000
37226,2030,-8.789062,25000000.000
37227,2032,-7.812500,25000000.000
37228,2056,3.906250,25000000.000
37229,2069,10.253906,25000000.000
37230,2082,16.601562,25000000.000
37231,2083,17.089844,25000000.000
37232,2103,26.855469,25000000.000
37233,2112,31.250000,25000000.000
37234,2119,34.667969,25000000.000
37235,2120,35.156250,25000000.000
37236,2127,38.574219,25000000.000
37237,2129,39.550781,25000000.000
37238,2128,39.062500,25000000.000
37239,2128,39.062500,25000000.000
37240,2122,36.132812,25000000.000
37241,2118,34.179688,25000000.000
37242,2109,29.785156,25000000.000
37243,2110,30.273438,25000000.000
37244,2093,21.972656,25000000.000
37245,2079,15.136719,25000000.000
37246,2067,9.277344,25000000.000
37247,2067,9.277344,25000000.000
37248,2043,-2.441406,25000000.000
37249,2029,-9.277344,25000000.000
37250,2016,-15.625000,25000000.000
37251,2015,-16.113281,25000000.000
37252,1992,-27.343750,25000000.000
37253,1982,-32.226562,25000000.000
37254,1975,-35.644531,25000000.000
37255,1973,-36.621094,25000000.000
37256,1964,-41.015625,25000000.000
37257,1959,-43.457031,25000000.000
37258,1959,-43.457031,25000000.000
37259,1959,-43.457031,25000000.000
37260,1964,-41.015625,25000000.000
37261,1970,-38.085938,25000000.000
37262,1977,-34.667969,25000000.000
37263,1978,-34.179688,25000000.000
37264,1997,-24.902344,25000000.000
37265,2007,-20.019531,25000000.000
37266,2019,-14.160156,25000000.000
37267,2021,-13.183594,25000000.000
37268,2044,-1.953125,25000000.000
37269,2058,4.882812,25000000.000
37270,2071,11.230469,25000000.000
37271,2071,11.230469,25000000.000
37272,2094,22.460938,25000000.000
37273,2104,27.343750,25000000.000
37274,2113,31.738281,25000000.000
37275,2113,31.738281,25000000.000
37276,2125,37.597656,25000000.000
37277,2127,38.574219,25000000.000
37278,2129,39.550781,25000000.000
37279,2129,39.550781,25000000.000
37280,2127,38.574219,25000000.000
37281,2123,36.621094,25000000.000
37282,2118,34.179688,25000000.000
37283,2117,33.691406,25000000.000
37284,2103,26.855469,25000000.000
37285,2092,21.484375,25000000.000
37286,2081,16.113281,25000000.000
37287,2079,15.136719,25000000.000
37288,2054,2.929688,25000000.000
37289,2043,-2.441406,25000000.000
37290,2028,-9.765625,25000000.000
37291,2027,-10.253906,25000000.000
37292,2003,-21.972656,25000000.000
37293,1992,-27.343750,25000000.000
37294,1982,-32.226562,25000000.000
37295,1981,-32.714844,25000000.000
37296,1967,-39.550781,25000000.000
37297,1963,-41.503906,25000000.000
37298,1962,-41.992188,25000000.000
37299,1961,-42.480469,25000000.000
37300,1962,-41.992188,25000000.000
37301,1966,-40.039062,25000000.000
37302,1972,-37.109375,25000000.000
37303,1972,-37.109375,25000000.000
37304,1987,-29.785156,25000000.000
37305,1997,-24.902344,25000000.000
37306,2009,-19.042969,25000000.000
37307,2010,-18.554688,25000000.000
37308,2034,-6.835938,25000000.000
37309,2047,-0.488281,25000000.000
37310,2061,6.347656,25000000.000
37311,2062,6.835938,25000000.000
37312,2085,18.066406,25000000.000
37313,2096,23.437500,25000000.000
37314,2105,27.832031,25000000.000
37315,2106,28.320312,25000000.000
37316,2121,35.644531,25000000.000
37317,2126,38.085938,25000000.000
37318,2128,39.062500,25000000.000
37319,2128,39.062500,25000000.000
37320,2129,39.550781,25000000.000
37321,2127,38.574219,25000000.000
37322,2123,36.621094,25000000.000
37323,2122,36.132812,25000000.000
37324,2109,29.785156,25000000.000
37325,2099,24.902344,25000000.000
37326,2090,20.507812,25000000.000
37327,2090,20.507812,25000000.000
37328,2065,8.300781,25000000.000
37329,2053,2.441406,25000000.000
37330,2039,-4.394531,25000000.000
37331,2038,-4.882812,25000000.000
37332,2013,-17.089844,25000000.000
37333,2000,-23.437500,25000000.000
37334,1990,-28.320312,25000000.000
37335,1989,-28.808594,25000000.000
37336,1973,-36.621094,25000000.000
37337,1967,-39.550781,25000000.000
37338,1963,-41.503906,25000000.000
37339,1962,-41.992188,25000000.000
37340,1960,-42.968750,25000000.000
37341,1962,-41.992188,25000000.000
37342,1966,-40.039062,25000000.000
37343,1967,-39.550781,25000000.000
37344,1980,-33.203125,25000000.000
37345,1989,-28.808594,25000000.000
37346,2001,-22.949219,25000000.000
37347,2001,-22.949219,25000000.000
37348,2024,-11.718750,25000000.000
37349,2037,-5.371094,25000000.000
37350,2049,0.488281,25000000.000
37351,2051,1.464844,25000000.000
37352,2076,13.671875,25000000.000
37353,2087,19.042969,25000000.000
37354,2098,24.414062,25000000.000
37355,2099,24.902344,25000000.000
37356,2115,32.714844,25000000.000
37357,2123,36.621094,25000000.000
37358,2128,39.062500,25000000.000
37359,2126,38.085938,25000000.000
37360,2130,40.039062,25000000.000
37361,2129,39.550781,25000000.000
37362,2128,39.062500,25000000.000
37363,2126,38.085938,25000000.000
37364,2117,33.691406,25000000.000
37365,2108,29.296875,25000000.000
37366,2100,25.390625,25000000.000
37367,2099,24.902344,25000000.000
37368,2077,14.160156,25000000.000
37369,2065,8.300781,25000000.000
37370,2050,0.976562,25000000.000
37371,2049,0.488281,25000000.000
37372,2024,-11.718750,25000000.000
37373,2012,-17.578125,25000000.000
37374,1998,-24.414062,25000000.000
37375,2000,-23.437500,25000000.000
37376,1980,-33.203125,25000000.000
37377,1971,-37.597656,25000000.000
37378,1966,-40.039062,25000000.000
37379,1966,-40.039062,25000000.000
37380,1959,-43.457031,25000000.000
37381,1960,-42.968750,25000000.000
37382,1962,-41.992188,25000000.000
37383,1963,-41.503906,25000000.000
37384,1972,-37.109375,25000000.000
37385,1981,-32.714844,25000000.000
37386,1989,-28.808594,25000000.000
37387,1992,-27.343750,25000000.000
37388,2012,-17.578125,25000000.000
37389,2024,-11.718750,25000000.000
37390,2037,-5.371094,25000000.000
37391,2039,-4.394531,25000000.000
37392,2064,7.812500,25000000.000
37393,2078,14.648438,25000000.000
37394,2088,19.531250,25000000.000
37395,2090,20.507812,25000000.000
37396,2108,29.296875,25000000.000
37397,2115,32.714844,25000000.000
37398,2122,36.132812,25000000.000
37399,2122,36.132812,25000000.000
37400,2128,39.062500,25000000.000
37401,2128,39.062500,25000000.000
37402,2128,39.062500,25000000.000
37403,2127,38.574219,25000000.000
37404,2119,34.667969,25000000.000
37405,2114,32.226562,25000000.000
37406,2106,28.320312,25000000.000
37407,2104,27.343750,25000000.000
37408,2086,18.554688,25000000.000
37409,2074,12.695312,25000000.000
37410,2062,6.835938,25000000.000
37411,2060,5.859375,25000000.000
37412,2034,-6.835938,25000000.000
37413,2022,-12.695312,25000000.000
37414,2007,-20.019531,25000000.000
37415,2009,-19.042969,25000000.000
37416,1988,-29.296875,25000000.000
37417,1976,-35.156250,25000000.000
37418,1970,-38.085938,25000000.000
37419,1969,-38.574219,25000000.000
37420,1961,-42.480469,25000000.000
37421,1960,-42.968750,25000000.000
37422,1960,-42.968750,25000000.000
37423,1960,-42.968750,25000000.000
37424,1968,-39.062500,25000000.000
37425,1974,-36.132812,25000000.000
37426,1982,-32.226562,25000000.000
37427,1983,-31.738281,25000000.000
37428,2002,-22.460938,25000000.000
37429,2014,-16.601562,25000000.000
37430,2026,-10.742188,25000000.000
37431,2028,-9.765625,25000000.000
37432,2053,2.441406,25000000.000
37433,2065,8.300781,25000000.000
37434,2079,15.136719,25000000.000
37435,2079,15.136719,25000000.000
37436,2101,25.878906,25000000.000
37437,2109,29.785156,25000000.000
37438,2117,33.691406,25000000.000
37439,2118,34.179688,25000000.000
37440,2126,38.085938,25000000.000
37441,2129,39.550781,25000000.000
37442,2129,39.550781,25000000.000
37443,2129,39.550781,25000000.000
37444,2126,38.085938,25000000.000
37445,2119,34.667969,25000000.000
37446,2112,31.250000,25000000.000
37447,2112,31.250000,25000000.000
37448,2096,23.437500,25000000.000
37449,2084,17.578125,25000000.000
37450,2072,11.718750,25000000.000
37451,2071,11.230469,25000000.000
37452,2047,-0.488281,25000000.000
37453,2033,-7.324219,25000000.000
37454,2019,-14.160156,25000000.000
37455,2018,-14.648438,25000000.000
37456,1995,-25.878906,25000000.000
37457,1986,-30.273438,25000000.000
37458,1976,-35.156250,25000000.000
37459,1976,-35.156250,25000000.000
37460,1964,-41.015625,25000000.000
37461,1960,-42.968750,25000000.000
37462,1959,-43.457031,25000000.000
37463,1960,-42.968750,25000000.000
37464,1963,-41.503906,25000000.000
37465,1966,-40.039062,25000000.000
37466,1974,-36.132812,25000000.000
37467,1975,-35.644531,25000000.000
37468,1993,-26.855469,25000000.000
37469,2005,-20.996094,25000000.000
37470,2016,-15.625000,25000000.000
37471,2018,-14.648438,25000000.000
37472,2042,-2.929688,25000000.000
37473,2055,3.417969,25000000.000
37474,2069,10.253906,25000000.000
37475,2069,10.253906,25000000.000
37476,2093,21.972656,25000000.000
37477,2102,26.367188,25000000.000
37478,2111,30.761719,25000000.000
37479,2112,31.250000,25000000.000
37480,2123,36.621094,25000000.000
37481,2128,39.062500,25000000.000
37482,2130,40.039062,25000000.000
37483,2130,40.039062,25000000.000
37484,2126,38.085938,25000000.000
37485,2125,37.597656,25000000.000
37486,2119,34.667969,25000000.000
37487,2119,34.667969,25000000.000
37488,2104,27.343750,25000000.000
37489,2094,22.460938,25000000.000
37490,2083,17.089844,25000000.000
37491,2081,16.113281,25000000.000
37492,2058,4.882812,25000000.000
37493,2043,-2.441406,25000000.000
37494,2031,-8.300781,25000000.000
37495,2030,-8.789062,25000000.000
37496,2006,-20.507812,25000000.000
37497,1994,-26.367188,25000000.000
37498,1985,-30.761719,25000000.000
37499,1984,-31.250000,25000000.000
37500,1969,-38.574219,25000000.000
37501,1964,-41.015625,25000000.000
37502,1962,-41.992188,25000000.000
37503,1961,-42.480469,25000000.000
37504,1961,-42.480469,25000000.000
37505,1965,-40.527344,25000000.000
37506,1970,-38.085938,25000000.000
37507,1970,-38.085938,25000000.000
37508,1985,-30.761719,25000000.000
37509,1995,-25.878906,25000000.000
37510,2006,-20.507812,25000000.000
37511,2007,-20.019531,25000000.000
37512,2032,-7.812500,25000000.000
37513,2044,-1.953125,25000000.000
37514,2057,4.394531,25000000.000
37515,2058,4.882812,25000000.000
37516,2081,16.113281,25000000.000
37517,2094,22.460938,25000000.000
37518,2103,26.855469,25000000.000
37519,2104,27.343750,25000000.000
37520,2119,34.667969,25000000.000
37521,2124,37.109375,25000000.000
37522,2127,38.574219,25000000.000
37523,2128,39.062500,25000000.000
37524,2128,39.062500,25000000.000
37525,2127,38.574219,25000000.000
37526,2125,37.597656,25000000.000
37527,2124,37.109375,25000000.000
37528,2111,30.761719,25000000.000
37529,2102,26.367188,25000000.000
37530,2093,21.972656,25000000.000
37531,2092,21.484375,25000000.000
37532,2069,10.253906,25000000.000
37533,2055,3.417969,25000000.000
37534,2042,-2.929688,25000000.000
37535,2042,-2.929688,25000000.000
37536,2016,-15.625000,25000000.000
37537,2003,-21.972656,25000000.000
37538,1994,-26.367188,25000000.000
37539,1992,-27.343750,25000000.000
37540,1975,-35.644531,25000000.000
37541,1969,-38.574219,25000000.000
37542,1964,-41.015625,25000000.000
37543,1963,-41.503906,25000000.000
37544,1960,-42.968750,25000000.000
37545,1962,-41.992188,25000000.000
37546,1965,-40.527344,25000000.000
37547,1965,-40.527344,25000000.000
37548,1977,-34.667969,25000000.000
37549,1985,-30.761719,25000000.000
37550,1996,-25.390625,25000000.000
37551,1997,-24.902344,25000000.000
37552,2020,-13.671875,25000000.000
37553,2033,-7.324219,25000000.000
37554,2048,0.000000,25000000.000
37555,2048,0.000000,25000000.000
37556,2069,10.253906,25000000.000
37557,2085,18.066406,25000000.000
37558,2094,22.460938,25000000.000
37559,2095,22.949219,25000000.000
37560,2113,31.738281,25000000.000
37561,2120,35.156250,25000000.000
37562,2124,37.109375,25000000.000
37563,2124,37.109375,25000000.000
37564,2129,39.550781,25000000.000
37565,2128,39.062500,25000000.000
37566,2125,37.597656,25000000.000
37567,2126,38.085938,25000000.000
37568,2117,33.691406,25000000.000
37569,2110,30.273438,25000000.000
37570,2101,25.878906,25000000.000
37571,2099,24.902344,25000000.000
37572,2080,15.625000,25000000.000
37573,2066,8.789062,25000000.000
37574,2053,2.441406,25000000.000
37575,2052,1.953125,25000000.000
37576,2027,-10.253906,25000000.000
37577,2014,-16.601562,25000000.000
37578,2003,-21.972656,25000000.000
37579,2001,-22.949219,25000000.000
37580,1981,-32.714844,25000000.000
37581,1972,-37.109375,25000000.000
37582,1967,-39.550781,25000000.000
37583,1967,-39.550781,25000000.000
37584,1960,-42.968750,25000000.000
37585,1960,-42.968750,25000000.000
37586,1962,-41.992188,25000000.000
37587,1961,-42.480469,25000000.000
37588,1971,-37.597656,25000000.000
37589,1979,-33.691406,25000000.000
37590,1987,-29.785156,25000000.000
37591,1989,-28.808594,25000000.000
37592,2009,-19.042969,25000000.000
37593,2021,-13.183594,25000000.000
37594,2034,-6.835938,25000000.000
37595,2034,-6.835938,25000000.000
37596,2059,5.371094,25000000.000
37597,2072,11.718750,25000000.000
37598,2085,18.066406,25000000.000
37599,2084,17.578125,25000000.000
37600,2106,28.320312,25000000.000
37601,2114,32.226562,25000000.000
37602,2121,35.644531,25000000.000
37603,2121,35.644531,25000000.000
37604,2127,38.574219,25000000.000
37605,2130,40.039062,25000000.000
37606,2128,39.062500,25000000.000
37607,2129,39.550781,25000000.000
37608,2123,36.621094,25000000.000
37609,2116,33.203125,25000000.000
37610,2109,29.785156,25000000.000
37611,2109,29.785156,25000000.000
37612,2089,20.019531,25000000.000
37613,2079,15.136719,25000000.000
37614,2065,8.300781,25000000.000
37615,2063,7.324219,25000000.000
37616,2038,-4.882812,25000000.000
37617,2024,-11.718750,25000000.000
37618,2013,-17.089844,25000000.000
37619,2010,-18.554688,25000000.000
37620,1989,-28.808594,25000000.000
37621,1980,-33.203125,25000000.000
37622,1972,-37.109375,25000000.000
37623,1972,-37.109375,25000000.000
37624,1962,-41.992188,25000000.000
37625,1959,-43.457031,25000000.000
37626,1960,-42.968750,25000000.000
37627,1960,-42.968750,25000000.000
37628,1966,-40.039062,25000000.000
37629,1973,-36.621094,25000000.000
37630,1979,-33.691406,25000000.000
37631,1981,-32.714844,25000000.000
37632,2000,-23.437500,25000000.000
37633,2012,-17.578125,25000000.000
37634,2023,-12.207031,25000000.000
37635,2024,-11.718750,25000000.000
37636,2051,1.464844,25000000.000
37637,2062,6.835938,25000000.000
37638,2075,13.183594,25000000.000
37639,2076,13.671875,25000000.000
37640,2098,24.414062,25000000.000
37641,2108,29.296875,25000000.000
37642,2116,33.203125,25000000.000
37643,2116,33.203125,25000000.000
37644,2126,38.085938,25000000.000
37645,2129,39.550781,25000000.000
37646,2130,40.039062,25000000.000
37647,2129,39.550781,25000000.000
37648,2126,38.085938,25000000.000
37649,2121,35.644531,25000000.000
37650,2114,32.226562,25000000.000
37651,2114,32.226562,25000000.000
37652,2098,24.414062,25000000.000
37653,2088,19.531250,25000000.000
37654,2075,13.183594,25000000.000
37655,2074,12.695312,25000000.000
37656,2050,0.976562,25000000.000
37657,2037,-5.371094,25000000.000
37658,2024,-11.718750,25000000.000
37659,2022,-12.695312,25000000.000
37660,1999,-23.925781,25000000.000
37661,1988,-29.296875,25000000.000
37662,1979,-33.691406,25000000.000
37663,1978,-34.179688,25000000.000
37664,1965,-40.527344,25000000.000
37665,1962,-41.992188,25000000.000
37666,1959,-43.457031,25000000.000
37667,1960,-42.968750,25000000.000
37668,1964,-41.015625,25000000.000
37669,1968,-39.062500,25000000.000
37670,1973,-36.621094,25000000.000
37671,1975,-35.644531,25000000.000
37672,1992,-27.343750,25000000.000
37673,2002,-22.460938,25000000.000
37674,2013,-17.089844,25000000.000
37675,2014,-16.601562,25000000.000
37676,2038,-4.882812,25000000.000
37677,2053,2.441406,25000000.000
37678,2065,8.300781,25000000.000
37679,2066,8.789062,25000000.000
37680,2089,20.019531,25000000.000
37681,2100,25.390625,25000000.000
37682,2108,29.296875,25000000.000
37683,2109,29.785156,25000000.000
37684,2123,36.621094,25000000.000
37685,2127,38.574219,25000000.000
37686,2129,39.550781,25000000.000
37687,2130,40.039062,25000000.000
37688,2129,39.550781,25000000.000
37689,2126,38.085938,25000000.000
37690,2122,36.132812,25000000.000
37691,2120,35.156250,25000000.000
37692,2107,28.808594,25000000.000
37693,2098,24.414062,25000000.000
37694,2087,19.042969,25000000.000
37695,2085,18.066406,25000000.000
37696,2061,6.347656,25000000.000
37697,2048,0.000000,25000000.000
37698,2035,-6.347656,25000000.000
37699,2034,-6.835938,25000000.000
37700,2009,-19.042969,25000000.000
37701,1998,-24.414062,25000000.000
37702,1987,-29.785156,25000000.000
37703,1985,-30.761719,25000000.000
37704,1971,-37.597656,25000000.000
37705,1965,-40.527344,25000000.000
37706,1963,-41.503906,25000000.000
37707,1961,-42.480469,25000000.000
37708,1962,-41.992188,25000000.000
37709,1965,-40.527344,25000000.000
37710,1969,-38.574219,25000000.000
37711,1969,-38.574219,25000000.000
37712,1983,-31.738281,25000000.000
37713,1993,-26.855469,25000000.000
37714,2003,-21.972656,25000000.000
37715,2005,-20.996094,25000000.000
37716,2028,-9.765625,25000000.000
37717,2040,-3.906250,25000000.000
37718,2055,3.417969,25000000.000
37719,2055,3.417969,25000000.000
37720,2079,15.136719,25000000.000
37721,2090,20.507812,25000000.000
37722,2102,26.367188,25000000.000
37723,2101,25.878906,25000000.000
37724,2117,33.691406,25000000.000
37725,2123,36.621094,25000000.000
37726,2128,39.062500,25000000.000
37727,2128,39.062500,25000000.000
37728,2129,39.550781,25000000.000
37729,2127,38.574219,25000000.000
37730,2124,37.109375,25000000.000
37731,2123,36.621094,25000000.000
37732,2113,31.738281,25000000.000
37733,2105,27.832031,25000000.000
37734,2095,22.949219,25000000.000
37735,2094,22.460938,25000000.000
37736,2073,12.207031,25000000.000
37737,2060,5.859375,25000000.000
37738,2045,-1.464844,25000000.000
37739,2044,-1.953125,25000000.000
37740,2019,-14.160156,25000000.000
37741,2007,-20.019531,25000000.000
37742,1995,-25.878906,25000000.000
37743,1994,-26.367188,25000000.000
37744,1976,-35.156250,25000000.000
37745,1968,-39.062500,25000000.000
37746,1964,-41.015625,25000000.000
37747,1962,-41.992188,25000000.000
37748,1960,-42.968750,25000000.000
37749,1960,-42.968750,25000000.000
37750,1963,-41.503906,25000000.000
37751,1964,-41.015625,25000000.000
37752,1975,-35.644531,25000000.000
37753,1983,-31.738281,25000000.000
37754,1993,-26.855469,25000000.000
37755,1994,-26.367188,25000000.000
37756,2017,-15.136719,25000000.000
37757,2029,-9.277344,25000000.000
37758,2041,-3.417969,25000000.000
37759,2042,-2.929688,25000000.000
37760,2069,10.253906,25000000.000
37761,2080,15.625000,25000000.000
37762,2092,21.484375,25000000.000
37763,2093,21.972656,25000000.000
37764,2111,30.761719,25000000.000
37765,2119,34.667969,25000000.000
37766,2124,37.109375,25000000.000
37767,2124,37.109375,25000000.000
37768,2128,39.062500,25000000.000
37769,2129,39.550781,25000000.000
37770,2127,38.574219,25000000.000
37771,2126,38.085938,25000000.000
37772,2119,34.667969,25000000.000
37773,2112,31.250000,25000000.000
37774,2102,26.367188,25000000.000
37775,2102,26.367188,25000000.000
37776,2081,16.113281,25000000.000
37777,2069,10.253906,25000000.000
37778,2055,3.417969,25000000.000
37779,2055,3.417969,25000000.000
37780,2030,-8.789062,25000000.000
37781,2016,-15.625000,25000000.000
37782,2004,-21.484375,25000000.000
37783,2004,-21.484375,25000000.000
37784,1982,-32.226562,25000000.000
37785,1973,-36.621094,25000000.000
37786,1969,-38.574219,25000000.000
37787,1967,-39.550781,25000000.000
37788,1962,-41.992188,25000000.000
37789,1959,-43.457031,25000000.000
37790,1962,-41.992188,25000000.000
37791,1961,-42.480469,25000000.000
37792,1969,-38.574219,25000000.000
37793,1976,-35.156250,25000000.000
37794,1984,-31.250000,25000000.000
37795,1985,-30.761719,25000000.000
37796,2006,-20.507812,25000000.000
37797,2018,-14.648438,25000000.000
37798,2031,-8.300781,25000000.000
37799,2032,-7.812500,25000000.000
37800,2057,4.394531,25000000.000
37801,2070,10.742188,25000000.000
37802,2082,16.601562,25000000.000
37803,2083,17.089844,25000000.000
37804,2103,26.855469,25000000.000
37805,2113,31.738281,25000000.000
37806,2118,34.179688,25000000.000
37807,2119,34.667969,25000000.000
37808,2127,38.574219,25000000.000
37809,2128,39.062500,25000000.000
37810,2127,38.574219,25000000.000
37811,2128,39.062500,25000000.000
37812,2122,36.132812,25000000.000
37813,2117,33.691406,25000000.000
37814,2110,30.273438,25000000.000
37815,2109,29.785156,25000000.000
37816,2091,20.996094,25000000.000
37817,2080,15.625000,25000000.000
37818,2068,9.765625,25000000.000
37819,2066,8.789062,25000000.000
37820,2042,-2.929688,25000000.000
37821,2028,-9.765625,25000000.000
37822,2015,-16.113281,25000000.000
37823,2014,-16.601562,25000000.000
37824,1992,-27.343750,25000000.000
37825,1982,-32.226562,25000000.000
37826,1973,-36.621094,25000000.000
37827,1973,-36.621094,25000000.000
37828,1962,-41.992188,25000000.000
37829,1959,-43.457031,25000000.000
37830,1959,-43.457031,25000000.000
37831,1959,-43.457031,25000000.000
37832,1965,-40.527344,25000000.000
37833,1971,-37.597656,25000000.000
37834,1980,-33.203125,25000000.000
37835,1979,-33.691406,25000000.000
37836,1997,-24.902344,25000000.000
37837,2009,-19.042969,25000000.000
37838,2021,-13.183594,25000000.000
37839,2022,-12.695312,25000000.000
37840,2046,-0.976562,25000000.000
37841,2059,5.371094,25000000.000
37842,2071,11.230469,25000000.000
37843,2073,12.207031,25000000.000
37844,2095,22.949219,25000000.000
37845,2105,27.832031,25000000.000
37846,2114,32.226562,25000000.000
37847,2115,32.714844,25000000.000
37848,2125,37.597656,25000000.000
37849,2129,39.550781,25000000.000
37850,2129,39.550781,25000000.000
37851,2130,40.039062,25000000.000
37852,2128,39.062500,25000000.000
37853,2124,37.109375,25000000.000
37854,2118,34.179688,25000000.000
37855,2118,34.179688,25000000.000
37856,2102,26.367188,25000000.000
37857,2091,20.996094,25000000.000
37858,2080,15.625000,25000000.000
37859,2077,14.160156,25000000.000
37860,2054,2.929688,25000000.000
37861,2039,-4.394531,25000000.000
37862,2027,-10.253906,25000000.000
37863,2026,-10.742188,25000000.000
37864,2001,-22.949219,25000000.000
37865,1990,-28.320312,25000000.000
37866,1981,-32.714844,25000000.000
37867,1980,-33.203125,25000000.000
37868,1967,-39.550781,25000000.000
37869,1962,-41.992188,25000000.000
37870,1960,-42.968750,25000000.000
37871,1960,-42.968750,25000000.000
37872,1962,-41.992188,25000000.000
37873,1966,-40.039062,25000000.000
37874,1972,-37.109375,25000000.000
37875,1972,-37.109375,25000000.000
37876,1987,-29.785156,25000000.000
37877,1998,-24.414062,25000000.000
37878,2010,-18.554688,25000000.000
37879,2012,-17.578125,25000000.000
37880,2036,-5.859375,25000000.000
37881,2050,0.976562,25000000.000
37882,2063,7.324219,25000000.000
37883,2064,7.812500,25000000.000
37884,2087,19.042969,25000000.000
37885,2098,24.414062,25000000.000
37886,2108,29.296875,25000000.000
37887,2109,29.785156,25000000.000
37888,2122,36.132812,25000000.000
37889,2126,38.085938,25000000.000
37890,2128,39.062500,25000000.000
37891,2129,39.550781,25000000.000
37892,2128,39.062500,25000000.000
37893,2126,38.085938,25000000.000
37894,2122,36.132812,25000000.000
37895,2121,35.644531,25000000.000
37896,2108,29.296875,25000000.000
37897,2098,24.414062,25000000.000
37898,2088,19.531250,25000000.000
37899,2087,19.042969,25000000.000
37900,2064,7.812500,25000000.000
37901,2051,1.464844,25000000.000
37902,2038,-4.882812,25000000.000
37903,2036,-5.859375,25000000.000
37904,2011,-18.066406,25000000.000
37905,2000,-23.437500,25000000.000
37906,1989,-28.808594,25000000.000
37907,1987,-29.785156,25000000.000
37908,1972,-37.109375,25000000.000
37909,1966,-40.039062,25000000.000
37910,1961,-42.480469,25000000.000
37911,1961,-42.480469,25000000.000
37912,1960,-42.968750,25000000.000
37913,1962,-41.992188,25000000.000
37914,1967,-39.550781,25000000.000
37915,1966,-40.039062,25000000.000
37916,1981,-32.714844,25000000.000
37917,1990,-28.320312,25000000.000
37918,2001,-22.949219,25000000.000
37919,2002,-22.460938,25000000.000
37920,2026,-10.742188,25000000.000
37921,2037,-5.371094,25000000.000
37922,2051,1.464844,25000000.000
37923,2053,2.441406,25000000.000
37924,2077,14.160156,25000000.000
37925,2088,19.531250,25000000.000
37926,2100,25.390625,25000000.000
37927,2101,25.878906,25000000.000
37928,2117,33.691406,25000000.000
37929,2123,36.621094,25000000.000
37930,2126,38.085938,25000000.000
37931,2128,39.062500,25000000.000
37932,2131,40.527344,25000000.000
37933,2129,39.550781,25000000.000
37934,2127,38.574219,25000000.000
37935,2125,37.597656,25000000.000
37936,2115,32.714844,25000000.000
37937,2109,29.785156,25000000.000
37938,2097,23.925781,25000000.000
37939,2096,23.437500,25000000.000
37940,2076,13.671875,25000000.000
37941,2062,6.835938,25000000.000
37942,2049,0.488281,25000000.000
37943,2048,0.000000,25000000.000
37944,2023,-12.207031,25000000.000
37945,2010,-18.554688,25000000.000
37946,1998,-24.414062,25000000.000
37947,1997,-24.902344,25000000.000
37948,1978,-34.179688,25000000.000
37949,1971,-37.597656,25000000.000
37950,1965,-40.527344,25000000.000
37951,1965,-40.527344,25000000.000
37952,1959,-43.457031,25000000.000
37953,1960,-42.968750,25000000.000
37954,1962,-41.992188,25000000.000
37955,1963,-41.503906,25000000.000
37956,1973,-36.621094,25000000.000
37957,1980,-33.203125,25000000.000
37958,1991,-27.832031,25000000.000
37959,1991,-27.832031,25000000.000
37960,2013,-17.089844,25000000.000
37961,2026,-10.742188,25000000.000
37962,2039,-4.394531,25000000.000
37963,2041,-3.417969,25000000.000
37964,2065,8.300781,25000000.000
37965,2078,14.648438,25000000.000
37966,2089,20.019531,25000000.000
37967,2091,20.996094,25000000.000
37968,2110,30.273438,25000000.000
37969,2116,33.203125,25000000.000
37970,2123,36.621094,25000000.000
37971,2123,36.621094,25000000.000
37972,2129,39.550781,25000000.000
37973,2129,39.550781,25000000.000
37974,2127,38.574219,25000000.000
37975,2127,38.574219,25000000.000
37976,2120,35.156250,25000000.000
37977,2113,31.738281,25000000.000
37978,2105,27.832031,25000000.000
37979,2104,27.343750,25000000.000
37980,2084,17.578125,25000000.000
37981,2072,11.718750,25000000.000
37982,2060,5.859375,25000000.000
37983,2058,4.882812,25000000.000
37984,2032,-7.812500,25000000.000
37985,2019,-14.160156,25000000.000
37986,2008,-19.531250,25000000.000
37987,2006,-20.507812,25000000.000
37988,1986,-30.273438,25000000.000
37989,1977,-34.667969,25000000.000
37990,1970,-38.085938,25000000.000
37991,1969,-38.574219,25000000.000
37992,1960,-42.968750,25000000.000
37993,1958,-43.945312,25000000.000
37994,1960,-42.968750,25000000.000
37995,1960,-42.968750,25000000.000
37996,1967,-39.550781,25000000.000
37997,1974,-36.132812,25000000.000
37998,1983,-31.738281,25000000.000
37999,1984,-31.250000,25000000.000
38000,2004,-21.484375,25000000.000
38001,2016,-15.625000,25000000.000
38002,2028,-9.765625,25000000.000
38003,2029,-9.277344,25000000.000
38004,2055,3.417969,25000000.000
38005,2067,9.277344,25000000.000
38006,2080,15.625000,25000000.000
38007,2081,16.113281,25000000.000
38008,2101,25.878906,25000000.000
38009,2110,30.273438,25000000.000
38010,2117,33.691406,25000000.000
38011,2118,34.179688,25000000.000
38012,2128,39.062500,25000000.000
38013,2129,39.550781,25000000.000
38014,2129,39.550781,25000000.000
38015,2129,39.550781,25000000.000
38016,2125,37.597656,25000000.000
38017,2119,34.667969,25000000.000
38018,2112,31.250000,25000000.000
38019,2111,30.761719,25000000.000
38020,2094,22.460938,25000000.000
38021,2083,17.089844,25000000.000
38022,2071,11.230469,25000000.000
38023,2068,9.765625,25000000.000
38024,2043,-2.441406,25000000.000
38025,2031,-8.300781,25000000.000
38026,2018,-14.648438,25000000.000
38027,2016,-15.625000,25000000.000
38028,1994,-26.367188,25000000.000
38029,1983,-31.738281,25000000.000
38030,1975,-35.644531,25000000.000
38031,1975,-35.644531,25000000.000
38032,1964,-41.015625,25000000.000
38033,1961,-42.480469,25000000.000
38034,1960,-42.968750,25000000.000
38035,1960,-42.968750,25000000.000
38036,1962,-41.992188,25000000.000
38037,1969,-38.574219,25000000.000
38038,1976,-35.156250,25000000.000
38039,1977,-34.667969,25000000.000
38040,1995,-25.878906,25000000.000
38041,2006,-20.507812,25000000.000
38042,2018,-14.648438,25000000.000
38043,2019,-14.160156,25000000.000
38044,2044,-1.953125,25000000.000
38045,2057,4.394531,25000000.000
38046,2069,10.253906,25000000.000
38047,2072,11.718750,25000000.000
38048,2093,21.972656,25000000.000
38049,2103,26.855469,25000000.000
38050,2113,31.738281,25000000.000
38051,2112,31.250000,25000000.000
38052,2126,38.085938,25000000.000
38053,2128,39.062500,25000000.000
38054,2130,40.039062,25000000.000
38055,2129,39.550781,25000000.000
38056,2128,39.062500,25000000.000
38057,2124,37.109375,25000000.000
38058,2120,35.156250,25000000.000
38059,2119,34.667969,25000000.000
38060,2104,27.343750,25000000.000
38061,2092,21.484375,25000000.000
38062,2082,16.601562,25000000.000
38063,2080,15.625000,25000000.000
38064,2057,4.394531,25000000.000
38065,2042,-2.929688,25000000.000
38066,2030,-8.789062,25000000.000
38067,2028,-9.765625,25000000.000
38068,2004,-21.484375,25000000.000
38069,1993,-26.855469,25000000.000
38070,1985,-30.761719,25000000.000
38071,1983,-31.738281,25000000.000
38072,1967,-39.550781,25000000.000
38073,1962,-41.992188,25000000.000
38074,1961,-42.480469,25000000.000
38075,1959,-43.457031,25000000.000
38076,1960,-42.968750,25000000.000
38077,1965,-40.527344,25000000.000
38078,1970,-38.085938,25000000.000
38079,1970,-38.085938,25000000.000
38080,1985,-30.761719,25000000.000
38081,1997,-24.902344,25000000.000
38082,2007,-20.019531,25000000.000
38083,2009,-19.042969,25000000.000
38084,2033,-7.324219,25000000.000
38085,2046,-0.976562,25000000.000
38086,2059,5.371094,25000000.000
38087,2060,5.859375,25000000.000
38088,2083,17.089844,25000000.000
38089,2095,22.949219,25000000.000
38090,2104,27.343750,25000000.000
38091,2105,27.832031,25000000.000
38092,2121,35.644531,25000000.000
38093,2125,37.597656,25000000.000
38094,2129,39.550781,25000000.000
38095,2129,39.550781,25000000.000
38096,2130,40.039062,25000000.000
38097,2128,39.062500,25000000.000
38098,2124,37.109375,25000000.000
38099,2123,36.621094,25000000.000
38100,2110,30.273438,25000000.000
38101,2102,26.367188,25000000.000
38102,2091,20.996094,25000000.000
38103,2090,20.507812,25000000.000
38104,2067,9.277344,25000000.000
38105,2053,2.441406,25000000.000
38106,2040,-3.906250,25000000.000
38107,2039,-4.394531,25000000.000
38108,2014,-16.601562,25000000.000
38109,2002,-22.460938,25000000.000
38110,1991,-27.832031,25000000.000
38111,1991,-27.832031,25000000.000
38112,1974,-36.132812,25000000.000
38113,1967,-39.550781,25000000.000
38114,1964,-41.015625,25000000.000
38115,1962,-41.992188,25000000.000
38116,1959,-43.457031,25000000.000
38117,1961,-42.480469,25000000.000
38118,1966,-40.039062,25000000.000
38119,1966,-40.039062,25000000.000
38120,1979,-33.691406,25000000.000
38121,1987,-29.785156,25000000.000
38122,1998,-24.414062,25000000.000
38123,1999,-23.925781,25000000.000
38124,2022,-12.695312,25000000.000
38125,2035,-6.347656,25000000.000
38126,2048,0.000000,25000000.000
38127,2050,0.976562,25000000.000
38128,2073,12.207031,25000000.000
38129,2086,18.554688,25000000.000
38130,2098,24.414062,25000000.000
38131,2098,24.414062,25000000.000
38132,2115,32.714844,25000000.000
38133,2123,36.621094,25000000.000
38134,2127,38.574219,25000000.000
38135,2127,38.574219,25000000.000
38136,2131,40.527344,25000000.000
38137,2130,40.039062,25000000.000
38138,2127,38.574219,25000000.000
38139,2127,38.574219,25000000.000
38140,2116,33.203125,25000000.000
38141,2110,30.273438,25000000.000
38142,2100,25.390625,25000000.000
38143,2099,24.902344,25000000.000
38144,2078,14.648438,25000000.000
38145,2064,7.812500,25000000.000
38146,2052,1.953125,25000000.000
38147,2051,1.464844,25000000.000
38148,2024,-11.718750,25000000.000
38149,2011,-18.066406,25000000.000
38150,2000,-23.437500,25000000.000
38151,1999,-23.925781,25000000.000
38152,1980,-33.203125,25000000.000
38153,1972,-37.109375,25000000.000
38154,1966,-40.039062,25000000.000
38155,1965,-40.527344,25000000.000
38156,1959,-43.457031,25000000.000
38157,1958,-43.945312,25000000.000
38158,1961,-42.480469,25000000.000
38159,1961,-42.480469,25000000.000
38160,1971,-37.597656,25000000.000
38161,1978,-34.179688,25000000.000
38162,1988,-29.296875,25000000.000
38163,1989,-28.808594,25000000.000
38164,2010,-18.554688,25000000.000
38165,2023,-12.207031,25000000.000
38166,2036,-5.859375,25000000.000
38167,2037,-5.371094,25000000.000
38168,2063,7.324219,25000000.000
38169,2075,13.183594,25000000.000
38170,2086,18.554688,25000000.000
38171,2088,19.531250,25000000.000
38172,2107,28.808594,25000000.000
38173,2115,32.714844,25000000.000
38174,2121,35.644531,25000000.000
38175,2121,35.644531,25000000.000
38176,2128,39.062500,25000000.000
38177,2130,40.039062,25000000.000
38178,2129,39.550781,25000000.000
38179,2128,39.062500,25000000.000
38180,2122,36.132812,25000000.000
38181,2116,33.203125,25000000.000
38182,2108,29.296875,25000000.000
38183,2106,28.320312,25000000.000
38184,2087,19.042969,25000000.000
38185,2077,14.160156,25000000.000
38186,2062,6.835938,25000000.000
38187,2060,5.859375,25000000.000
38188,2035,-6.347656,25000000.000
38189,2024,-11.718750,25000000.000
38190,2010,-18.554688,25000000.000
38191,2009,-19.042969,25000000.000
38192,1988,-29.296875,25000000.000
38193,1980,-33.203125,25000000.000
38194,1971,-37.597656,25000000.000
38195,1970,-38.085938,25000000.000
38196,1962,-41.992188,25000000.000
38197,1960,-42.968750,25000000.000
38198,1959,-43.457031,25000000.000
38199,1961,-42.480469,25000000.000
38200,1967,-39.550781,25000000.000
38201,1972,-37.109375,25000000.000
38202,1980,-33.203125,25000000.000
38203,1980,-33.203125,25000000.000
38204,2000,-23.437500,25000000.000
38205,2012,-17.578125,25000000.000
38206,2025,-11.230469,25000000.000
38207,2026,-10.742188,25000000.000
38208,2051,1.464844,25000000.000
38209,2064,7.812500,25000000.000
38210,2077,14.160156,25000000.000
38211,2079,15.136719,25000000.000
38212,2100,25.390625,25000000.000
38213,2109,29.785156,25000000.000
38214,2117,33.691406,25000000.000
38215,2117,33.691406,25000000.000
38216,2127,38.574219,25000000.000
38217,2129,39.550781,25000000.000
38218,2130,40.039062,25000000.000
38219,2130,40.039062,25000000.000
38220,2125,37.597656,25000000.000
38221,2120,35.156250,25000000.000
38222,2115,32.714844,25000000.000
38223,2114,32.226562,25000000.000
38224,2097,23.925781,25000000.000
38225,2086,18.554688,25000000.000
38226,2074,12.695312,25000000.000
38227,2073,12.207031,25000000.000
38228,2048,0.000000,25000000.000
38229,2034,-6.835938,25000000.000
38230,2021,-13.183594,25000000.000
38231,2020,-13.671875,25000000.000
38232,1997,-24.902344,25000000.000
38233,1987,-29.785156,25000000.000
38234,1978,-34.179688,25000000.000
38235,1977,-34.667969,25000000.000
38236,1964,-41.015625,25000000.000
38237,1961,-42.480469,25000000.000
38238,1959,-43.457031,25000000.000
38239,1960,-42.968750,25000000.000
38240,1962,-41.992188,25000000.000
38241,1969,-38.574219,25000000.000
38242,1975,-35.644531,25000000.000
38243,1975,-35.644531,25000000.000
38244,1993,-26.855469,25000000.000
38245,2003,-21.972656,25000000.000
38246,2014,-16.601562,25000000.000
38247,2017,-15.136719,25000000.000
38248,2040,-3.906250,25000000.000
38249,2053,2.441406,25000000.000
38250,2067,9.277344,25000000.000
38251,2068,9.765625,25000000.000
38252,2091,20.996094,25000000.000
38253,2101,25.878906,25000000.000
38254,2110,30.273438,25000000.000
38255,2111,30.761719,25000000.000
38256,2123,36.621094,25000000.000
38257,2127,38.574219,25000000.000
38258,2130,40.039062,25000000.000
38259,2131,40.527344,25000000.000
38260,2128,39.062500,25000000.000
38261,2126,38.085938,25000000.000
38262,2121,35.644531,25000000.000
38263,2120,35.156250,25000000.000
38264,2106,28.320312,25000000.000
38265,2096,23.437500,25000000.000
38266,2085,18.066406,25000000.000
38267,2084,17.578125,25000000.000
38268,2058,4.882812,25000000.000
38269,2046,-0.976562,25000000.000
38270,2032,-7.812500,25000000.000
38271,2032,-7.812500,25000000.000
38272,2007,-20.019531,25000000.000
38273,1996,-25.390625,25000000.000
38274,1986,-30.273438,25000000.000
38275,1984,-31.250000,25000000.000
38276,1970,-38.085938,25000000.000
38277,1965,-40.527344,25000000.000
38278,1961,-42.480469,25000000.000
38279,1961,-42.480469,25000000.000
38280,1961,-42.480469,25000000.000
38281,1963,-41.503906,25000000.000
38282,1969,-38.574219,25000000.000
38283,1969,-38.574219,25000000.000
38284,1985,-30.761719,25000000.000
38285,1993,-26.855469,25000000.000
38286,2005,-20.996094,25000000.000
38287,2006,-20.507812,25000000.000
38288,2030,-8.789062,25000000.000
38289,2042,-2.929688,25000000.000
38290,2056,3.906250,25000000.000
38291,2056,3.906250,25000000.000
38292,2081,16.113281,25000000.000
38293,2093,21.972656,25000000.000
38294,2103,26.855469,25000000.000
38295,2104,27.343750,25000000.000
38296,2119,34.667969,25000000.000
38297,2125,37.597656,25000000.000
38298,2127,38.574219,25000000.000
38299,2128,39.062500,25000000.000
38300,2129,39.550781,25000000.000
38301,2128,39.062500,25000000.000
38302,2125,37.597656,25000000.000
38303,2124,37.109375,25000000.000
38304,2112,31.250000,25000000.000
38305,2104,27.343750,25000000.000
38306,2094,22.460938,25000000.000
38307,2093,21.972656,25000000.000
38308,2071,11.230469,25000000.000
38309,2058,4.882812,25000000.000
38310,2044,-1.953125,25000000.000
38311,2043,-2.441406,25000000.000
38312,2019,-14.160156,25000000.000
38313,2006,-20.507812,25000000.000
38314,1995,-25.878906,25000000.000
38315,1994,-26.367188,25000000.000
38316,1975,-35.644531,25000000.000
38317,1969,-38.574219,25000000.000
38318,1964,-41.015625,25000000.000
38319,1963,-41.503906,25000000.000
38320,1960,-42.968750,25000000.000
38321,1960,-42.968750,25000000.000
38322,1964,-41.015625,25000000.000
38323,1964,-41.015625,25000000.000
38324,1977,-34.667969,25000000.000
38325,1985,-30.761719,25000000.000
38326,1995,-25.878906,25000000.000
38327,1996,-25.390625,25000000.000
38328,2018,-14.648438,25000000.000
38329,2031,-8.300781,25000000.000
38330,2043,-2.441406,25000000.000
38331,2045,-1.464844,25000000.000
38332,2070,10.742188,25000000.000
38333,2083,17.089844,25000000.000
38334,2094,22.460938,25000000.000
38335,2095,22.949219,25000000.000
38336,2112,31.250000,25000000.000
38337,2120,35.156250,25000000.000
38338,2125,37.597656,25000000.000
38339,2125,37.597656,25000000.000
38340,2130,40.039062,25000000.000
38341,2129,39.550781,25000000.000
38342,2128,39.062500,25000000.000
38343,2128,39.062500,25000000.000
38344,2117,33.691406,25000000.000
38345,2112,31.250000,25000000.000
38346,2104,27.343750,25000000.000
38347,2102,26.367188,25000000.000
38348,2081,16.113281,25000000.000
38349,2067,9.277344,25000000.000
38350,2055,3.417969,25000000.000
38351,2052,1.953125,25000000.000
38352,2028,-9.765625,25000000.000
38353,2015,-16.113281,25000000.000
38354,2003,-21.972656,25000000.000
38355,2001,-22.949219,25000000.000
38356,1981,-32.714844,25000000.000
38357,1973,-36.621094,25000000.000
38358,1967,-39.550781,25000000.000
38359,1967,-39.550781,25000000.000
38360,1959,-43.457031,25000000.000
38361,1958,-43.945312,25000000.000
38362,1961,-42.480469,25000000.000
38363,1961,-42.480469,25000000.000
38364,1969,-38.574219,25000000.000
38365,1976,-35.156250,25000000.000
38366,1986,-30.273438,25000000.000
38367,1987,-29.785156,25000000.000
38368,2008,-19.531250,25000000.000
38369,2019,-14.160156,25000000.000
38370,2033,-7.324219,25000000.000
38371,2035,-6.347656,25000000.000
38372,2059,5.371094,25000000.000
38373,2072,11.718750,25000000.000
38374,2084,17.578125,25000000.000
38375,2085,18.066406,25000000.000
38376,2106,28.320312,25000000.000
38377,2115,32.714844,25000000.000
38378,2121,35.644531,25000000.000
38379,2121,35.644531,25000000.000
38380,2129,39.550781,25000000.000
38381,2129,39.550781,25000000.000
38382,2129,39.550781,25000000.000
38383,2128,39.062500,25000000.000
38384,2122,36.132812,25000000.000
38385,2116,33.203125,25000000.000
38386,2108,29.296875,25000000.000
38387,2107,28.808594,25000000.000
38388,2090,20.507812,25000000.000
38389,2078,14.648438,25000000.000
38390,2066,8.789062,25000000.000
38391,2064,7.812500,25000000.000
38392,2039,-4.394531,25000000.000
38393,2026,-10.742188,25000000.000
38394,2013,-17.089844,25000000.000
38395,2011,-18.066406,25000000.000
38396,1991,-27.832031,25000000.000
38397,1981,-32.714844,25000000.000
38398,1971,-37.597656,25000000.000
38399,1971,-37.597656,25000000.000
38400,1962,-41.992188,25000000.000
38401,1960,-42.968750,25000000.000
38402,1959,-43.457031,25000000.000
38403,1959,-43.457031,25000000.000
38404,1965,-40.527344,25000000.000
38405,1971,-37.597656,25000000.000
38406,1979,-33.691406,25000000.000
38407,1979,-33.691406,25000000.000
38408,1998,-24.414062,25000000.000
38409,2009,-19.042969,25000000.000
38410,2021,-13.183594,25000000.000
38411,2023,-12.207031,25000000.000
38412,2048,0.000000,25000000.000
38413,2061,6.347656,25000000.000
38414,2074,12.695312,25000000.000
38415,2075,13.183594,25000000.000
38416,2097,23.925781,25000000.000
38417,2107,28.808594,25000000.000
38418,2114,32.226562,25000000.000
38419,2115,32.714844,25000000.000
38420,2123,36.621094,25000000.000
38421,2128,39.062500,25000000.000
38422,2131,40.527344,25000000.000
38423,2130,40.039062,25000000.000
38424,2127,38.574219,25000000.000
38425,2123,36.621094,25000000.000
38426,2117,33.691406,25000000.000
38427,2115,32.714844,25000000.000
38428,2101,25.878906,25000000.000
38429,2089,20.019531,25000000.000
38430,2077,14.160156,25000000.000
38431,2077,14.160156,25000000.000
38432,2050,0.976562,25000000.000
38433,2038,-4.882812,25000000.000
38434,2024,-11.718750,25000000.000
38435,2023,-12.207031,25000000.000
38436,1999,-23.925781,25000000.000
38437,1989,-28.808594,25000000.000
38438,1979,-33.691406,25000000.000
38439,1980,-33.203125,25000000.000
38440,1967,-39.550781,25000000.000
38441,1963,-41.503906,25000000.000
38442,1960,-42.968750,25000000.000
38443,1961,-42.480469,25000000.000
38444,1963,-41.503906,25000000.000
38445,1968,-39.062500,25000000.000
38446,1973,-36.621094,25000000.000
38447,1974,-36.132812,25000000.000
38448,1989,-28.808594,25000000.000
38449,2000,-23.437500,25000000.000
38450,2011,-18.066406,25000000.000
38451,2012,-17.578125,25000000.000
38452,2037,-5.371094,25000000.000
38453,2050,0.976562,25000000.000
38454,2063,7.324219,25000000.000
38455,2065,8.300781,25000000.000
38456,2089,20.019531,25000000.000
38457,2099,24.902344,25000000.000
38458,2109,29.785156,25000000.000
38459,2109,29.785156,25000000.000
38460,2124,37.109375,25000000.000
38461,2125,37.597656,25000000.000
38462,2130,40.039062,25000000.000
38463,2129,39.550781,25000000.000
38464,2129,39.550781,25000000.000
38465,2125,37.597656,25000000.000
38466,2121,35.644531,25000000.000
38467,2120,35.156250,25000000.000
38468,2106,28.320312,25000000.000
38469,2097,23.925781,25000000.000
38470,2086,18.554688,25000000.000
38471,2085,18.066406,25000000.000
38472,2063,7.324219,25000000.000
38473,2050,0.976562,25000000.000
38474,2036,-5.859375,25000000.000
38475,2036,-5.859375,25000000.000
38476,2010,-18.554688,25000000.000
38477,1999,-23.925781,25000000.000
38478,1988,-29.296875,25000000.000
38479,1987,-29.785156,25000000.000
38480,1971,-37.597656,25000000.000
38481,1965,-40.527344,25000000.000
38482,1962,-41.992188,25000000.000
38483,1961,-42.480469,25000000.000
38484,1960,-42.968750,25000000.000
38485,1962,-41.992188,25000000.000
38486,1967,-39.550781,25000000.000
38487,1968,-39.062500,25000000.000
38488,1982,-32.226562,25000000.000
38489,1990,-28.320312,25000000.000
38490,2001,-22.949219,25000000.000
38491,2003,-21.972656,25000000.000
38492,2026,-10.742188,25000000.000
38493,2039,-4.394531,25000000.000
38494,2052,1.953125,25000000.000
38495,2053,2.441406,25000000.000
38496,2078,14.648438,25000000.000
38497,2090,20.507812,25000000.000
38498,2100,25.390625,25000000.000
38499,2102,26.367188,25000000.000
38500,2118,34.179688,25000000.000
38501,2123,36.621094,25000000.000
38502,2128,39.062500,25000000.000
38503,2127,38.574219,25000000.000
38504,2130,40.039062,25000000.000
38505,2129,39.550781,25000000.000
38506,2126,38.085938,25000000.000
38507,2127,38.574219,25000000.000
38508,2116,33.203125,25000000.000
38509,2107,28.808594,25000000.000
38510,2098,24.414062,25000000.000
38511,2097,23.925781,25000000.000
38512,2074,12.695312,25000000.000
38513,2061,6.347656,25000000.000
38514,2048,0.000000,25000000.000
38515,2046,-0.976562,25000000.000
38516,2020,-13.671875,25000000.000
38517,2008,-19.531250,25000000.000
38518,1997,-24.902344,25000000.000
38519,1995,-25.878906,25000000.000
38520,1977,-34.667969,25000000.000
38521,1970,-38.085938,25000000.000
38522,1965,-40.527344,25000000.000
38523,1964,-41.015625,25000000.000
38524,1959,-43.457031,25000000.000
38525,1960,-42.968750,25000000.000
38526,1963,-41.503906,25000000.000
38527,1964,-41.015625,25000000.000
38528,1975,-35.644531,25000000.000
38529,1983,-31.738281,25000000.000
38530,1992,-27.343750,25000000.000
38531,1995,-25.878906,25000000.000
38532,2014,-16.601562,25000000.000
38533,2027,-10.253906,25000000.000
38534,2040,-3.906250,25000000.000
38535,2042,-2.929688,25000000.000
38536,2067,9.277344,25000000.000
38537,2079,15.136719,25000000.000
38538,2092,21.484375,25000000.000
38539,2093,21.972656,25000000.000
38540,2111,30.761719,25000000.000
38541,2118,34.179688,25000000.000
38542,2123,36.621094,25000000.000
38543,2124,37.109375,25000000.000
38544,2128,39.062500,25000000.000
38545,2129,39.550781,25000000.000
38546,2127,38.574219,25000000.000
38547,2128,39.062500,25000000.000
38548,2119,34.667969,25000000.000
38549,2112,31.250000,25000000.000
38550,2103,26.855469,25000000.000
38551,2103,26.855469,25000000.000
38552,2084,17.578125,25000000.000
38553,2071,11.230469,25000000.000
38554,2058,4.882812,25000000.000
38555,2056,3.906250,25000000.000
38556,2031,-8.300781,25000000.000
38557,2019,-14.160156,25000000.000
38558,2006,-20.507812,25000000.000
38559,2004,-21.484375,25000000.000
38560,1983,-31.738281,25000000.000
38561,1976,-35.156250,25000000.000
38562,1969,-38.574219,25000000.000
38563,1968,-39.062500,25000000.000
38564,1959,-43.457031,25000000.000
38565,1959,-43.457031,25000000.000
38566,1961,-42.480469,25000000.000
38567,1960,-42.968750,25000000.000
38568,1968,-39.062500,25000000.000
38569,1975,-35.644531,25000000.000
38570,1984,-31.250000,25000000.000
38571,1985,-30.761719,25000000.000
38572,2004,-21.484375,25000000.000
38573,2016,-15.625000,25000000.000
38574,2029,-9.277344,25000000.000
38575,2030,-8.789062,25000000.000
38576,2056,3.906250,25000000.000
38577,2068,9.765625,25000000.000
38578,2081,16.113281,25000000.000
38579,2081,16.113281,25000000.000
38580,2102,26.367188,25000000.000
38581,2112,31.250000,25000000.000
38582,2119,34.667969,25000000.000
38583,2119,34.667969,25000000.000
38584,2128,39.062500,25000000.000
38585,2129,39.550781,25000000.000
38586,2129,39.550781,25000000.000
38587,2129,39.550781,25000000.000
38588,2125,37.597656,25000000.000
38589,2119,34.667969,25000000.000
38590,2112,31.250000,25000000.000
38591,2111,30.761719,25000000.000
38592,2093,21.972656,25000000.000
38593,2081,16.113281,25000000.000
38594,2069,10.253906,25000000.000
38595,2068,9.765625,25000000.000
38596,2043,-2.441406,25000000.000
38597,2029,-9.277344,25000000.000
38598,2016,-15.625000,25000000.000
38599,2015,-16.113281,25000000.000
38600,1993,-26.855469,25000000.000
38601,1982,-32.226562,25000000.000
38602,1975,-35.644531,25000000.000
38603,1973,-36.621094,25000000.000
38604,1963,-41.503906,25000000.000
38605,1961,-42.480469,25000000.000
38606,1960,-42.968750,25000000.000
38607,1961,-42.480469,25000000.000
38608,1964,-41.015625,25000000.000
38609,1969,-38.574219,25000000.000
38610,1976,-35.156250,25000000.000
38611,1977,-34.667969,25000000.000
38612,1995,-25.878906,25000000.000
38613,2006,-20.507812,25000000.000
38614,2017,-15.136719,25000000.000
38615,2019,-14.160156,25000000.000
38616,2044,-1.953125,25000000.000
38617,2057,4.394531,25000000.000
38618,2070,10.742188,25000000.000
38619,2072,11.718750,25000000.000
38620,2095,22.949219,25000000.000
38621,2105,27.832031,25000000.000
38622,2112,31.250000,25000000.000
38623,2115,32.714844,25000000.000
38624,2125,37.597656,25000000.000
38625,2128,39.062500,25000000.000
38626,2130,40.039062,25000000.000
38627,2131,40.527344,25000000.000
38628,2128,39.062500,25000000.000
38629,2124,37.109375,25000000.000
38630,2118,34.179688,25000000.000
38631,2117,33.691406,25000000.000
38632,2102,26.367188,25000000.000
38633,2092,21.484375,25000000.000
38634,2081,16.113281,25000000.000
38635,2079,15.136719,25000000.000
38636,2055,3.417969,25000000.000
38637,2042,-2.929688,25000000.000
38638,2029,-9.277344,25000000.000
38639,2027,-10.253906,25000000.000
38640,2004,-21.484375,25000000.000
38641,1992,-27.343750,25000000.000
38642,1982,-32.226562,25000000.000
38643,1981,-32.714844,25000000.000
38644,1966,-40.039062,25000000.000
38645,1962,-41.992188,25000000.000
38646,1960,-42.968750,25000000.000
38647,1960,-42.968750,25000000.000
38648,1961,-42.480469,25000000.000
38649,1965,-40.527344,25000000.000
38650,1971,-37.597656,25000000.000
38651,1971,-37.597656,25000000.000
38652,1988,-29.296875,25000000.000
38653,1998,-24.414062,25000000.000
38654,2009,-19.042969,25000000.000
38655,2009,-19.042969,25000000.000
38656,2034,-6.835938,25000000.000
38657,2047,-0.488281,25000000.000
38658,2060,5.859375,25000000.000
38659,2062,6.835938,25000000.000
38660,2086,18.554688,25000000.000
38661,2096,23.437500,25000000.000
38662,2106,28.320312,25000000.000
38663,2108,29.296875,25000000.000
38664,2121,35.644531,25000000.000
38665,2125,37.597656,25000000.000
38666,2128,39.062500,25000000.000
38667,2128,39.062500,25000000.000
38668,2130,40.039062,25000000.000
38669,2127,38.574219,25000000.000
38670,2124,37.109375,25000000.000
38671,2123,36.621094,25000000.000
38672,2109,29.785156,25000000.000
38673,2101,25.878906,25000000.000
38674,2090,20.507812,25000000.000
38675,2089,20.019531,25000000.000
38676,2066,8.789062,25000000.000
38677,2053,2.441406,25000000.000
38678,2038,-4.882812,25000000.000
38679,2038,-4.882812,25000000.000
38680,2012,-17.578125,25000000.000
38681,2000,-23.437500,25000000.000
38682,1989,-28.808594,25000000.000
38683,1989,-28.808594,25000000.000
38684,1973,-36.621094,25000000.000
38685,1967,-39.550781,25000000.000
38686,1963,-41.503906,25000000.000
38687,1963,-41.503906,25000000.000
38688,1961,-42.480469,25000000.000
38689,1961,-42.480469,25000000.000
38690,1966,-40.039062,25000000.000
38691,1966,-40.039062,25000000.000
38692,1979,-33.691406,25000000.000
38693,1988,-29.296875,25000000.000
38694,2000,-23.437500,25000000.000
38695,2000,-23.437500,25000000.000
38696,2023,-12.207031,25000000.000
38697,2036,-5.859375,25000000.000
38698,2050,0.976562,25000000.000
38699,2051,1.464844,25000000.000
38700,2075,13.183594,25000000.000
38701,2088,19.531250,25000000.000
38702,2099,24.902344,25000000.000
38703,2100,25.390625,25000000.000
38704,2117,33.691406,25000000.000
38705,2122,36.132812,25000000.000
38706,2127,38.574219,25000000.000
38707,2127,38.574219,25000000.000
38708,2130,40.039062,25000000.000
38709,2129,39.550781,25000000.000
38710,2126,38.085938,25000000.000
38711,2126,38.085938,25000000.000
38712,2116,33.203125,25000000.000
38713,2109,29.785156,25000000.000
38714,2099,24.902344,25000000.000
38715,2098,24.414062,25000000.000
38716,2078,14.648438,25000000.000
38717,2064,7.812500,25000000.000
38718,2051,1.464844,25000000.000
38719,2049,0.488281,25000000.000
38720,2025,-11.230469,25000000.000
38721,2011,-18.066406,25000000.000
38722,1999,-23.925781,25000000.000
38723,1998,-24.414062,25000000.000
38724,1980,-33.203125,25000000.000
38725,1971,-37.597656,25000000.000
38726,1966,-40.039062,25000000.000
38727,1965,-40.527344,25000000.000
38728,1960,-42.968750,25000000.000
38729,1959,-43.457031,25000000.000
38730,1962,-41.992188,25000000.000
38731,1962,-41.992188,25000000.000
38732,1972,-37.109375,25000000.000
38733,1979,-33.691406,25000000.000
38734,1990,-28.320312,25000000.000
38735,1990,-28.320312,25000000.000
38736,2012,-17.578125,25000000.000
38737,2024,-11.718750,25000000.000
38738,2037,-5.371094,25000000.000
38739,2038,-4.882812,25000000.000
38740,2064,7.812500,25000000.000
38741,2076,13.671875,25000000.000
38742,2089,20.019531,25000000.000
38743,2089,20.019531,25000000.000
38744,2108,29.296875,25000000.000
38745,2116,33.203125,25000000.000
38746,2122,36.132812,25000000.000
38747,2122,36.132812,25000000.000
38748,2129,39.550781,25000000.000
38749,2130,40.039062,25000000.000
38750,2128,39.062500,25000000.000
38751,2128,39.062500,25000000.000
38752,2122,36.132812,25000000.000
38753,2115,32.714844,25000000.000
38754,2107,28.808594,25000000.000
38755,2105,27.832031,25000000.000
38756,2087,19.042969,25000000.000
38757,2074,12.695312,25000000.000
38758,2062,6.835938,25000000.000
38759,2060,5.859375,25000000.000
38760,2034,-6.835938,25000000.000
38761,2020,-13.671875,25000000.000
38762,2008,-19.531250,25000000.000
38763,2007,-20.019531,25000000.000
38764,1985,-30.761719,25000000.000
38765,1977,-34.667969,25000000.000
38766,1969,-38.574219,25000000.000
38767,1970,-38.085938,25000000.000
38768,1961,-42.480469,25000000.000
38769,1958,-43.945312,25000000.000
38770,1957,-44.433594,25000000.000
38771,1957,-44.433594,25000000.000
38772,1967,-39.550781,25000000.000
38773,1975,-35.644531,25000000.000
38774,1980,-33.203125,25000000.000
38775,1982,-32.226562,25000000.000
38776,2002,-22.460938,25000000.000
38777,2014,-16.601562,25000000.000
38778,2026,-10.742188,25000000.000
38779,2026,-10.742188,25000000.000
38780,2053,2.441406,25000000.000
38781,2066,8.789062,25000000.000
38782,2078,14.648438,25000000.000
38783,2080,15.625000,25000000.000
38784,2100,25.390625,25000000.000
38785,2109,29.785156,25000000.000
38786,2118,34.179688,25000000.000
38787,2118,34.179688,25000000.000
38788,2127,38.574219,25000000.000
38789,2129,39.550781,25000000.000
38790,2129,39.550781,25000000.000
38791,2128,39.062500,25000000.000
38792,2123,36.621094,25000000.000
38793,2119,34.667969,25000000.000
38794,2113,31.738281,25000000.000
38795,2112,31.250000,25000000.000
38796,2095,22.949219,25000000.000
38797,2084,17.578125,25000000.000
38798,2072,11.718750,25000000.000
38799,2071,11.230469,25000000.000
38800,2046,-0.976562,25000000.000
38801,2032,-7.812500,25000000.000
38802,2020,-13.671875,25000000.000
38803,2018,-14.648438,25000000.000
38804,1996,-25.390625,25000000.000
38805,1985,-30.761719,25000000.000
38806,1977,-34.667969,25000000.000
38807,1976,-35.156250,25000000.000
38808,1965,-40.527344,25000000.000
38809,1961,-42.480469,25000000.000
38810,1959,-43.457031,25000000.000
38811,1959,-43.457031,25000000.000
38812,1963,-41.503906,25000000.000
38813,1967,-39.550781,25000000.000
38814,1974,-36.132812,25000000.000
38815,1975,-35.644531,25000000.000
38816,1992,-27.343750,25000000.000
38817,2004,-21.484375,25000000.000
38818,2015,-16.113281,25000000.000
38819,2018,-14.648438,25000000.000
38820,2042,-2.929688,25000000.000
38821,2055,3.417969,25000000.000
38822,2068,9.765625,25000000.000
38823,2068,9.765625,25000000.000
38824,2091,20.996094,25000000.000
38825,2102,26.367188,25000000.000
38826,2112,31.250000,25000000.000
38827,2112,31.250000,25000000.000
38828,2123,36.621094,25000000.000
38829,2128,39.062500,25000000.000
38830,2129,39.550781,25000000.000
38831,2129,39.550781,25000000.000
38832,2128,39.062500,25000000.000
38833,2125,37.597656,25000000.000
38834,2121,35.644531,25000000.000
38835,2120,35.156250,25000000.000
38836,2105,27.832031,25000000.000
38837,2095,22.949219,25000000.000
38838,2084,17.578125,25000000.000
38839,2081,16.113281,25000000.000
38840,2058,4.882812,25000000.000
38841,2044,-1.953125,25000000.000
38842,2032,-7.812500,25000000.000
38843,2030,-8.789062,25000000.000
38844,2006,-20.507812,25000000.000
38845,1994,-26.367188,25000000.000
38846,1985,-30.761719,25000000.000
38847,1984,-31.250000,25000000.000
38848,1969,-38.574219,25000000.000
38849,1965,-40.527344,25000000.000
38850,1962,-41.992188,25000000.000
38851,1961,-42.480469,25000000.000
38852,1961,-42.480469,25000000.000
38853,1965,-40.527344,25000000.000
38854,1969,-38.574219,25000000.000
38855,1969,-38.574219,25000000.000
38856,1984,-31.250000,25000000.000
38857,1994,-26.367188,25000000.000
38858,2006,-20.507812,25000000.000
38859,2007,-20.019531,25000000.000
38860,2031,-8.300781,25000000.000
38861,2044,-1.953125,25000000.000
38862,2057,4.394531,25000000.000
38863,2058,4.882812,25000000.000
38864,2084,17.578125,25000000.000
38865,2094,22.460938,25000000.000
38866,2105,27.832031,25000000.000
38867,2105,27.832031,25000000.000
38868,2120,35.156250,25000000.000
38869,2125,37.597656,25000000.000
38870,2129,39.550781,25000000.000
38871,2128,39.062500,25000000.000
38872,2130,40.039062,25000000.000
38873,2128,39.062500,25000000.000
38874,2124,37.109375,25000000.000
38875,2124,37.109375,25000000.000
38876,2112,31.250000,25000000.000
38877,2103,26.855469,25000000.000
38878,2093,21.972656,25000000.000
38879,2092,21.484375,25000000.000
38880,2069,10.253906,25000000.000
38881,2056,3.906250,25000000.000
38882,2042,-2.929688,25000000.000
38883,2040,-3.906250,25000000.000
38884,2016,-15.625000,25000000.000
38885,2004,-21.484375,25000000.000
38886,1993,-26.855469,25000000.000
38887,1992,-27.343750,25000000.000
38888,1973,-36.621094,25000000.000
38889,1967,-39.550781,25000000.000
38890,1963,-41.503906,25000000.000
38891,1962,-41.992188,25000000.000
38892,1960,-42.968750,25000000.000
38893,1960,-42.968750,25000000.000
38894,1964,-41.015625,25000000.000
38895,1966,-40.039062,25000000.000
38896,1978,-34.179688,25000000.000
38897,1986,-30.273438,25000000.000
38898,1997,-24.902344,25000000.000
38899,1997,-24.902344,25000000.000
38900,2021,-13.183594,25000000.000
38901,2033,-7.324219,25000000.000
38902,2046,-0.976562,25000000.000
38903,2047,-0.488281,25000000.000
38904,2072,11.718750,25000000.000
38905,2083,17.089844,25000000.000
38906,2095,22.949219,25000000.000
38907,2097,23.925781,25000000.000
38908,2114,32.226562,25000000.000
38909,2120,35.156250,25000000.000
38910,2124,37.109375,25000000.000
38911,2125,37.597656,25000000.000
38912,2130,40.039062,25000000.000
38913,2129,39.550781,25000000.000
38914,2128,39.062500,25000000.000
38915,2127,38.574219,25000000.000
38916,2118,34.179688,25000000.000
38917,2111,30.761719,25000000.000
38918,2102,26.367188,25000000.000
38919,2101,25.878906,25000000.000
38920,2080,15.625000,25000000.000
38921,2068,9.765625,25000000.000
38922,2054,2.929688,25000000.000
38923,2053,2.441406,25000000.000
38924,2027,-10.253906,25000000.000
38925,2014,-16.601562,25000000.000
38926,2001,-22.949219,25000000.000
38927,2001,-22.949219,25000000.000
38928,1982,-32.226562,25000000.000
38929,1973,-36.621094,25000000.000
38930,1967,-39.550781,25000000.000
38931,1967,-39.550781,25000000.000
38932,1960,-42.968750,25000000.000
38933,1960,-42.968750,25000000.000
38934,1962,-41.992188,25000000.000
38935,1962,-41.992188,25000000.000
38936,1971,-37.597656,25000000.000
38937,1978,-34.179688,25000000.000
38938,1986,-30.273438,25000000.000
38939,1987,-29.785156,25000000.000
38940,2008,-19.531250,25000000.000
38941,2021,-13.183594,25000000.000
38942,2034,-6.835938,25000000.000
38943,2036,-5.859375,25000000.000
38944,2060,5.859375,25000000.000
38945,2073,12.207031,25000000.000
38946,2085,18.066406,25000000.000
38947,2087,19.042969,25000000.000
38948,2106,28.320312,25000000.000
38949,2114,32.226562,25000000.000
38950,2121,35.644531,25000000.000
38951,2122,36.132812,25000000.000
38952,2128,39.062500,25000000.000
38953,2130,40.039062,25000000.000
38954,2128,39.062500,25000000.000
38955,2128,39.062500,25000000.000
38956,2121,35.644531,25000000.000
38957,2116,33.203125,25000000.000
38958,2107,28.808594,25000000.000
38959,2107,28.808594,25000000.000
38960,2089,20.019531,25000000.000
38961,2077,14.160156,25000000.000
38962,2064,7.812500,25000000.000
38963,2064,7.812500,25000000.000
38964,2038,-4.882812,25000000.000
38965,2024,-11.718750,25000000.000
38966,2012,-17.578125,25000000.000
38967,2011,-18.066406,25000000.000
38968,1989,-28.808594,25000000.000
38969,1979,-33.691406,25000000.000
38970,1971,-37.597656,25000000.000
38971,1971,-37.597656,25000000.000
38972,1961,-42.480469,25000000.000
38973,1960,-42.968750,25000000.000
38974,1959,-43.457031,25000000.000
38975,1959,-43.457031,25000000.000
38976,1966,-40.039062,25000000.000
38977,1971,-37.597656,25000000.000
38978,1980,-33.203125,25000000.000
38979,1980,-33.203125,25000000.000
38980,2000,-23.437500,25000000.000
38981,2012,-17.578125,25000000.000
38982,2023,-12.207031,25000000.000
38983,2025,-11.230469,25000000.000
38984,2049,0.488281,25000000.000
38985,2062,6.835938,25000000.000
38986,2074,12.695312,25000000.000
38987,2076,13.671875,25000000.000
38988,2098,24.414062,25000000.000
38989,2107,28.808594,25000000.000
38990,2116,33.203125,25000000.000
38991,2116,33.203125,25000000.000
38992,2125,37.597656,25000000.000
38993,2128,39.062500,25000000.000
38994,2129,39.550781,25000000.000
38995,2128,39.062500,25000000.000
38996,2126,38.085938,25000000.000
38997,2121,35.644531,25000000.000
38998,2116,33.203125,25000000.000
38999,2115,32.714844,25000000.000
39000,2099,24.902344,25000000.000
39001,2087,19.042969,25000000.000
39002,2075,13.183594,25000000.000
39003,2075,13.183594,25000000.000
39004,2049,0.488281,25000000.000
39005,2037,-5.371094,25000000.000
39006,2023,-12.207031,25000000.000
39007,2022,-12.695312,25000000.000
39008,1998,-24.414062,25000000.000
39009,1988,-29.296875,25000000.000
39010,1979,-33.691406,25000000.000
39011,1978,-34.179688,25000000.000
39012,1966,-40.039062,25000000.000
39013,1962,-41.992188,25000000.000
39014,1961,-42.480469,25000000.000
39015,1959,-43.457031,25000000.000
39016,1963,-41.503906,25000000.000
39017,1968,-39.062500,25000000.000
39018,1973,-36.621094,25000000.000
39019,1974,-36.132812,25000000.000
39020,1989,-28.808594,25000000.000
39021,2001,-22.949219,25000000.000
39022,2014,-16.601562,25000000.000
39023,2014,-16.601562,25000000.000
39024,2038,-4.882812,25000000.000
39025,2051,1.464844,25000000.000
39026,2064,7.812500,25000000.000
39027,2066,8.789062,25000000.000
39028,2089,20.019531,25000000.000
39029,2100,25.390625,25000000.000
39030,2109,29.785156,25000000.000
39031,2110,30.273438,25000000.000
39032,2123,36.621094,25000000.000
39033,2127,38.574219,25000000.000
39034,2129,39.550781,25000000.000
39035,2129,39.550781,25000000.000
39036,2128,39.062500,25000000.000
39037,2125,37.597656,25000000.000
39038,2120,35.156250,25000000.000
39039,2121,35.644531,25000000.000
39040,2106,28.320312,25000000.000
39041,2097,23.925781,25000000.000
39042,2087,19.042969,25000000.000
39043,2085,18.066406,25000000.000
39044,2062,6.835938,25000000.000
39045,2049,0.488281,25000000.000
39046,2034,-6.835938,25000000.000
39047,2034,-6.835938,25000000.000
39048,2009,-19.042969,25000000.000
39049,1999,-23.925781,25000000.000
39050,1988,-29.296875,25000000.000
39051,1987,-29.785156,25000000.000
39052,1972,-37.109375,25000000.000
39053,1965,-40.527344,25000000.000
39054,1961,-42.480469,25000000.000
39055,1961,-42.480469,25000000.000
39056,1961,-42.480469,25000000.000
39057,1963,-41.503906,25000000.000
39058,1969,-38.574219,25000000.000
39059,1970,-38.085938,25000000.000
39060,1983,-31.738281,25000000.000
39061,1993,-26.855469,25000000.000
39062,2004,-21.484375,25000000.000
39063,2005,-20.996094,25000000.000
39064,2027,-10.253906,25000000.000
39065,2041,-3.417969,25000000.000
39066,2054,2.929688,25000000.000
39067,2055,3.417969,25000000.000
39068,2079,15.136719,25000000.000
39069,2090,20.507812,25000000.000
39070,2101,25.878906,25000000.000
39071,2101,25.878906,25000000.000
39072,2118,34.179688,25000000.000
39073,2122,36.132812,25000000.000
39074,2127,38.574219,25000000.000
39075,2127,38.574219,25000000.000
39076,2129,39.550781,25000000.000
39077,2129,39.550781,25000000.000
39078,2125,37.597656,25000000.000
39079,2125,37.597656,25000000.000
39080,2113,31.738281,25000000.000
39081,2104,27.343750,25000000.000
39082,2096,23.437500,25000000.000
39083,2095,22.949219,25000000.000
39084,2072,11.718750,25000000.000
39085,2059,5.371094,25000000.000
39086,2046,-0.976562,25000000.000
39087,2045,-1.464844,25000000.000
39088,2019,-14.160156,25000000.000
39089,2007,-20.019531,25000000.000
39090,1997,-24.902344,25000000.000
39091,1994,-26.367188,25000000.000
39092,1977,-34.667969,25000000.000
39093,1969,-38.574219,25000000.000
39094,1965,-40.527344,25000000.000
39095,1965,-40.527344,25000000.000
39096,1961,-42.480469,25000000.000
39097,1962,-41.992188,25000000.000
39098,1966,-40.039062,25000000.000
39099,1965,-40.527344,25000000.000
39100,1975,-35.644531,25000000.000
39101,1984,-31.250000,25000000.000
39102,1994,-26.367188,25000000.000
39103,1994,-26.367188,25000000.000
39104,2017,-15.136719,25000000.000
39105,2030,-8.789062,25000000.000
39106,2043,-2.441406,25000000.000
39107,2044,-1.953125,25000000.000
39108,2069,10.253906,25000000.000
39109,2082,16.601562,25000000.000
39110,2093,21.972656,25000000.000
39111,2095,22.949219,25000000.000
39112,2112,31.250000,25000000.000
39113,2120,35.156250,25000000.000
39114,2125,37.597656,25000000.000
39115,2125,37.597656,25000000.000
39116,2130,40.039062,25000000.000
39117,2130,40.039062,25000000.000
39118,2127,38.574219,25000000.000
39119,2127,38.574219,25000000.000
39120,2118,34.179688,25000000.000
39121,2111,30.761719,25000000.000
39122,2103,26.855469,25000000.000
39123,2102,26.367188,25000000.000
39124,2082,16.601562,25000000.000
39125,2071,11.230469,25000000.000
39126,2058,4.882812,25000000.000
39127,2056,3.906250,25000000.000
39128,2031,-8.300781,25000000.000
39129,2016,-15.625000,25000000.000
39130,2005,-20.996094,25000000.000
39131,2005,-20.996094,25000000.000
39132,1983,-31.738281,25000000.000
39133,1974,-36.132812,25000000.000
39134,1969,-38.574219,25000000.000
39135,1967,-39.550781,25000000.000
39136,1961,-42.480469,25000000.000
39137,1959,-43.457031,25000000.000
39138,1961,-42.480469,25000000.000
39139,1960,-42.968750,25000000.000
39140,1969,-38.574219,25000000.000
39141,1976,-35.156250,25000000.000
39142,1984,-31.250000,25000000.000
39143,1985,-30.761719,25000000.000
39144,2006,-20.507812,25000000.000
39145,2017,-15.136719,25000000.000
39146,2030,-8.789062,25000000.000
39147,2033,-7.324219,25000000.000
39148,2059,5.371094,25000000.000
39149,2070,10.742188,25000000.000
39150,2082,16.601562,25000000.000
39151,2083,17.089844,25000000.000
39152,2105,27.832031,25000000.000
39153,2113,31.738281,25000000.000
39154,2119,34.667969,25000000.000
39155,2120,35.156250,25000000.000
39156,2128,39.062500,25000000.000
39157,2130,40.039062,25000000.000
39158,2128,39.062500,25000000.000
39159,2128,39.062500,25000000.000
39160,2124,37.109375,25000000.000
39161,2118,34.179688,25000000.000
39162,2111,30.761719,25000000.000
39163,2110,30.273438,25000000.000
39164,2091,20.996094,25000000.000
39165,2081,16.113281,25000000.000
39166,2068,9.765625,25000000.000
39167,2067,9.277344,25000000.000
39168,2041,-3.417969,25000000.000
39169,2028,-9.765625,25000000.000
39170,2014,-16.601562,25000000.000
39171,2013,-17.089844,25000000.000
39172,1991,-27.832031,25000000.000
39173,1982,-32.226562,25000000.000
39174,1974,-36.132812,25000000.000
39175,1972,-37.109375,25000000.000
39176,1962,-41.992188,25000000.000
39177,1960,-42.968750,25000000.000
39178,1960,-42.968750,25000000.000
39179,1959,-43.457031,25000000.000
39180,1965,-40.527344,25000000.000
39181,1969,-38.574219,25000000.000
39182,1977,-34.667969,25000000.000
39183,1978,-34.179688,25000000.000
39184,1996,-25.390625,25000000.000
39185,2008,-19.531250,25000000.000
39186,2020,-13.671875,25000000.000
39187,2022,-12.695312,25000000.000
39188,2046,-0.976562,25000000.000
39189,2058,4.882812,25000000.000
39190,2072,11.718750,25000000.000
39191,2074,12.695312,25000000.000
39192,2095,22.949219,25000000.000
39193,2106,28.320312,25000000.000
39194,2114,32.226562,25000000.000
39195,2116,33.203125,25000000.000
39196,2125,37.597656,25000000.000
39197,2128,39.062500,25000000.000
39198,2130,40.039062,25000000.000
39199,2129,39.550781,25000000.000
39200,2126,38.085938,25000000.000
39201,2121,35.644531,25000000.000
39202,2116,33.203125,25000000.000
39203,2115,32.714844,25000000.000
39204,2100,25.390625,25000000.000
39205,2090,20.507812,25000000.000
39206,2079,15.136719,25000000.000
39207,2077,14.160156,25000000.000
39208,2052,1.953125,25000000.000
39209,2039,-4.394531,25000000.000
39210,2026,-10.742188,25000000.000
39211,2025,-11.230469,25000000.000
39212,2003,-21.972656,25000000.000
39213,1990,-28.320312,25000000.000
39214,1981,-32.714844,25000000.000
39215,1980,-33.203125,25000000.000
39216,1967,-39.550781,25000000.000
39217,1962,-41.992188,25000000.000
39218,1961,-42.480469,25000000.000
39219,1960,-42.968750,25000000.000
39220,1961,-42.480469,25000000.000
39221,1965,-40.527344,25000000.000
39222,1972,-37.109375,25000000.000
39223,1972,-37.109375,25000000.000
39224,1988,-29.296875,25000000.000
39225,1999,-23.925781,25000000.000
39226,2010,-18.554688,25000000.000
39227,2012,-17.578125,25000000.000
39228,2036,-5.859375,25000000.000
39229,2048,0.000000,25000000.000
39230,2062,6.835938,25000000.000
39231,2063,7.324219,25000000.000
39232,2087,19.042969,25000000.000
39233,2097,23.925781,25000000.000
39234,2107,28.808594,25000000.000
39235,2107,28.808594,25000000.000
39236,2121,35.644531,25000000.000
39237,2127,38.574219,25000000.000
39238,2128,39.062500,25000000.000
39239,2128,39.062500,25000000.000
39240,2128,39.062500,25000000.000
39241,2127,38.574219,25000000.000
39242,2122,36.132812,25000000.000
39243,2121,35.644531,25000000.000
39244,2109,29.785156,25000000.000
39245,2101,25.878906,25000000.000
39246,2090,20.507812,25000000.000
39247,2089,20.019531,25000000.000
39248,2065,8.300781,25000000.000
39249,2052,1.953125,25000000.000
39250,2038,-4.882812,25000000.000
39251,2037,-5.371094,25000000.000
39252,2012,-17.578125,25000000.000
39253,2000,-23.437500,25000000.000
39254,1988,-29.296875,25000000.000
39255,1989,-28.808594,25000000.000
39256,1973,-36.621094,25000000.000
39257,1965,-40.527344,25000000.000
39258,1961,-42.480469,25000000.000
39259,1963,-41.503906,25000000.000
39260,1961,-42.480469,25000000.000
39261,1962,-41.992188,25000000.000
39262,1967,-39.550781,25000000.000
39263,1968,-39.062500,25000000.000
39264,1980,-33.203125,25000000.000
39265,1989,-28.808594,25000000.000
39266,2000,-23.437500,25000000.000
39267,2002,-22.460938,25000000.000
39268,2023,-12.207031,25000000.000
39269,2037,-5.371094,25000000.000
39270,2050,0.976562,25000000.000
39271,2052,1.953125,25000000.000
39272,2077,14.160156,25000000.000
39273,2089,20.019531,25000000.000
39274,2100,25.390625,25000000.000
39275,2101,25.878906,25000000.000
39276,2117,33.691406,25000000.000
39277,2123,36.621094,25000000.000
39278,2127,38.574219,25000000.000
39279,2127,38.574219,25000000.000
39280,2130,40.039062,25000000.000
39281,2129,39.550781,25000000.000
39282,2126,38.085938,25000000.000
39283,2127,38.574219,25000000.000
39284,2114,32.226562,25000000.000
39285,2107,28.808594,25000000.000
39286,2097,23.925781,25000000.000
39287,2096,23.437500,25000000.000
39288,2075,13.183594,25000000.000
39289,2063,7.324219,25000000.000
39290,2049,0.488281,25000000.000
39291,2048,0.000000,25000000.000
39292,2023,-12.207031,25000000.000
39293,2010,-18.554688,25000000.000
39294,1999,-23.925781,25000000.000
39295,1998,-24.414062,25000000.000
39296,1979,-33.691406,25000000.000
39297,1970,-38.085938,25000000.000
39298,1965,-40.527344,25000000.000
39299,1964,-41.015625,25000000.000
39300,1959,-43.457031,25000000.000
39301,1960,-42.968750,25000000.000
39302,1962,-41.992188,25000000.000
39303,1962,-41.992188,25000000.000
39304,1973,-36.621094,25000000.000
39305,1982,-32.226562,25000000.000
39306,1992,-27.343750,25000000.000
39307,1993,-26.855469,25000000.000
39308,2014,-16.601562,25000000.000
39309,2027,-10.253906,25000000.000
39310,2040,-3.906250,25000000.000
39311,2041,-3.417969,25000000.000
39312,2065,8.300781,25000000.000
39313,2078,14.648438,25000000.000
39314,2090,20.507812,25000000.000
39315,2091,20.996094,25000000.000
39316,2109,29.785156,25000000.000
39317,2118,34.179688,25000000.000
39318,2122,36.132812,25000000.000
39319,2123,36.621094,25000000.000
39320,2129,39.550781,25000000.000
39321,2129,39.550781,25000000.000
39322,2127,38.574219,25000000.000
39323,2128,39.062500,25000000.000
39324,2120,35.156250,25000000.000
39325,2113,31.738281,25000000.000
39326,2106,28.320312,25000000.000
39327,2105,27.832031,25000000.000
39328,2087,19.042969,25000000.000
39329,2074,12.695312,25000000.000
39330,2060,5.859375,25000000.000
39331,2059,5.371094,25000000.000
39332,2033,-7.324219,25000000.000
39333,2021,-13.183594,25000000.000
39334,2007,-20.019531,25000000.000
39335,2006,-20.507812,25000000.000
39336,1986,-30.273438,25000000.000
39337,1977,-34.667969,25000000.000
39338,1970,-38.085938,25000000.000
39339,1970,-38.085938,25000000.000
39340,1961,-42.480469,25000000.000
39341,1960,-42.968750,25000000.000
39342,1961,-42.480469,25000000.000
39343,1960,-42.968750,25000000.000
39344,1967,-39.550781,25000000.000
39345,1974,-36.132812,25000000.000
39346,1983,-31.738281,25000000.000
39347,1983,-31.738281,25000000.000
39348,2002,-22.460938,25000000.000
39349,2014,-16.601562,25000000.000
39350,2027,-10.253906,25000000.000
39351,2029,-9.277344,25000000.000
39352,2053,2.441406,25000000.000
39353,2067,9.277344,25000000.000
39354,2079,15.136719,25000000.000
39355,2080,15.625000,25000000.000
39356,2101,25.878906,25000000.000
39357,2111,30.761719,25000000.000
39358,2117,33.691406,25000000.000
39359,2119,34.667969,25000000.000
39360,2128,39.062500,25000000.000
39361,2130,40.039062,25000000.000
39362,2129,39.550781,25000000.000
39363,2130,40.039062,25000000.000
39364,2123,36.621094,25000000.000
39365,2119,34.667969,25000000.000
39366,2112,31.250000,25000000.000
39367,2111,30.761719,25000000.000
39368,2094,22.460938,25000000.000
39369,2084,17.578125,25000000.000
39370,2072,11.718750,25000000.000
39371,2070,10.742188,25000000.000
39372,2044,-1.953125,25000000.000
39373,2032,-7.812500,25000000.000
39374,2019,-14.160156,25000000.000
39375,2018,-14.648438,25000000.000
39376,1995,-25.878906,25000000.000
39377,1984,-31.250000,25000000.000
39378,1975,-35.644531,25000000.000
39379,1974,-36.132812,25000000.000
39380,1963,-41.503906,25000000.000
39381,1961,-42.480469,25000000.000
39382,1959,-43.457031,25000000.000
39383,1959,-43.457031,25000000.000
39384,1962,-41.992188,25000000.000
39385,1968,-39.062500,25000000.000
39386,1975,-35.644531,25000000.000
39387,1975,-35.644531,25000000.000
39388,1993,-26.855469,25000000.000
39389,2005,-20.996094,25000000.000
39390,2017,-15.136719,25000000.000
39391,2019,-14.160156,25000000.000
39392,2043,-2.441406,25000000.000
39393,2056,3.906250,25000000.000
39394,2069,10.253906,25000000.000
39395,2071,11.230469,25000000.000
39396,2093,21.972656,25000000.000
39397,2103,26.855469,25000000.000
39398,2112,31.250000,25000000.000
39399,2112,31.250000,25000000.000
39400,2125,37.597656,25000000.000
39401,2128,39.062500,25000000.000
39402,2130,40.039062,25000000.000
39403,2130,40.039062,25000000.000
39404,2128,39.062500,25000000.000
39405,2125,37.597656,25000000.000
39406,2118,34.179688,25000000.000
39407,2119,34.667969,25000000.000
39408,2103,26.855469,25000000.000
39409,2094,22.460938,25000000.000
39410,2083,17.089844,25000000.000
39411,2080,15.625000,25000000.000
39412,2057,4.394531,25000000.000
39413,2043,-2.441406,25000000.000
39414,2029,-9.277344,25000000.000
39415,2027,-10.253906,25000000.000
39416,2004,-21.484375,25000000.000
39417,1993,-26.855469,25000000.000
39418,1982,-32.226562,25000000.000
39419,1981,-32.714844,25000000.000
39420,1968,-39.062500,25000000.000
39421,1964,-41.015625,25000000.000
39422,1960,-42.968750,25000000.000
39423,1961,-42.480469,25000000.000
39424,1962,-41.992188,25000000.000
39425,1964,-41.015625,25000000.000
39426,1971,-37.597656,25000000.000
39427,1971,-37.597656,25000000.000
39428,1986,-30.273438,25000000.000
39429,1996,-25.390625,25000000.000
39430,2007,-20.019531,25000000.000
39431,2008,-19.531250,25000000.000
39432,2031,-8.300781,25000000.000
39433,2046,-0.976562,25000000.000
39434,2059,5.371094,25000000.000
39435,2059,5.371094,25000000.000
39436,2084,17.578125,25000000.000
39437,2096,23.437500,25000000.000
39438,2107,28.808594,25000000.000
39439,2107,28.808594,25000000.000
39440,2120,35.156250,25000000.000
39441,2126,38.085938,25000000.000
39442,2129,39.550781,25000000.000
39443,2129,39.550781,25000000.000
39444,2130,40.039062,25000000.000
39445,2128,39.062500,25000000.000
39446,2124,37.109375,25000000.000
39447,2122,36.132812,25000000.000
39448,2111,30.761719,25000000.000
39449,2102,26.367188,25000000.000
39450,2091,20.996094,25000000.000
39451,2091,20.996094,25000000.000
39452,2068,9.765625,25000000.000
39453,2054,2.929688,25000000.000
39454,2042,-2.929688,25000000.000
39455,2039,-4.394531,25000000.000
39456,2015,-16.113281,25000000.000
39457,2003,-21.972656,25000000.000
39458,1993,-26.855469,25000000.000
39459,1992,-27.343750,25000000.000
39460,1974,-36.132812,25000000.000
39461,1967,-39.550781,25000000.000
39462,1963,-41.503906,25000000.000
39463,1963,-41.503906,25000000.000
39464,1960,-42.968750,25000000.000
39465,1960,-42.968750,25000000.000
39466,1964,-41.015625,25000000.000
39467,1966,-40.039062,25000000.000
39468,1979,-33.691406,25000000.000
39469,1988,-29.296875,25000000.000
39470,1998,-24.414062,25000000.000
39471,1998,-24.414062,25000000.000
39472,2021,-13.183594,25000000.000
39473,2034,-6.835938,25000000.000
39474,2048,0.000000,25000000.000
39475,2049,0.488281,25000000.000
39476,2074,12.695312,25000000.000
39477,2085,18.066406,25000000.000
39478,2097,23.925781,25000000.000
39479,2098,24.414062,25000000.000
39480,2114,32.226562,25000000.000
39481,2120,35.156250,25000000.000
39482,2126,38.085938,25000000.000
39483,2126,38.085938,25000000.000
39484,2129,39.550781,25000000.000
39485,2129,39.550781,25000000.000
39486,2126,38.085938,25000000.000
39487,2126,38.085938,25000000.000
39488,2117,33.691406,25000000.000
39489,2110,30.273438,25000000.000
39490,2101,25.878906,25000000.000
39491,2099,24.902344,25000000.000
39492,2078,14.648438,25000000.000
39493,2066,8.789062,25000000.000
39494,2052,1.953125,25000000.000
39495,2051,1.464844,25000000.000
39496,2025,-11.230469,25000000.000
39497,2012,-17.578125,25000000.000
39498,2000,-23.437500,25000000.000
39499,1998,-24.414062,25000000.000
39500,1980,-33.203125,25000000.000
39501,1972,-37.109375,25000000.000
39502,1966,-40.039062,25000000.000
39503,1965,-40.527344,25000000.000
39504,1960,-42.968750,25000000.000
39505,1960,-42.968750,25000000.000
39506,1962,-41.992188,25000000.000
39507,1963,-41.503906,25000000.000
39508,1972,-37.109375,25000000.000
39509,1979,-33.691406,25000000.000
39510,1989,-28.808594,25000000.000
39511,1989,-28.808594,25000000.000
39512,2011,-18.066406,25000000.000
39513,2023,-12.207031,25000000.000
39514,2034,-6.835938,25000000.000
39515,2036,-5.859375,25000000.000
39516,2063,7.324219,25000000.000
39517,2075,13.183594,25000000.000
39518,2087,19.042969,25000000.000
39519,2088,19.531250,25000000.000
39520,2107,28.808594,25000000.000
39521,2115,32.714844,25000000.000
39522,2122,36.132812,25000000.000
39523,2122,36.132812,25000000.000
39524,2128,39.062500,25000000.000
39525,2129,39.550781,25000000.000
39526,2128,39.062500,25000000.000
39527,2128,39.062500,25000000.000
39528,2120,35.156250,25000000.000
39529,2115,32.714844,25000000.000
39530,2108,29.296875,25000000.000
39531,2106,28.320312,25000000.000
39532,2088,19.531250,25000000.000
39533,2077,14.160156,25000000.000
39534,2063,7.324219,25000000.000
39535,2062,6.835938,25000000.000
39536,2037,-5.371094,25000000.000
39537,2024,-11.718750,25000000.000
39538,2011,-18.066406,25000000.000
39539,2009,-19.042969,25000000.000
39540,1988,-29.296875,25000000.000
39541,1980,-33.203125,25000000.000
39542,1972,-37.109375,25000000.000
39543,1971,-37.597656,25000000.000
39544,1961,-42.480469,25000000.000
39545,1958,-43.945312,25000000.000
39546,1959,-43.457031,25000000.000
39547,1960,-42.968750,25000000.000
39548,1966,-40.039062,25000000.000
39549,1971,-37.597656,25000000.000
39550,1980,-33.203125,25000000.000
39551,1980,-33.203125,25000000.000
39552,2000,-23.437500,25000000.000
39553,2012,-17.578125,25000000.000
39554,2024,-11.718750,25000000.000
39555,2026,-10.742188,25000000.000
39556,2051,1.464844,25000000.000
39557,2064,7.812500,25000000.000
39558,2076,13.671875,25000000.000
39559,2078,14.648438,25000000.000
39560,2099,24.902344,25000000.000
39561,2107,28.808594,25000000.000
39562,2116,33.203125,25000000.000
39563,2116,33.203125,25000000.000
39564,2126,38.085938,25000000.000
39565,2129,39.550781,25000000.000
39566,2129,39.550781,25000000.000
39567,2130,40.039062,25000000.000
39568,2126,38.085938,25000000.000
39569,2121,35.644531,25000000.000
39570,2115,32.714844,25000000.000
39571,2115,32.714844,25000000.000
39572,2098,24.414062,25000000.000
39573,2087,19.042969,25000000.000
39574,2075,13.183594,25000000.000
39575,2074,12.695312,25000000.000
39576,2048,0.000000,25000000.000
39577,2034,-6.835938,25000000.000
39578,2021,-13.183594,25000000.000
39579,2020,-13.671875,25000000.000
39580,1997,-24.902344,25000000.000
39581,1986,-30.273438,25000000.000
39582,1977,-34.667969,25000000.000
39583,1977,-34.667969,25000000.000
39584,1966,-40.039062,25000000.000
39585,1961,-42.480469,25000000.000
39586,1961,-42.480469,25000000.000
39587,1960,-42.968750,25000000.000
39588,1964,-41.015625,25000000.000
39589,1967,-39.550781,25000000.000
39590,1975,-35.644531,25000000.000
39591,1975,-35.644531,25000000.000
39592,1992,-27.343750,25000000.000
39593,2001,-22.949219,25000000.000
39594,2014,-16.601562,25000000.000
39595,2014,-16.601562,25000000.000
39596,2040,-3.906250,25000000.000
39597,2052,1.953125,25000000.000
39598,2067,9.277344,25000000.000
39599,2068,9.765625,25000000.000
39600,2091,20.996094,25000000.000
39601,2102,26.367188,25000000.000
39602,2111,30.761719,25000000.000
39603,2112,31.250000,25000000.000
39604,2124,37.109375,25000000.000
39605,2128,39.062500,25000000.000
39606,2130,40.039062,25000000.000
39607,2130,40.039062,25000000.000
39608,2128,39.062500,25000000.000
39609,2124,37.109375,25000000.000
39610,2121,35.644531,25000000.000
39611,2119,34.667969,25000000.000
39612,2105,27.832031,25000000.000
39613,2096,23.437500,25000000.000
39614,2085,18.066406,25000000.000
39615,2084,17.578125,25000000.000
39616,2061,6.347656,25000000.000
39617,2047,-0.488281,25000000.000
39618,2034,-6.835938,25000000.000
39619,2031,-8.300781,25000000.000
39620,2008,-19.531250,25000000.000
39621,1996,-25.390625,25000000.000
39622,1987,-29.785156,25000000.000
39623,1985,-30.761719,25000000.000
39624,1970,-38.085938,25000000.000
39625,1964,-41.015625,25000000.000
39626,1962,-41.992188,25000000.000
39627,1961,-42.480469,25000000.000
39628,1961,-42.480469,25000000.000
39629,1964,-41.015625,25000000.000
39630,1968,-39.062500,25000000.000
39631,1970,-38.085938,25000000.000
39632,1984,-31.250000,25000000.000
39633,1994,-26.367188,25000000.000
39634,2003,-21.972656,25000000.000
39635,2005,-20.996094,25000000.000
39636,2029,-9.277344,25000000.000
39637,2042,-2.929688,25000000.000
39638,2055,3.417969,25000000.000
39639,2057,4.394531,25000000.000
39640,2081,16.113281,25000000.000
39641,2092,21.484375,25000000.000
39642,2102,26.367188,25000000.000
39643,2103,26.855469,25000000.000
39644,2118,34.179688,25000000.000
39645,2124,37.109375,25000000.000
39646,2127,38.574219,25000000.000
39647,2127,38.574219,25000000.000
39648,2129,39.550781,25000000.000
39649,2127,38.574219,25000000.000
39650,2125,37.597656,25000000.000
39651,2124,37.109375,25000000.000
39652,2113,31.738281,25000000.000
39653,2105,27.832031,25000000.000
39654,2095,22.949219,25000000.000
39655,2094,22.460938,25000000.000
39656,2071,11.230469,25000000.000
39657,2057,4.394531,25000000.000
39658,2044,-1.953125,25000000.000
39659,2043,-2.441406,25000000.000
39660,2018,-14.648438,25000000.000
39661,2004,-21.484375,25000000.000
39662,1994,-26.367188,25000000.000
39663,1992,-27.343750,25000000.000
39664,1976,-35.156250,25000000.000
39665,1968,-39.062500,25000000.000
39666,1963,-41.503906,25000000.000
39667,1964,-41.015625,25000000.000
39668,1961,-42.480469,25000000.000
39669,1962,-41.992188,25000000.000
39670,1965,-40.527344,25000000.000
39671,1965,-40.527344,25000000.000
39672,1978,-34.179688,25000000.000
39673,1985,-30.761719,25000000.000
39674,1995,-25.878906,25000000.000
39675,1996,-25.390625,25000000.000
39676,2018,-14.648438,25000000.000
39677,2031,-8.300781,25000000.000
39678,2045,-1.464844,25000000.000
39679,2046,-0.976562,25000000.000
39680,2070,10.742188,25000000.000
39681,2082,16.601562,25000000.000
39682,2095,22.949219,25000000.000
39683,2096,23.437500,25000000.000
39684,2113,31.738281,25000000.000
39685,2120,35.156250,25000000.000
39686,2126,38.085938,25000000.000
39687,2125,37.597656,25000000.000
39688,2129,39.550781,25000000.000
39689,2128,39.062500,25000000.000
39690,2127,38.574219,25000000.000
39691,2126,38.085938,25000000.000
39692,2118,34.179688,25000000.000
39693,2111,30.761719,25000000.000
39694,2103,26.855469,25000000.000
39695,2101,25.878906,25000000.000
39696,2080,15.625000,25000000.000
39697,2068,9.765625,25000000.000
39698,2055,3.417969,25000000.000
39699,2054,2.929688,25000000.000
39700,2029,-9.277344,25000000.000
39701,2016,-15.625000,25000000.000
39702,2004,-21.484375,25000000.000
39703,2003,-21.972656,25000000.000
39704,1983,-31.738281,25000000.000
39705,1974,-36.132812,25000000.000
39706,1968,-39.062500,25000000.000
39707,1968,-39.062500,25000000.000
39708,1960,-42.968750,25000000.000
39709,1959,-43.457031,25000000.000
39710,1960,-42.968750,25000000.000
39711,1961,-42.480469,25000000.000
39712,1970,-38.085938,25000000.000
39713,1977,-34.667969,25000000.000
39714,1986,-30.273438,25000000.000
39715,1986,-30.273438,25000000.000
39716,2008,-19.531250,25000000.000
39717,2019,-14.160156,25000000.000
39718,2033,-7.324219,25000000.000
39719,2033,-7.324219,25000000.000
39720,2059,5.371094,25000000.000
39721,2071,11.230469,25000000.000
39722,2083,17.089844,25000000.000
39723,2085,18.066406,25000000.000
39724,2106,28.320312,25000000.000
39725,2113,31.738281,25000000.000
39726,2120,35.156250,25000000.000
39727,2120,35.156250,25000000.000
39728,2128,39.062500,25000000.000
39729,2128,39.062500,25000000.000
39730,2128,39.062500,25000000.000
39731,2128,39.062500,25000000.000
39732,2123,36.621094,25000000.000
39733,2118,34.179688,25000000.000
39734,2111,30.761719,25000000.000
39735,2110,30.273438,25000000.000
39736,2091,20.996094,25000000.000
39737,2080,15.625000,25000000.000
39738,2067,9.277344,25000000.000
39739,2067,9.277344,25000000.000
39740,2039,-4.394531,25000000.000
39741,2026,-10.742188,25000000.000
39742,2013,-17.089844,25000000.000
39743,2012,-17.578125,25000000.000
39744,1990,-28.320312,25000000.000
39745,1980,-33.203125,25000000.000
39746,1973,-36.621094,25000000.000
39747,1972,-37.109375,25000000.000
39748,1963,-41.503906,25000000.000
39749,1960,-42.968750,25000000.000
39750,1960,-42.968750,25000000.000
39751,1960,-42.968750,25000000.000
39752,1965,-40.527344,25000000.000
39753,1972,-37.109375,25000000.000
39754,1979,-33.691406,25000000.000
39755,1979,-33.691406,25000000.000
39756,1997,-24.902344,25000000.000
39757,2009,-19.042969,25000000.000
39758,2021,-13.183594,25000000.000
39759,2022,-12.695312,25000000.000
39760,2048,0.000000,25000000.000
39761,2061,6.347656,25000000.000
39762,2075,13.183594,25000000.000
39763,2075,13.183594,25000000.000
39764,2098,24.414062,25000000.000
39765,2107,28.808594,25000000.000
39766,2116,33.203125,25000000.000
39767,2115,32.714844,25000000.000
39768,2127,38.574219,25000000.000
39769,2129,39.550781,25000000.000
39770,2129,39.550781,25000000.000
39771,2129,39.550781,25000000.000
39772,2126,38.085938,25000000.000
39773,2121,35.644531,25000000.000
39774,2116,33.203125,25000000.000
39775,2114,32.226562,25000000.000
39776,2099,24.902344,25000000.000
39777,2088,19.531250,25000000.000
39778,2077,14.160156,25000000.000
39779,2075,13.183594,25000000.000
39780,2051,1.464844,25000000.000
39781,2039,-4.394531,25000000.000
39782,2024,-11.718750,25000000.000
39783,2024,-11.718750,25000000.000
39784,2001,-22.949219,25000000.000
39785,1990,-28.320312,25000000.000
39786,1981,-32.714844,25000000.000
39787,1979,-33.691406,25000000.000
39788,1967,-39.550781,25000000.000
39789,1962,-41.992188,25000000.000
39790,1959,-43.457031,25000000.000
39791,1961,-42.480469,25000000.000
39792,1963,-41.503906,25000000.000
39793,1966,-40.039062,25000000.000
39794,1972,-37.109375,25000000.000
39795,1974,-36.132812,25000000.000
39796,1988,-29.296875,25000000.000
39797,2000,-23.437500,25000000.000
39798,2012,-17.578125,25000000.000
39799,2012,-17.578125,25000000.000
39800,2037,-5.371094,25000000.000
39801,2049,0.488281,25000000.000
39802,2063,7.324219,25000000.000
39803,2064,7.812500,25000000.000
39804,2087,19.042969,25000000.000
39805,2098,24.414062,25000000.000
39806,2108,29.296875,25000000.000
39807,2109,29.785156,25000000.000
39808,2123,36.621094,25000000.000
39809,2127,38.574219,25000000.000
39810,2129,39.550781,25000000.000
39811,2129,39.550781,25000000.000
39812,2130,40.039062,25000000.000
39813,2126,38.085938,25000000.000
39814,2124,37.109375,25000000.000
39815,2121,35.644531,25000000.000
39816,2108,29.296875,25000000.000
39817,2100,25.390625,25000000.000
39818,2089,20.019531,25000000.000
39819,2087,19.042969,25000000.000
39820,2064,7.812500,25000000.000
39821,2050,0.976562,25000000.000
39822,2036,-5.859375,25000000.000
39823,2035,-6.347656,25000000.000
39824,2011,-18.066406,25000000.000
39825,1998,-24.414062,25000000.000
39826,1987,-29.785156,25000000.000
39827,1987,-29.785156,25000000.000
39828,1971,-37.597656,25000000.000
39829,1966,-40.039062,25000000.000
39830,1961,-42.480469,25000000.000
39831,1962,-41.992188,25000000.000
39832,1961,-42.480469,25000000.000
39833,1963,-41.503906,25000000.000
39834,1966,-40.039062,25000000.000
39835,1968,-39.062500,25000000.000
39836,1981,-32.714844,25000000.000
39837,1990,-28.320312,25000000.000
39838,2000,-23.437500,25000000.000
39839,2002,-22.460938,25000000.000
39840,2026,-10.742188,25000000.000
39841,2039,-4.394531,25000000.000
39842,2052,1.953125,25000000.000
39843,2054,2.929688,25000000.000
39844,2079,15.136719,25000000.000
39845,2090,20.507812,25000000.000
39846,2101,25.878906,25000000.000
39847,2102,26.367188,25000000.000
39848,2118,34.179688,25000000.000
39849,2124,37.109375,25000000.000
39850,2128,39.062500,25000000.000
39851,2127,38.574219,25000000.000
39852,2130,40.039062,25000000.000
39853,2128,39.062500,25000000.000
39854,2125,37.597656,25000000.000
39855,2126,38.085938,25000000.000
39856,2114,32.226562,25000000.000
39857,2106,28.320312,25000000.000
39858,2097,23.925781,25000000.000
39859,2094,22.460938,25000000.000
39860,2073,12.207031,25000000.000
39861,2062,6.835938,25000000.000
39862,2048,0.000000,25000000.000
39863,2046,-0.976562,25000000.000
39864,2021,-13.183594,25000000.000
39865,2009,-19.042969,25000000.000
39866,1997,-24.902344,25000000.000
39867,1997,-24.902344,25000000.000
39868,1978,-34.179688,25000000.000
39869,1970,-38.085938,25000000.000
39870,1965,-40.527344,25000000.000
39871,1964,-41.015625,25000000.000
39872,1960,-42.968750,25000000.000
39873,1961,-42.480469,25000000.000
39874,1963,-41.503906,25000000.000
39875,1964,-41.015625,25000000.000
39876,1975,-35.644531,25000000.000
39877,1983,-31.738281,25000000.000
39878,1993,-26.855469,25000000.000
39879,1994,-26.367188,25000000.000
39880,2016,-15.625000,25000000.000
39881,2029,-9.277344,25000000.000
39882,2042,-2.929688,25000000.000
39883,2042,-2.929688,25000000.000
39884,2067,9.277344,25000000.000
39885,2080,15.625000,25000000.000
39886,2091,20.996094,25000000.000
39887,2091,20.996094,25000000.000
39888,2110,30.273438,25000000.000
39889,2117,33.691406,25000000.000
39890,2122,36.132812,25000000.000
39891,2123,36.621094,25000000.000
39892,2129,39.550781,25000000.000
39893,2129,39.550781,25000000.000
39894,2127,38.574219,25000000.000
39895,2127,38.574219,25000000.000
39896,2120,35.156250,25000000.000
39897,2113,31.738281,25000000.000
39898,2105,27.832031,25000000.000
39899,2104,27.343750,25000000.000
39900,2084,17.578125,25000000.000
39901,2072,11.718750,25000000.000
39902,2059,5.371094,25000000.000
39903,2058,4.882812,25000000.000
39904,2032,-7.812500,25000000.000
39905,2018,-14.648438,25000000.000
39906,2006,-20.507812,25000000.000
39907,2005,-20.996094,25000000.000
39908,1984,-31.250000,25000000.000
39909,1975,-35.644531,25000000.000
39910,1969,-38.574219,25000000.000
39911,1968,-39.062500,25000000.000
39912,1960,-42.968750,25000000.000
39913,1959,-43.457031,25000000.000
39914,1961,-42.480469,25000000.000
39915,1960,-42.968750,25000000.000
39916,1968,-39.062500,25000000.000
39917,1975,-35.644531,25000000.000
39918,1984,-31.250000,25000000.000
39919,1984,-31.250000,25000000.000
39920,2003,-21.972656,25000000.000
39921,2016,-15.625000,25000000.000
39922,2029,-9.277344,25000000.000
39923,2029,-9.277344,25000000.000
39924,2056,3.906250,25000000.000
39925,2068,9.765625,25000000.000
39926,2082,16.601562,25000000.000
39927,2082,16.601562,25000000.000
39928,2103,26.855469,25000000.000
39929,2112,31.250000,25000000.000
39930,2119,34.667969,25000000.000
39931,2119,34.667969,25000000.000
39932,2128,39.062500,25000000.000
39933,2129,39.550781,25000000.000
39934,2128,39.062500,25000000.000
39935,2129,39.550781,25000000.000
39936,2123,36.621094,25000000.000
39937,2118,34.179688,25000000.000
39938,2110,30.273438,25000000.000
39939,2110,30.273438,25000000.000
39940,2092,21.484375,25000000.000
39941,2081,16.113281,25000000.000
39942,2069,10.253906,25000000.000
39943,2069,10.253906,25000000.000
39944,2042,-2.929688,25000000.000
39945,2030,-8.789062,25000000.000
39946,2017,-15.136719,25000000.000
39947,2016,-15.625000,25000000.000
39948,1994,-26.367188,25000000.000
39949,1984,-31.250000,25000000.000
39950,1976,-35.156250,25000000.000
39951,1975,-35.644531,25000000.000
39952,1964,-41.015625,25000000.000
39953,1961,-42.480469,25000000.000
39954,1960,-42.968750,25000000.000
39955,1959,-43.457031,25000000.000
39956,1964,-41.015625,25000000.000
39957,1969,-38.574219,25000000.000
39958,1975,-35.644531,25000000.000
39959,1977,-34.667969,25000000.000
39960,1995,-25.878906,25000000.000
39961,2007,-20.019531,25000000.000
39962,2018,-14.648438,25000000.000
39963,2020,-13.671875,25000000.000
39964,2045,-1.464844,25000000.000
39965,2058,4.882812,25000000.000
39966,2071,11.230469,25000000.000
39967,2072,11.718750,25000000.000
39968,2094,22.460938,25000000.000
39969,2104,27.343750,25000000.000
39970,2112,31.250000,25000000.000
39971,2113,31.738281,25000000.000
39972,2125,37.597656,25000000.000
39973,2126,38.085938,25000000.000
39974,2130,40.039062,25000000.000
39975,2127,38.574219,25000000.000
39976,2128,39.062500,25000000.000
39977,2123,36.621094,25000000.000
39978,2120,35.156250,25000000.000
39979,2118,34.179688,25000000.000
39980,2103,26.855469,25000000.000
39981,2092,21.484375,25000000.000
39982,2081,16.113281,25000000.000
39983,2080,15.625000,25000000.000
39984,2056,3.906250,25000000.000
39985,2042,-2.929688,25000000.000
39986,2025,-11.230469,25000000.000
39987,2023,-12.207031,25000000.000
39988,2004,-21.484375,25000000.000
39989,1992,-27.343750,25000000.000
39990,1982,-32.226562,25000000.000
39991,1980,-33.203125,25000000.000
39992,1969,-38.574219,25000000.000
39993,1964,-41.015625,25000000.000
39994,1961,-42.480469,25000000.000
39995,1961,-42.480469,25000000.000
39996,1962,-41.992188,25000000.000
39997,1966,-40.039062,25000000.000
39998,1971,-37.597656,25000000.000
39999,1971,-37.597656,25000000.000
40000,1986,-30.273438,25000000.000
40001,1997,-24.902344,25000000.000
40002,2008,-19.531250,25000000.000
40003,2010,-18.554688,25000000.000
40004,2033,-7.324219,25000000.000
40005,2046,-0.976562,25000000.000
40006,2060,5.859375,25000000.000
40007,2062,6.835938,25000000.000
40008,2087,19.042969,25000000.000
40009,2098,24.414062,25000000.000
40010,2108,29.296875,25000000.000
40011,2111,30.761719,25000000.000
40012,2123,36.621094,25000000.000
40013,2126,38.085938,25000000.000
40014,2129,39.550781,25000000.000
40015,2129,39.550781,25000000.000
40016,2130,40.039062,25000000.000
40017,2126,38.085938,25000000.000
40018,2122,36.132812,25000000.000
40019,2121,35.644531,25000000.000
40020,2108,29.296875,25000000.000
40021,2100,25.390625,25000000.000
40022,2090,20.507812,25000000.000
40023,2090,20.507812,25000000.000
40024,2066,8.789062,25000000.000
40025,2053,2.441406,25000000.000
40026,2040,-3.906250,25000000.000
40027,2038,-4.882812,25000000.000
40028,2013,-17.089844,25000000.000
40029,2002,-22.460938,25000000.000
40030,1991,-27.832031,25000000.000
40031,1989,-28.808594,25000000.000
40032,1974,-36.132812,25000000.000
40033,1968,-39.062500,25000000.000
40034,1963,-41.503906,25000000.000
40035,1963,-41.503906,25000000.000
40036,1960,-42.968750,25000000.000
40037,1963,-41.503906,25000000.000
40038,1966,-40.039062,25000000.000
40039,1966,-40.039062,25000000.000
40040,1980,-33.203125,25000000.000
40041,1988,-29.296875,25000000.000
40042,1999,-23.925781,25000000.000
40043,2000,-23.437500,25000000.000
40044,2023,-12.207031,25000000.000
40045,2035,-6.347656,25000000.000
40046,2049,0.488281,25000000.000
40047,2049,0.488281,25000000.000
40048,2074,12.695312,25000000.000
40049,2087,19.042969,25000000.000
40050,2097,23.925781,25000000.000
40051,2098,24.414062,25000000.000
40052,2115,32.714844,25000000.000
40053,2120,35.156250,25000000.000
40054,2125,37.597656,25000000.000
40055,2126,38.085938,25000000.000
40056,2129,39.550781,25000000.000
40057,2128,39.062500,25000000.000
40058,2127,38.574219,25000000.000
40059,2126,38.085938,25000000.000
40060,2116,33.203125,25000000.000
40061,2109,29.785156,25000000.000
40062,2102,26.367188,25000000.000
40063,2100,25.390625,25000000.000
40064,2078,14.648438,25000000.000
40065,2065,8.300781,25000000.000
40066,2052,1.953125,25000000.000
40067,2051,1.464844,25000000.000
40068,2025,-11.230469,25000000.000
40069,2012,-17.578125,25000000.000
40070,1999,-23.925781,25000000.000
40071,1998,-24.414062,25000000.000
40072,1981,-32.714844,25000000.000
40073,1972,-37.109375,25000000.000
40074,1966,-40.039062,25000000.000
40075,1965,-40.527344,25000000.000
40076,1960,-42.968750,25000000.000
40077,1960,-42.968750,25000000.000
40078,1962,-41.992188,25000000.000
40079,1962,-41.992188,25000000.000
40080,1972,-37.109375,25000000.000
40081,1979,-33.691406,25000000.000
40082,1988,-29.296875,25000000.000
40083,1990,-28.320312,25000000.000
40084,2011,-18.066406,25000000.000
40085,2023,-12.207031,25000000.000
40086,2037,-5.371094,25000000.000
40087,2037,-5.371094,25000000.000
40088,2062,6.835938,25000000.000
40089,2077,14.160156,25000000.000
40090,2088,19.531250,25000000.000
40091,2091,20.996094,25000000.000
40092,2110,30.273438,25000000.000
40093,2117,33.691406,25000000.000
40094,2123,36.621094,25000000.000
40095,2123,36.621094,25000000.000
40096,2129,39.550781,25000000.000
40097,2129,39.550781,25000000.000
40098,2129,39.550781,25000000.000
40099,2128,39.062500,25000000.000
40100,2121,35.644531,25000000.000
40101,2115,32.714844,25000000.000
40102,2106,28.320312,25000000.000
40103,2106,28.320312,25000000.000
40104,2086,18.554688,25000000.000
40105,2074,12.695312,25000000.000
40106,2061,6.347656,25000000.000
40107,2060,5.859375,25000000.000
40108,2035,-6.347656,25000000.000
40109,2021,-13.183594,25000000.000
40110,2008,-19.531250,25000000.000
40111,2007,-20.019531,25000000.000
40112,1987,-29.785156,25000000.000
40113,1978,-34.179688,25000000.000
40114,1971,-37.597656,25000000.000
40115,1970,-38.085938,25000000.000
40116,1960,-42.968750,25000000.000
40117,1960,-42.968750,25000000.000
40118,1959,-43.457031,25000000.000
40119,1959,-43.457031,25000000.000
40120,1966,-40.039062,25000000.000
40121,1972,-37.109375,25000000.000
40122,1982,-32.226562,25000000.000
40123,1982,-32.226562,25000000.000
40124,2001,-22.949219,25000000.000
40125,2012,-17.578125,25000000.000
40126,2026,-10.742188,25000000.000
40127,2027,-10.253906,25000000.000
40128,2052,1.953125,25000000.000
40129,2065,8.300781,25000000.000
40130,2078,14.648438,25000000.000
40131,2079,15.136719,25000000.000
40132,2101,25.878906,25000000.000
40133,2111,30.761719,25000000.000
40134,2118,34.179688,25000000.000
40135,2118,34.179688,25000000.000
40136,2127,38.574219,25000000.000
40137,2128,39.062500,25000000.000
40138,2128,39.062500,25000000.000
40139,2129,39.550781,25000000.000
40140,2125,37.597656,25000000.000
40141,2120,35.156250,25000000.000
40142,2113,31.738281,25000000.000
40143,2113,31.738281,25000000.000
40144,2096,23.437500,25000000.000
40145,2086,18.554688,25000000.000
40146,2074,12.695312,25000000.000
40147,2072,11.718750,25000000.000
40148,2047,-0.488281,25000000.000
40149,2033,-7.324219,25000000.000
40150,2019,-14.160156,25000000.000
40151,2018,-14.648438,25000000.000
40152,1994,-26.367188,25000000.000
40153,1984,-31.250000,25000000.000
40154,1977,-34.667969,25000000.000
40155,1975,-35.644531,25000000.000
40156,1964,-41.015625,25000000.000
40157,1961,-42.480469,25000000.000
40158,1960,-42.968750,25000000.000
40159,1959,-43.457031,25000000.000
40160,1964,-41.015625,25000000.000
40161,1968,-39.062500,25000000.000
40162,1974,-36.132812,25000000.000
40163,1975,-35.644531,25000000.000
40164,1992,-27.343750,25000000.000
40165,2004,-21.484375,25000000.000
40166,2015,-16.113281,25000000.000
40167,2016,-15.625000,25000000.000
40168,2041,-3.417969,25000000.000
40169,2055,3.417969,25000000.000
40170,2068,9.765625,25000000.000
40171,2069,10.253906,25000000.000
40172,2092,21.484375,25000000.000
40173,2103,26.855469,25000000.000
40174,2112,31.250000,25000000.000
40175,2112,31.250000,25000000.000
40176,2125,37.597656,25000000.000
40177,2129,39.550781,25000000.000
40178,2129,39.550781,25000000.000
40179,2130,40.039062,25000000.000
40180,2128,39.062500,25000000.000
40181,2126,38.085938,25000000.000
40182,2119,34.667969,25000000.000
40183,2119,34.667969,25000000.000
40184,2104,27.343750,25000000.000
40185,2094,22.460938,25000000.000
40186,2085,18.066406,25000000.000
40187,2082,16.601562,25000000.000
40188,2058,4.882812,25000000.000
40189,2045,-1.464844,25000000.000
40190,2032,-7.812500,25000000.000
40191,2031,-8.300781,25000000.000
40192,2006,-20.507812,25000000.000
40193,1995,-25.878906,25000000.000
40194,1986,-30.273438,25000000.000
40195,1984,-31.250000,25000000.000
40196,1968,-39.062500,25000000.000
40197,1964,-41.015625,25000000.000
40198,1961,-42.480469,25000000.000
40199,1960,-42.968750,25000000.000
40200,1960,-42.968750,25000000.000
40201,1964,-41.015625,25000000.000
40202,1969,-38.574219,25000000.000
40203,1971,-37.597656,25000000.000
40204,1983,-31.738281,25000000.000
40205,1994,-26.367188,25000000.000
40206,2004,-21.484375,25000000.000
40207,2006,-20.507812,25000000.000
40208,2030,-8.789062,25000000.000
40209,2044,-1.953125,25000000.000
40210,2056,3.906250,25000000.000
40211,2059,5.371094,25000000.000
40212,2082,16.601562,25000000.000
40213,2093,21.972656,25000000.000
40214,2104,27.343750,25000000.000
40215,2104,27.343750,25000000.000
40216,2118,34.179688,25000000.000
40217,2125,37.597656,25000000.000
40218,2128,39.062500,25000000.000
40219,2127,38.574219,25000000.000
40220,2130,40.039062,25000000.000
40221,2128,39.062500,25000000.000
40222,2124,37.109375,25000000.000
40223,2123,36.621094,25000000.000
40224,2113,31.738281,25000000.000
40225,2106,28.320312,25000000.000
40226,2095,22.949219,25000000.000
40227,2092,21.484375,25000000.000
40228,2071,11.230469,25000000.000
40229,2057,4.394531,25000000.000
40230,2043,-2.441406,25000000.000
40231,2043,-2.441406,25000000.000
40232,2017,-15.136719,25000000.000
40233,2005,-20.996094,25000000.000
40234,1992,-27.343750,25000000.000
40235,1993,-26.855469,25000000.000
40236,1974,-36.132812,25000000.000
40237,1967,-39.550781,25000000.000
40238,1964,-41.015625,25000000.000
40239,1963,-41.503906,25000000.000
40240,1961,-42.480469,25000000.000
40241,1962,-41.992188,25000000.000
40242,1965,-40.527344,25000000.000
40243,1966,-40.039062,25000000.000
40244,1978,-34.179688,25000000.000
40245,1986,-30.273438,25000000.000
40246,1996,-25.390625,25000000.000
40247,1997,-24.902344,25000000.000
40248,2020,-13.671875,25000000.000
40249,2033,-7.324219,25000000.000
40250,2046,-0.976562,25000000.000
40251,2047,-0.488281,25000000.000
40252,2071,11.230469,25000000.000
40253,2084,17.578125,25000000.000
40254,2096,23.437500,25000000.000
40255,2097,23.925781,25000000.000
40256,2114,32.226562,25000000.000
40257,2122,36.132812,25000000.000
40258,2126,38.085938,25000000.000
40259,2126,38.085938,25000000.000
40260,2129,39.550781,25000000.000
40261,2129,39.550781,25000000.000
40262,2127,38.574219,25000000.000
40263,2127,38.574219,25000000.000
40264,2116,33.203125,25000000.000
40265,2110,30.273438,25000000.000
40266,2100,25.390625,25000000.000
40267,2100,25.390625,25000000.000
40268,2080,15.625000,25000000.000
40269,2067,9.277344,25000000.000
40270,2053,2.441406,25000000.000
40271,2054,2.929688,25000000.000
40272,2028,-9.765625,25000000.000
40273,2014,-16.601562,25000000.000
40274,2002,-22.460938,25000000.000
40275,2002,-22.460938,25000000.000
40276,1983,-31.738281,25000000.000
40277,1974,-36.132812,25000000.000
40278,1968,-39.062500,25000000.000
40279,1966,-40.039062,25000000.000
40280,1961,-42.480469,25000000.000
40281,1960,-42.968750,25000000.000
40282,1961,-42.480469,25000000.000
40283,1961,-42.480469,25000000.000
40284,1970,-38.085938,25000000.000
40285,1977,-34.667969,25000000.000
40286,1986,-30.273438,25000000.000
40287,1988,-29.296875,25000000.000
40288,2008,-19.531250,25000000.000
40289,2020,-13.671875,25000000.000
40290,2033,-7.324219,25000000.000
40291,2035,-6.347656,25000000.000
40292,2059,5.371094,25000000.000
40293,2073,12.207031,25000000.000
40294,2084,17.578125,25000000.000
40295,2085,18.066406,25000000.000
40296,2106,28.320312,25000000.000
40297,2113,31.738281,25000000.000
40298,2120,35.156250,25000000.000
40299,2120,35.156250,25000000.000
40300,2127,38.574219,25000000.000
40301,2129,39.550781,25000000.000
40302,2128,39.062500,25000000.000
40303,2127,38.574219,25000000.000
40304,2122,36.132812,25000000.000
40305,2117,33.691406,25000000.000
40306,2110,30.273438,25000000.000
40307,2109,29.785156,25000000.000
40308,2090,20.507812,25000000.000
40309,2078,14.648438,25000000.000
40310,2066,8.789062,25000000.000
40311,2065,8.300781,25000000.000
40312,2039,-4.394531,25000000.000
40313,2026,-10.742188,25000000.000
40314,2012,-17.578125,25000000.000
40315,2010,-18.554688,25000000.000
40316,1988,-29.296875,25000000.000
40317,1979,-33.691406,25000000.000
40318,1972,-37.109375,25000000.000
40319,1969,-38.574219,25000000.000
40320,1962,-41.992188,25000000.000
40321,1960,-42.968750,25000000.000
40322,1958,-43.945312,25000000.000
40323,1959,-43.457031,25000000.000
40324,1966,-40.039062,25000000.000
40325,1971,-37.597656,25000000.000
40326,1978,-34.179688,25000000.000
40327,1979,-33.691406,25000000.000
40328,1999,-23.925781,25000000.000
40329,2010,-18.554688,25000000.000
40330,2022,-12.695312,25000000.000
40331,2023,-12.207031,25000000.000
40332,2048,0.000000,25000000.000
40333,2062,6.835938,25000000.000
40334,2075,13.183594,25000000.000
40335,2076,13.671875,25000000.000
40336,2099,24.902344,25000000.000
40337,2109,29.785156,25000000.000
40338,2117,33.691406,25000000.000
40339,2117,33.691406,25000000.000
40340,2126,38.085938,25000000.000
40341,2128,39.062500,25000000.000
40342,2130,40.039062,25000000.000
40343,2129,39.550781,25000000.000
40344,2125,37.597656,25000000.000
40345,2121,35.644531,25000000.000
40346,2114,32.226562,25000000.000
40347,2114,32.226562,25000000.000
40348,2097,23.925781,25000000.000
40349,2087,19.042969,25000000.000
40350,2075,13.183594,25000000.000
40351,2074,12.695312,25000000.000
40352,2049,0.488281,25000000.000
40353,2036,-5.859375,25000000.000
40354,2023,-12.207031,25000000.000
40355,2021,-13.183594,25000000.000
40356,1999,-23.925781,25000000.000
40357,1987,-29.785156,25000000.000
40358,1979,-33.691406,25000000.000
40359,1978,-34.179688,25000000.000
40360,1966,-40.039062,25000000.000
40361,1962,-41.992188,25000000.000
40362,1960,-42.968750,25000000.000
40363,1959,-43.457031,25000000.000
40364,1963,-41.503906,25000000.000
40365,1966,-40.039062,25000000.000
40366,1973,-36.621094,25000000.000
40367,1973,-36.621094,25000000.000
40368,1990,-28.320312,25000000.000
40369,2001,-22.949219,25000000.000
40370,2012,-17.578125,25000000.000
40371,2015,-16.113281,25000000.000
40372,2039,-4.394531,25000000.000
40373,2051,1.464844,25000000.000
40374,2064,7.812500,25000000.000
40375,2065,8.300781,25000000.000
40376,2089,20.019531,25000000.000
40377,2100,25.390625,25000000.000
40378,2109,29.785156,25000000.000
40379,2110,30.273438,25000000.000
40380,2122,36.132812,25000000.000
40381,2126,38.085938,25000000.000
40382,2129,39.550781,25000000.000
40383,2129,39.550781,25000000.000
40384,2128,39.062500,25000000.000
40385,2125,37.597656,25000000.000
40386,2121,35.644531,25000000.000
40387,2121,35.644531,25000000.000
40388,2107,28.808594,25000000.000
40389,2098,24.414062,25000000.000
40390,2088,19.531250,25000000.000
40391,2085,18.066406,25000000.000
40392,2062,6.835938,25000000.000
40393,2049,0.488281,25000000.000
40394,2035,-6.347656,25000000.000
40395,2033,-7.324219,25000000.000
40396,2009,-19.042969,25000000.000
40397,1996,-25.390625,25000000.000
40398,1986,-30.273438,25000000.000
40399,1986,-30.273438,25000000.000
40400,1971,-37.597656,25000000.000
40401,1964,-41.015625,25000000.000
40402,1961,-42.480469,25000000.000
40403,1960,-42.968750,25000000.000
40404,1962,-41.992188,25000000.000
40405,1963,-41.503906,25000000.000
40406,1967,-39.550781,25000000.000
40407,1968,-39.062500,25000000.000
40408,1983,-31.738281,25000000.000
40409,1992,-27.343750,25000000.000
40410,2002,-22.460938,25000000.000
40411,2003,-21.972656,25000000.000
40412,2027,-10.253906,25000000.000
40413,2040,-3.906250,25000000.000
40414,2053,2.441406,25000000.000
40415,2056,3.906250,25000000.000
40416,2080,15.625000,25000000.000
40417,2091,20.996094,25000000.000
40418,2103,26.855469,25000000.000
40419,2103,26.855469,25000000.000
40420,2118,34.179688,25000000.000
40421,2125,37.597656,25000000.000
40422,2127,38.574219,25000000.000
40423,2127,38.574219,25000000.000
40424,2129,39.550781,25000000.000
40425,2127,38.574219,25000000.000
40426,2125,37.597656,25000000.000
40427,2125,37.597656,25000000.000
40428,2113,31.738281,25000000.000
40429,2105,27.832031,25000000.000
40430,2095,22.949219,25000000.000
40431,2094,22.460938,25000000.000
40432,2072,11.718750,25000000.000
40433,2059,5.371094,25000000.000
40434,2046,-0.976562,25000000.000
40435,2044,-1.953125,25000000.000
40436,2020,-13.671875,25000000.000
40437,2008,-19.531250,25000000.000
40438,1995,-25.878906,25000000.000
40439,1994,-26.367188,25000000.000
40440,1977,-34.667969,25000000.000
40441,1970,-38.085938,25000000.000
40442,1965,-40.527344,25000000.000
40443,1964,-41.015625,25000000.000
40444,1960,-42.968750,25000000.000
40445,1961,-42.480469,25000000.000
40446,1964,-41.015625,25000000.000
40447,1964,-41.015625,25000000.000
40448,1976,-35.156250,25000000.000
40449,1983,-31.738281,25000000.000
40450,1993,-26.855469,25000000.000
40451,1994,-26.367188,25000000.000
40452,2018,-14.648438,25000000.000
40453,2029,-9.277344,25000000.000
40454,2043,-2.441406,25000000.000
40455,2044,-1.953125,25000000.000
40456,2069,10.253906,25000000.000
40457,2081,16.113281,25000000.000
40458,2093,21.972656,25000000.000
40459,2094,22.460938,25000000.000
40460,2112,31.250000,25000000.000
40461,2118,34.179688,25000000.000
40462,2124,37.109375,25000000.000
40463,2125,37.597656,25000000.000
40464,2128,39.062500,25000000.000
40465,2129,39.550781,25000000.000
40466,2127,38.574219,25000000.000
40467,2127,38.574219,25000000.000
40468,2119,34.667969,25000000.000
40469,2112,31.250000,25000000.000
40470,2104,27.343750,25000000.000
40471,2104,27.343750,25000000.000
40472,2084,17.578125,25000000.000
40473,2071,11.230469,25000000.000
40474,2058,4.882812,25000000.000
40475,2056,3.906250,25000000.000
40476,2029,-9.277344,25000000.000
40477,2017,-15.136719,25000000.000
40478,2003,-21.972656,25000000.000
40479,2004,-21.484375,25000000.000
40480,1983,-31.738281,25000000.000
40481,1974,-36.132812,25000000.000
40482,1967,-39.550781,25000000.000
40483,1968,-39.062500,25000000.000
40484,1961,-42.480469,25000000.000
40485,1960,-42.968750,25000000.000
40486,1961,-42.480469,25000000.000
40487,1961,-42.480469,25000000.000
40488,1969,-38.574219,25000000.000
40489,1976,-35.156250,25000000.000
40490,1986,-30.273438,25000000.000
40491,1986,-30.273438,25000000.000
40492,2005,-20.996094,25000000.000
40493,2018,-14.648438,25000000.000
40494,2030,-8.789062,25000000.000
40495,2031,-8.300781,25000000.000
40496,2057,4.394531,25000000.000
40497,2070,10.742188,25000000.000
40498,2082,16.601562,25000000.000
40499,2083,17.089844,25000000.000
40500,2105,27.832031,25000000.000
40501,2112,31.250000,25000000.000
40502,2120,35.156250,25000000.000
40503,2121,35.644531,25000000.000
40504,2128,39.062500,25000000.000
40505,2129,39.550781,25000000.000
40506,2130,40.039062,25000000.000
40507,2129,39.550781,25000000.000
40508,2122,36.132812,25000000.000
40509,2116,33.203125,25000000.000
40510,2110,30.273438,25000000.000
40511,2110,30.273438,25000000.000
40512,2091,20.996094,25000000.000
40513,2081,16.113281,25000000.000
40514,2068,9.765625,25000000.000
40515,2066,8.789062,25000000.000
40516,2041,-3.417969,25000000.000
40517,2029,-9.277344,25000000.000
40518,2016,-15.625000,25000000.000
40519,2014,-16.601562,25000000.000
40520,1992,-27.343750,25000000.000
40521,1982,-32.226562,25000000.000
40522,1975,-35.644531,25000000.000
40523,1973,-36.621094,25000000.000
40524,1963,-41.503906,25000000.000
40525,1960,-42.968750,25000000.000
40526,1959,-43.457031,25000000.000
40527,1959,-43.457031,25000000.000
40528,1964,-41.015625,25000000.000
40529,1969,-38.574219,25000000.000
40530,1977,-34.667969,25000000.000
40531,1977,-34.667969,25000000.000
40532,1996,-25.390625,25000000.000
40533,2008,-19.531250,25000000.000
40534,2019,-14.160156,25000000.000
40535,2021,-13.183594,25000000.000
40536,2047,-0.488281,25000000.000
40537,2060,5.859375,25000000.000
40538,2072,11.718750,25000000.000
40539,2073,12.207031,25000000.000
40540,2094,22.460938,25000000.000
40541,2106,28.320312,25000000.000
40542,2114,32.226562,25000000.000
40543,2114,32.226562,25000000.000
40544,2124,37.109375,25000000.000
40545,2127,38.574219,25000000.000
40546,2129,39.550781,25000000.000
40547,2129,39.550781,25000000.000
40548,2126,38.085938,25000000.000
40549,2121,35.644531,25000000.000
40550,2117,33.691406,25000000.000
40551,2117,33.691406,25000000.000
40552,2100,25.390625,25000000.000
40553,2092,21.484375,25000000.000
40554,2080,15.625000,25000000.000
40555,2078,14.648438,25000000.000
40556,2054,2.929688,25000000.000
40557,2040,-3.906250,25000000.000
40558,2026,-10.742188,25000000.000
40559,2025,-11.230469,25000000.000
40560,2001,-22.949219,25000000.000
40561,1990,-28.320312,25000000.000
40562,1980,-33.203125,25000000.000
40563,1979,-33.691406,25000000.000
40564,1967,-39.550781,25000000.000
40565,1962,-41.992188,25000000.000
40566,1960,-42.968750,25000000.000
40567,1961,-42.480469,25000000.000
40568,1962,-41.992188,25000000.000
40569,1966,-40.039062,25000000.000
40570,1972,-37.109375,25000000.000
40571,1972,-37.109375,25000000.000
40572,1987,-29.785156,25000000.000
40573,1998,-24.414062,25000000.000
40574,2009,-19.042969,25000000.000
40575,2010,-18.554688,25000000.000
40576,2034,-6.835938,25000000.000
40577,2047,-0.488281,25000000.000
40578,2061,6.347656,25000000.000
40579,2063,7.324219,25000000.000
40580,2087,19.042969,25000000.000
40581,2098,24.414062,25000000.000
40582,2108,29.296875,25000000.000
40583,2109,29.785156,25000000.000
40584,2122,36.132812,25000000.000
40585,2127,38.574219,25000000.000
40586,2129,39.550781,25000000.000
40587,2129,39.550781,25000000.000
40588,2129,39.550781,25000000.000
40589,2126,38.085938,25000000.000
40590,2122,36.132812,25000000.000
40591,2122,36.132812,25000000.000
40592,2108,29.296875,25000000.000
40593,2100,25.390625,25000000.000
40594,2090,20.507812,25000000.000
40595,2086,18.554688,25000000.000
40596,2064,7.812500,25000000.000
40597,2051,1.464844,25000000.000
40598,2038,-4.882812,25000000.000
40599,2036,-5.859375,25000000.000
40600,2012,-17.578125,25000000.000
40601,2000,-23.437500,25000000.000
40602,1990,-28.320312,25000000.000
40603,1987,-29.785156,25000000.000
40604,1971,-37.597656,25000000.000
40605,1965,-40.527344,25000000.000
40606,1962,-41.992188,25000000.000
40607,1962,-41.992188,25000000.000
40608,1959,-43.457031,25000000.000
40609,1961,-42.480469,25000000.000
40610,1966,-40.039062,25000000.000
40611,1965,-40.527344,25000000.000
40612,1979,-33.691406,25000000.000
40613,1989,-28.808594,25000000.000
40614,2000,-23.437500,25000000.000
40615,2001,-22.949219,25000000.000
40616,2024,-11.718750,25000000.000
40617,2037,-5.371094,25000000.000
40618,2050,0.976562,25000000.000
40619,2052,1.953125,25000000.000
40620,2076,13.671875,25000000.000
40621,2089,20.019531,25000000.000
40622,2099,24.902344,25000000.000
40623,2100,25.390625,25000000.000
40624,2117,33.691406,25000000.000
40625,2123,36.621094,25000000.000
40626,2127,38.574219,25000000.000
40627,2127,38.574219,25000000.000
40628,2130,40.039062,25000000.000
40629,2129,39.550781,25000000.000
40630,2126,38.085938,25000000.000
40631,2126,38.085938,25000000.000
40632,2116,33.203125,25000000.000
40633,2109,29.785156,25000000.000
40634,2099,24.902344,25000000.000
40635,2098,24.414062,25000000.000
40636,2077,14.160156,25000000.000
40637,2064,7.812500,25000000.000
40638,2050,0.976562,25000000.000
40639,2049,0.488281,25000000.000
40640,2023,-12.207031,25000000.000
40641,2010,-18.554688,25000000.000
40642,1998,-24.414062,25000000.000
40643,1997,-24.902344,25000000.000
40644,1978,-34.179688,25000000.000
40645,1972,-37.109375,25000000.000
40646,1966,-40.039062,25000000.000
40647,1964,-41.015625,25000000.000
40648,1960,-42.968750,25000000.000
40649,1962,-41.992188,25000000.000
40650,1964,-41.015625,25000000.000
40651,1962,-41.992188,25000000.000
40652,1973,-36.621094,25000000.000
40653,1981,-32.714844,25000000.000
40654,1991,-27.832031,25000000.000
40655,1992,-27.343750,25000000.000
40656,2013,-17.089844,25000000.000
40657,2025,-11.230469,25000000.000
40658,2039,-4.394531,25000000.000
40659,2039,-4.394531,25000000.000
40660,2066,8.789062,25000000.000
40661,2080,15.625000,25000000.000
40662,2090,20.507812,25000000.000
40663,2092,21.484375,25000000.000
40664,2111,30.761719,25000000.000
40665,2117,33.691406,25000000.000
40666,2124,37.109375,25000000.000
40667,2124,37.109375,25000000.000
40668,2129,39.550781,25000000.000
40669,2129,39.550781,25000000.000
40670,2127,38.574219,25000000.000
40671,2127,38.574219,25000000.000
40672,2119,34.667969,25000000.000
40673,2113,31.738281,25000000.000
40674,2105,27.832031,25000000.000
40675,2104,27.343750,25000000.000
40676,2085,18.066406,25000000.000
40677,2073,12.207031,25000000.000
40678,2060,5.859375,25000000.000
40679,2059,5.371094,25000000.000
40680,2032,-7.812500,25000000.000
40681,2020,-13.671875,25000000.000
40682,2008,-19.531250,25000000.000
40683,2007,-20.019531,25000000.000
40684,1987,-29.785156,25000000.000
40685,1977,-34.667969,25000000.000
40686,1970,-38.085938,25000000.000
40687,1968,-39.062500,25000000.000
40688,1961,-42.480469,25000000.000
40689,1959,-43.457031,25000000.000
40690,1959,-43.457031,25000000.000
40691,1960,-42.968750,25000000.000
40692,1967,-39.550781,25000000.000
40693,1974,-36.132812,25000000.000
40694,1981,-32.714844,25000000.000
40695,1982,-32.226562,25000000.000
40696,2003,-21.972656,25000000.000
40697,2014,-16.601562,25000000.000
40698,2027,-10.253906,25000000.000
40699,2028,-9.765625,25000000.000
40700,2054,2.929688,25000000.000
40701,2067,9.277344,25000000.000
40702,2079,15.136719,25000000.000
40703,2081,16.113281,25000000.000
40704,2102,26.367188,25000000.000
40705,2111,30.761719,25000000.000
40706,2118,34.179688,25000000.000
40707,2119,34.667969,25000000.000
40708,2127,38.574219,25000000.000
40709,2128,39.062500,25000000.000
40710,2129,39.550781,25000000.000
40711,2129,39.550781,25000000.000
40712,2124,37.109375,25000000.000
40713,2119,34.667969,25000000.000
40714,2113,31.738281,25000000.000
40715,2111,30.761719,25000000.000
40716,2095,22.949219,25000000.000
40717,2084,17.578125,25000000.000
40718,2072,11.718750,25000000.000
40719,2070,10.742188,25000000.000
40720,2044,-1.953125,25000000.000
40721,2031,-8.300781,25000000.000
40722,2018,-14.648438,25000000.000
40723,2017,-15.136719,25000000.000
40724,1993,-26.855469,25000000.000
40725,1984,-31.250000,25000000.000
40726,1975,-35.644531,25000000.000
40727,1974,-36.132812,25000000.000
40728,1964,-41.015625,25000000.000
40729,1961,-42.480469,25000000.000
40730,1960,-42.968750,25000000.000
40731,1960,-42.968750,25000000.000
40732,1964,-41.015625,25000000.000
40733,1969,-38.574219,25000000.000
40734,1975,-35.644531,25000000.000
40735,1977,-34.667969,25000000.000
40736,1992,-27.343750,25000000.000
40737,2004,-21.484375,25000000.000
40738,2016,-15.625000,25000000.000
40739,2017,-15.136719,25000000.000
40740,2043,-2.441406,25000000.000
40741,2055,3.417969,25000000.000
40742,2068,9.765625,25000000.000
40743,2069,10.253906,25000000.000
40744,2093,21.972656,25000000.000
40745,2104,27.343750,25000000.000
40746,2112,31.250000,25000000.000
40747,2114,32.226562,25000000.000
40748,2124,37.109375,25000000.000
40749,2128,39.062500,25000000.000
40750,2129,39.550781,25000000.000
40751,2129,39.550781,25000000.000
40752,2127,38.574219,25000000.000
40753,2123,36.621094,25000000.000
40754,2118,34.179688,25000000.000
40755,2116,33.203125,25000000.000
40756,2103,26.855469,25000000.000
40757,2092,21.484375,25000000.000
40758,2082,16.601562,25000000.000
40759,2080,15.625000,25000000.000
40760,2056,3.906250,25000000.000
40761,2044,-1.953125,25000000.000
40762,2030,-8.789062,25000000.000
40763,2028,-9.765625,25000000.000
40764,2005,-20.996094,25000000.000
40765,1994,-26.367188,25000000.000
40766,1984,-31.250000,25000000.000
40767,1984,-31.250000,25000000.000
40768,1969,-38.574219,25000000.000
40769,1964,-41.015625,25000000.000
40770,1961,-42.480469,25000000.000
40771,1960,-42.968750,25000000.000
40772,1960,-42.968750,25000000.000
40773,1965,-40.527344,25000000.000
40774,1971,-37.597656,25000000.000
40775,1970,-38.085938,25000000.000
40776,1986,-30.273438,25000000.000
40777,1996,-25.390625,25000000.000
40778,2007,-20.019531,25000000.000
40779,2008,-19.531250,25000000.000
40780,2032,-7.812500,25000000.000
40781,2044,-1.953125,25000000.000
40782,2059,5.371094,25000000.000
40783,2060,5.859375,25000000.000
40784,2084,17.578125,25000000.000
40785,2095,22.949219,25000000.000
40786,2104,27.343750,25000000.000
40787,2106,28.320312,25000000.000
40788,2120,35.156250,25000000.000
40789,2126,38.085938,25000000.000
40790,2127,38.574219,25000000.000
40791,2129,39.550781,25000000.000
40792,2129,39.550781,25000000.000
40793,2126,38.085938,25000000.000
40794,2123,36.621094,25000000.000
40795,2121,35.644531,25000000.000
40796,2110,30.273438,25000000.000
40797,2103,26.855469,25000000.000
40798,2093,21.972656,25000000.000
40799,2092,21.484375,25000000.000
40800,2070,10.742188,25000000.000
40801,2056,3.906250,25000000.000
40802,2042,-2.929688,25000000.000
40803,2041,-3.417969,25000000.000
40804,2016,-15.625000,25000000.000
40805,2004,-21.484375,25000000.000
40806,1992,-27.343750,25000000.000
40807,1991,-27.832031,25000000.000
40808,1974,-36.132812,25000000.000
40809,1967,-39.550781,25000000.000
40810,1963,-41.503906,25000000.000
40811,1963,-41.503906,25000000.000
40812,1961,-42.480469,25000000.000
40813,1962,-41.992188,25000000.000
40814,1965,-40.527344,25000000.000
40815,1965,-40.527344,25000000.000
40816,1978,-34.179688,25000000.000
40817,1987,-29.785156,25000000.000
40818,1996,-25.390625,25000000.000
40819,1998,-24.414062,25000000.000
40820,2021,-13.183594,25000000.000
40821,2033,-7.324219,25000000.000
40822,2047,-0.488281,25000000.000
40823,2048,0.000000,25000000.000
40824,2073,12.207031,25000000.000
40825,2086,18.554688,25000000.000
40826,2098,24.414062,25000000.000
40827,2097,23.925781,25000000.000
40828,2115,32.714844,25000000.000
40829,2122,36.132812,25000000.000
40830,2126,38.085938,25000000.000
40831,2127,38.574219,25000000.000
40832,2129,39.550781,25000000.000
40833,2129,39.550781,25000000.000
40834,2125,37.597656,25000000.000
40835,2126,38.085938,25000000.000
40836,2115,32.714844,25000000.000
40837,2110,30.273438,25000000.000
40838,2101,25.878906,25000000.000
40839,2099,24.902344,25000000.000
40840,2078,14.648438,25000000.000
40841,2066,8.789062,25000000.000
40842,2053,2.441406,25000000.000
40843,2052,1.953125,25000000.000
40844,2025,-11.230469,25000000.000
40845,2013,-17.089844,25000000.000
40846,2001,-22.949219,25000000.000
40847,2001,-22.949219,25000000.000
40848,1981,-32.714844,25000000.000
40849,1973,-36.621094,25000000.000
40850,1967,-39.550781,25000000.000
40851,1967,-39.550781,25000000.000
40852,1961,-42.480469,25000000.000
40853,1961,-42.480469,25000000.000
40854,1963,-41.503906,25000000.000
40855,1963,-41.503906,25000000.000
40856,1972,-37.109375,25000000.000
40857,1979,-33.691406,25000000.000
40858,1987,-29.785156,25000000.000
40859,1988,-29.296875,25000000.000
40860,2011,-18.066406,25000000.000
40861,2023,-12.207031,25000000.000
40862,2034,-6.835938,25000000.000
40863,2035,-6.347656,25000000.000
40864,2062,6.835938,25000000.000
40865,2074,12.695312,25000000.000
40866,2087,19.042969,25000000.000
40867,2088,19.531250,25000000.000
40868,2108,29.296875,25000000.000
40869,2116,33.203125,25000000.000
40870,2123,36.621094,25000000.000
40871,2123,36.621094,25000000.000
40872,2129,39.550781,25000000.000
40873,2129,39.550781,25000000.000
40874,2128,39.062500,25000000.000
40875,2128,39.062500,25000000.000
40876,2121,35.644531,25000000.000
40877,2114,32.226562,25000000.000
40878,2107,28.808594,25000000.000
40879,2106,28.320312,25000000.000
40880,2089,20.019531,25000000.000
40881,2076,13.671875,25000000.000
40882,2064,7.812500,25000000.000
40883,2063,7.324219,25000000.000
40884,2038,-4.882812,25000000.000
40885,2024,-11.718750,25000000.000
40886,2011,-18.066406,25000000.000
40887,2009,-19.042969,25000000.000
40888,1987,-29.785156,25000000.000
40889,1978,-34.179688,25000000.000
40890,1971,-37.597656,25000000.000
40891,1971,-37.597656,25000000.000
40892,1962,-41.992188,25000000.000
40893,1960,-42.968750,25000000.000
40894,1961,-42.480469,25000000.000
40895,1960,-42.968750,25000000.000
40896,1966,-40.039062,25000000.000
40897,1973,-36.621094,25000000.000
40898,1980,-33.203125,25000000.000
40899,1980,-33.203125,25000000.000
40900,1999,-23.925781,25000000.000
40901,2010,-18.554688,25000000.000
40902,2023,-12.207031,25000000.000
40903,2024,-11.718750,25000000.000
40904,2049,0.488281,25000000.000
40905,2063,7.324219,25000000.000
40906,2075,13.183594,25000000.000
40907,2077,14.160156,25000000.000
40908,2099,24.902344,25000000.000
40909,2108,29.296875,25000000.000
40910,2116,33.203125,25000000.000
40911,2116,33.203125,25000000.000
40912,2127,38.574219,25000000.000
40913,2128,39.062500,25000000.000
40914,2128,39.062500,25000000.000
40915,2129,39.550781,25000000.000
40916,2125,37.597656,25000000.000
40917,2121,35.644531,25000000.000
40918,2114,32.226562,25000000.000
40919,2114,32.226562,25000000.000
40920,2097,23.925781,25000000.000
40921,2087,19.042969,25000000.000
40922,2075,13.183594,25000000.000
40923,2075,13.183594,25000000.000
40924,2050,0.976562,25000000.000
40925,2035,-6.347656,25000000.000
40926,2022,-12.695312,25000000.000
40927,2021,-13.183594,25000000.000
40928,1997,-24.902344,25000000.000
40929,1986,-30.273438,25000000.000
40930,1977,-34.667969,25000000.000
40931,1977,-34.667969,25000000.000
40932,1965,-40.527344,25000000.000
40933,1962,-41.992188,25000000.000
40934,1960,-42.968750,25000000.000
40935,1959,-43.457031,25000000.000
40936,1962,-41.992188,25000000.000
40937,1965,-40.527344,25000000.000
40938,1973,-36.621094,25000000.000
40939,1973,-36.621094,25000000.000
40940,1990,-28.320312,25000000.000
40941,2000,-23.437500,25000000.000
40942,2013,-17.089844,25000000.000
40943,2015,-16.113281,25000000.000
40944,2039,-4.394531,25000000.000
40945,2052,1.953125,25000000.000
40946,2065,8.300781,25000000.000
40947,2067,9.277344,25000000.000
40948,2090,20.507812,25000000.000
40949,2101,25.878906,25000000.000
40950,2110,30.273438,25000000.000
40951,2112,31.250000,25000000.000
40952,2124,37.109375,25000000.000
40953,2128,39.062500,25000000.000
40954,2129,39.550781,25000000.000
40955,2130,40.039062,25000000.000
40956,2127,38.574219,25000000.000
40957,2125,37.597656,25000000.000
40958,2119,34.667969,25000000.000
40959,2119,34.667969,25000000.000
40960,2105,27.832031,25000000.000
40961,2096,23.437500,25000000.000
40962,2085,18.066406,25000000.000
40963,2083,17.089844,25000000.000
40964,2061,6.347656,25000000.000
40965,2048,0.000000,25000000.000
40966,2033,-7.324219,25000000.000
40967,2032,-7.812500,25000000.000
40968,2008,-19.531250,25000000.000
40969,1996,-25.390625,25000000.000
40970,1985,-30.761719,25000000.000
40971,1984,-31.250000,25000000.000
40972,1970,-38.085938,25000000.000
40973,1964,-41.015625,25000000.000
40974,1962,-41.992188,25000000.000
40975,1960,-42.968750,25000000.000
40976,1962,-41.992188,25000000.000
40977,1964,-41.015625,25000000.000
40978,1969,-38.574219,25000000.000
40979,1970,-38.085938,25000000.000
40980,1984,-31.250000,25000000.000
40981,1994,-26.367188,25000000.000
40982,2004,-21.484375,25000000.000
40983,2005,-20.996094,25000000.000
40984,2028,-9.765625,25000000.000
40985,2041,-3.417969,25000000.000
40986,2054,2.929688,25000000.000
40987,2056,3.906250,25000000.000
40988,2081,16.113281,25000000.000
40989,2093,21.972656,25000000.000
40990,2103,26.855469,25000000.000
40991,2103,26.855469,25000000.000
40992,2120,35.156250,25000000.000
40993,2124,37.109375,25000000.000
40994,2127,38.574219,25000000.000
40995,2128,39.062500,25000000.000
40996,2129,39.550781,25000000.000
40997,2127,38.574219,25000000.000
40998,2124,37.109375,25000000.000
40999,2123,36.621094,25000000.000
41000,2112,31.250000,25000000.000
41001,2104,27.343750,25000000.000
41002,2094,22.460938,25000000.000
41003,2094,22.460938,25000000.000
41004,2070,10.742188,25000000.000
41005,2058,4.882812,25000000.000
41006,2046,-0.976562,25000000.000
41007,2043,-2.441406,25000000.000
41008,2019,-14.160156,25000000.000
41009,2004,-21.484375,25000000.000
41010,1995,-25.878906,25000000.000
41011,1994,-26.367188,25000000.000
41012,1977,-34.667969,25000000.000
41013,1971,-37.597656,25000000.000
41014,1966,-40.039062,25000000.000
41015,1963,-41.503906,25000000.000
41016,1961,-42.480469,25000000.000
41017,1962,-41.992188,25000000.000
41018,1965,-40.527344,25000000.000
41019,1965,-40.527344,25000000.000
41020,1976,-35.156250,25000000.000
41021,1984,-31.250000,25000000.000
41022,1994,-26.367188,25000000.000
41023,1995,-25.878906,25000000.000
41024,2017,-15.136719,25000000.000
41025,2029,-9.277344,25000000.000
41026,2044,-1.953125,25000000.000
41027,2044,-1.953125,25000000.000
41028,2070,10.742188,25000000.000
41029,2082,16.601562,25000000.000
41030,2094,22.460938,25000000.000
41031,2095,22.949219,25000000.000
41032,2114,32.226562,25000000.000
41033,2121,35.644531,25000000.000
41034,2126,38.085938,25000000.000
41035,2126,38.085938,25000000.000
41036,2130,40.039062,25000000.000
41037,2130,40.039062,25000000.000
41038,2128,39.062500,25000000.000
41039,2126,38.085938,25000000.000
41040,2119,34.667969,25000000.000
41041,2111,30.761719,25000000.000
41042,2103,26.855469,25000000.000
41043,2103,26.855469,25000000.000
41044,2082,16.601562,25000000.000
41045,2070,10.742188,25000000.000
41046,2056,3.906250,25000000.000
41047,2055,3.417969,25000000.000
41048,2029,-9.277344,25000000.000
41049,2016,-15.625000,25000000.000
41050,2004,-21.484375,25000000.000
41051,2002,-22.460938,25000000.000
41052,1982,-32.226562,25000000.000
41053,1974,-36.132812,25000000.000
41054,1967,-39.550781,25000000.000
41055,1966,-40.039062,25000000.000
41056,1960,-42.968750,25000000.000
41057,1960,-42.968750,25000000.000
41058,1961,-42.480469,25000000.000
41059,1962,-41.992188,25000000.000
41060,1970,-38.085938,25000000.000
41061,1977,-34.667969,25000000.000
41062,1986,-30.273438,25000000.000
41063,1986,-30.273438,25000000.000
41064,2006,-20.507812,25000000.000
41065,2018,-14.648438,25000000.000
41066,2031,-8.300781,25000000.000
41067,2033,-7.324219,25000000.000
41068,2059,5.371094,25000000.000
41069,2071,11.230469,25000000.000
41070,2084,17.578125,25000000.000
41071,2085,18.066406,25000000.000
41072,2106,28.320312,25000000.000
41073,2114,32.226562,25000000.000
41074,2121,35.644531,25000000.000
41075,2120,35.156250,25000000.000
41076,2128,39.062500,25000000.000
41077,2129,39.550781,25000000.000
41078,2128,39.062500,25000000.000
41079,2128,39.062500,25000000.000
41080,2121,35.644531,25000000.000
41081,2117,33.691406,25000000.000
41082,2109,29.785156,25000000.000
41083,2108,29.296875,25000000.000
41084,2090,20.507812,25000000.000
41085,2079,15.136719,25000000.000
41086,2066,8.789062,25000000.000
41087,2065,8.300781,25000000.000
41088,2041,-3.417969,25000000.000
41089,2027,-10.253906,25000000.000
41090,2014,-16.601562,25000000.000
41091,2014,-16.601562,25000000.000
41092,1992,-27.343750,25000000.000
41093,1981,-32.714844,25000000.000
41094,1973,-36.621094,25000000.000
41095,1972,-37.109375,25000000.000
41096,1963,-41.503906,25000000.000
41097,1960,-42.968750,25000000.000
41098,1960,-42.968750,25000000.000
41099,1960,-42.968750,25000000.000
41100,1965,-40.527344,25000000.000
41101,1971,-37.597656,25000000.000
41102,1978,-34.179688,25000000.000
41103,1979,-33.691406,25000000.000
41104,1997,-24.902344,25000000.000
41105,2008,-19.531250,25000000.000
41106,2021,-13.183594,25000000.000
41107,2022,-12.695312,25000000.000
41108,2047,-0.488281,25000000.000
41109,2059,5.371094,25000000.000
41110,2072,11.718750,25000000.000
41111,2074,12.695312,25000000.000
41112,2095,22.949219,25000000.000
41113,2106,28.320312,25000000.000
41114,2115,32.714844,25000000.000
41115,2115,32.714844,25000000.000
41116,2126,38.085938,25000000.000
41117,2129,39.550781,25000000.000
41118,2129,39.550781,25000000.000
41119,2130,40.039062,25000000.000
41120,2126,38.085938,25000000.000
41121,2121,35.644531,25000000.000
41122,2116,33.203125,25000000.000
41123,2115,32.714844,25000000.000
41124,2099,24.902344,25000000.000
41125,2089,20.019531,25000000.000
41126,2078,14.648438,25000000.000
41127,2077,14.160156,25000000.000
41128,2053,2.441406,25000000.000
41129,2038,-4.882812,25000000.000
41130,2025,-11.230469,25000000.000
41131,2024,-11.718750,25000000.000
41132,2001,-22.949219,25000000.000
41133,1990,-28.320312,25000000.000
41134,1980,-33.203125,25000000.000
41135,1980,-33.203125,25000000.000
41136,1966,-40.039062,25000000.000
41137,1962,-41.992188,25000000.000
41138,1959,-43.457031,25000000.000
41139,1962,-41.992188,25000000.000
41140,1964,-41.015625,25000000.000
41141,1967,-39.550781,25000000.000
41142,1972,-37.109375,25000000.000
41143,1974,-36.132812,25000000.000
41144,1990,-28.320312,25000000.000
41145,1999,-23.925781,25000000.000
41146,2013,-17.089844,25000000.000
41147,2013,-17.089844,25000000.000
41148,2036,-5.859375,25000000.000
41149,2049,0.488281,25000000.000
41150,2062,6.835938,25000000.000
41151,2064,7.812500,25000000.000
41152,2088,19.531250,25000000.000
41153,2098,24.414062,25000000.000
41154,2107,28.808594,25000000.000
41155,2109,29.785156,25000000.000
41156,2123,36.621094,25000000.000
41157,2127,38.574219,25000000.000
41158,2129,39.550781,25000000.000
41159,2130,40.039062,25000000.000
41160,2128,39.062500,25000000.000
41161,2126,38.085938,25000000.000
41162,2123,36.621094,25000000.000
41163,2121,35.644531,25000000.000
41164,2108,29.296875,25000000.000
41165,2098,24.414062,25000000.000
41166,2087,19.042969,25000000.000
41167,2087,19.042969,25000000.000
41168,2065,8.300781,25000000.000
41169,2051,1.464844,25000000.000
41170,2036,-5.859375,25000000.000
41171,2036,-5.859375,25000000.000
41172,2011,-18.066406,25000000.000
41173,1999,-23.925781,25000000.000
41174,1989,-28.808594,25000000.000
41175,1988,-29.296875,25000000.000
41176,1972,-37.109375,25000000.000
41177,1965,-40.527344,25000000.000
41178,1963,-41.503906,25000000.000
41179,1962,-41.992188,25000000.000
41180,1961,-42.480469,25000000.000
41181,1963,-41.503906,25000000.000
41182,1968,-39.062500,25000000.000
41183,1968,-39.062500,25000000.000
41184,1981,-32.714844,25000000.000
41185,1991,-27.832031,25000000.000
41186,2000,-23.437500,25000000.000
41187,2001,-22.949219,25000000.000
41188,2025,-11.230469,25000000.000
41189,2037,-5.371094,25000000.000
41190,2052,1.953125,25000000.000
41191,2052,1.953125,25000000.000
41192,2077,14.160156,25000000.000
41193,2089,20.019531,25000000.000
41194,2100,25.390625,25000000.000
41195,2101,25.878906,25000000.000
41196,2117,33.691406,25000000.000
41197,2123,36.621094,25000000.000
41198,2128,39.062500,25000000.000
41199,2128,39.062500,25000000.000
41200,2130,40.039062,25000000.000
41201,2132,41.015625,25000000.000
41202,2127,38.574219,25000000.000
41203,2129,39.550781,25000000.000
41204,2115,32.714844,25000000.000
41205,2105,27.832031,25000000.000
41206,2099,24.902344,25000000.000
41207,2096,23.437500,25000000.000
41208,2076,13.671875,25000000.000
41209,2062,6.835938,25000000.000
41210,2048,0.000000,25000000.000
41211,2046,-0.976562,25000000.000
41212,2022,-12.695312,25000000.000
41213,2009,-19.042969,25000000.000
41214,1998,-24.414062,25000000.000
41215,1996,-25.390625,25000000.000
41216,1978,-34.179688,25000000.000
41217,1970,-38.085938,25000000.000
41218,1965,-40.527344,25000000.000
41219,1964,-41.015625,25000000.000
41220,1960,-42.968750,25000000.000
41221,1959,-43.457031,25000000.000
41222,1963,-41.503906,25000000.000
41223,1964,-41.015625,25000000.000
41224,1974,-36.132812,25000000.000
41225,1983,-31.738281,25000000.000
41226,1992,-27.343750,25000000.000
41227,1993,-26.855469,25000000.000
41228,2014,-16.601562,25000000.000
41229,2027,-10.253906,25000000.000
41230,2039,-4.394531,25000000.000
41231,2041,-3.417969,25000000.000
41232,2066,8.789062,25000000.000
41233,2079,15.136719,25000000.000
41234,2091,20.996094,25000000.000
41235,2091,20.996094,25000000.000
41236,2111,30.761719,25000000.000
41237,2118,34.179688,25000000.000
41238,2125,37.597656,25000000.000
41239,2124,37.109375,25000000.000
41240,2129,39.550781,25000000.000
41241,2129,39.550781,25000000.000
41242,2128,39.062500,25000000.000
41243,2128,39.062500,25000000.000
41244,2120,35.156250,25000000.000
41245,2113,31.738281,25000000.000
41246,2105,27.832031,25000000.000
41247,2104,27.343750,25000000.000
41248,2084,17.578125,25000000.000
41249,2071,11.230469,25000000.000
41250,2058,4.882812,25000000.000
41251,2058,4.882812,25000000.000
41252,2032,-7.812500,25000000.000
41253,2019,-14.160156,25000000.000
41254,2007,-20.019531,25000000.000
41255,2005,-20.996094,25000000.000
41256,1984,-31.250000,25000000.000
41257,1975,-35.644531,25000000.000
41258,1970,-38.085938,25000000.000
41259,1968,-39.062500,25000000.000
41260,1961,-42.480469,25000000.000
41261,1959,-43.457031,25000000.000
41262,1960,-42.968750,25000000.000
41263,1961,-42.480469,25000000.000
41264,1968,-39.062500,25000000.000
41265,1975,-35.644531,25000000.000
41266,1983,-31.738281,25000000.000
41267,1984,-31.250000,25000000.000
41268,2004,-21.484375,25000000.000
41269,2016,-15.625000,25000000.000
41270,2028,-9.765625,25000000.000
41271,2030,-8.789062,25000000.000
41272,2055,3.417969,25000000.000
41273,2068,9.765625,25000000.000
41274,2080,15.625000,25000000.000
41275,2082,16.601562,25000000.000
41276,2102,26.367188,25000000.000
41277,2111,30.761719,25000000.000
41278,2118,34.179688,25000000.000
41279,2119,34.667969,25000000.000
41280,2127,38.574219,25000000.000
41281,2128,39.062500,25000000.000
41282,2129,39.550781,25000000.000
41283,2128,39.062500,25000000.000
41284,2123,36.621094,25000000.000
41285,2119,34.667969,25000000.000
41286,2112,31.250000,25000000.000
41287,2111,30.761719,25000000.000
41288,2093,21.972656,25000000.000
41289,2082,16.601562,25000000.000
41290,2071,11.230469,25000000.000
41291,2069,10.253906,25000000.000
41292,2045,-1.464844,25000000.000
41293,2030,-8.789062,25000000.000
41294,2017,-15.136719,25000000.000
41295,2015,-16.113281,25000000.000
41296,1993,-26.855469,25000000.000
41297,1983,-31.738281,25000000.000
41298,1975,-35.644531,25000000.000
41299,1974,-36.132812,25000000.000
41300,1963,-41.503906,25000000.000
41301,1960,-42.968750,25000000.000
41302,1960,-42.968750,25000000.000
41303,1958,-43.945312,25000000.000
41304,1962,-41.992188,25000000.000
41305,1969,-38.574219,25000000.000
41306,1977,-34.667969,25000000.000
41307,1975,-35.644531,25000000.000
41308,1994,-26.367188,25000000.000
41309,2008,-19.531250,25000000.000
41310,2017,-15.136719,25000000.000
41311,2019,-14.160156,25000000.000
41312,2045,-1.464844,25000000.000
41313,2057,4.394531,25000000.000
41314,2068,9.765625,25000000.000
41315,2071,11.230469,25000000.000
41316,2095,22.949219,25000000.000
41317,2104,27.343750,25000000.000
41318,2113,31.738281,25000000.000
41319,2115,32.714844,25000000.000
41320,2125,37.597656,25000000.000
41321,2128,39.062500,25000000.000
41322,2130,40.039062,25000000.000
41323,2130,40.039062,25000000.000
41324,2126,38.085938,25000000.000
41325,2123,36.621094,25000000.000
41326,2118,34.179688,25000000.000
41327,2118,34.179688,25000000.000
41328,2102,26.367188,25000000.000
41329,2092,21.484375,25000000.000
41330,2082,16.601562,25000000.000
41331,2081,16.113281,25000000.000
41332,2056,3.906250,25000000.000
41333,2041,-3.417969,25000000.000
41334,2029,-9.277344,25000000.000
41335,2027,-10.253906,25000000.000
41336,2004,-21.484375,25000000.000
41337,1993,-26.855469,25000000.000
41338,1984,-31.250000,25000000.000
41339,1982,-32.226562,25000000.000
41340,1967,-39.550781,25000000.000
41341,1963,-41.503906,25000000.000
41342,1961,-42.480469,25000000.000
41343,1961,-42.480469,25000000.000
41344,1962,-41.992188,25000000.000
41345,1965,-40.527344,25000000.000
41346,1971,-37.597656,25000000.000
41347,1971,-37.597656,25000000.000
41348,1986,-30.273438,25000000.000
41349,1996,-25.390625,25000000.000
41350,2008,-19.531250,25000000.000
41351,2009,-19.042969,25000000.000
41352,2032,-7.812500,25000000.000
41353,2046,-0.976562,25000000.000
41354,2058,4.882812,25000000.000
41355,2060,5.859375,25000000.000
41356,2085,18.066406,25000000.000
41357,2096,23.437500,25000000.000
41358,2105,27.832031,25000000.000
41359,2107,28.808594,25000000.000
41360,2121,35.644531,25000000.000
41361,2124,37.109375,25000000.000
41362,2127,38.574219,25000000.000
41363,2129,39.550781,25000000.000
41364,2129,39.550781,25000000.000
41365,2127,38.574219,25000000.000
41366,2122,36.132812,25000000.000
41367,2122,36.132812,25000000.000
41368,2111,30.761719,25000000.000
41369,2102,26.367188,25000000.000
41370,2092,21.484375,25000000.000
41371,2091,20.996094,25000000.000
41372,2069,10.253906,25000000.000
41373,2054,2.929688,25000000.000
41374,2041,-3.417969,25000000.000
41375,2039,-4.394531,25000000.000
41376,2014,-16.601562,25000000.000
41377,2002,-22.460938,25000000.000
41378,1992,-27.343750,25000000.000
41379,1990,-28.320312,25000000.000
41380,1973,-36.621094,25000000.000
41381,1967,-39.550781,25000000.000
41382,1964,-41.015625,25000000.000
41383,1963,-41.503906,25000000.000
41384,1960,-42.968750,25000000.000
41385,1962,-41.992188,25000000.000
41386,1966,-40.039062,25000000.000
41387,1966,-40.039062,25000000.000
41388,1978,-34.179688,25000000.000
41389,1988,-29.296875,25000000.000
41390,1998,-24.414062,25000000.000
41391,1998,-24.414062,25000000.000
41392,2022,-12.695312,25000000.000
41393,2035,-6.347656,25000000.000
41394,2048,0.000000,25000000.000
41395,2049,0.488281,25000000.000
41396,2074,12.695312,25000000.000
41397,2087,19.042969,25000000.000
41398,2097,23.925781,25000000.000
41399,2099,24.902344,25000000.000
41400,2116,33.203125,25000000.000
41401,2123,36.621094,25000000.000
41402,2127,38.574219,25000000.000
41403,2127,38.574219,25000000.000
41404,2131,40.527344,25000000.000
41405,2129,39.550781,25000000.000
41406,2126,38.085938,25000000.000
41407,2127,38.574219,25000000.000
41408,2117,33.691406,25000000.000
41409,2109,29.785156,25000000.000
41410,2100,25.390625,25000000.000
41411,2099,24.902344,25000000.000
41412,2077,14.160156,25000000.000
41413,2066,8.789062,25000000.000
41414,2052,1.953125,25000000.000
41415,2050,0.976562,25000000.000
41416,2025,-11.230469,25000000.000
41417,2012,-17.578125,25000000.000
41418,2000,-23.437500,25000000.000
41419,1999,-23.925781,25000000.000
41420,1979,-33.691406,25000000.000
41421,1972,-37.109375,25000000.000
41422,1966,-40.039062,25000000.000
41423,1966,-40.039062,25000000.000
41424,1959,-43.457031,25000000.000
41425,1960,-42.968750,25000000.000
41426,1962,-41.992188,25000000.000
41427,1962,-41.992188,25000000.000
41428,1972,-37.109375,25000000.000
41429,1980,-33.203125,25000000.000
41430,1989,-28.808594,25000000.000
41431,1991,-27.832031,25000000.000
41432,2012,-17.578125,25000000.000
41433,2023,-12.207031,25000000.000
41434,2036,-5.859375,25000000.000
41435,2038,-4.882812,25000000.000
41436,2064,7.812500,25000000.000
41437,2075,13.183594,25000000.000
41438,2088,19.531250,25000000.000
41439,2089,20.019531,25000000.000
41440,2108,29.296875,25000000.000
41441,2116,33.203125,25000000.000
41442,2124,37.109375,25000000.000
41443,2123,36.621094,25000000.000
41444,2129,39.550781,25000000.000
41445,2130,40.039062,25000000.000
41446,2128,39.062500,25000000.000
41447,2128,39.062500,25000000.000
41448,2120,35.156250,25000000.000
41449,2114,32.226562,25000000.000
41450,2106,28.320312,25000000.000
41451,2106,28.320312,25000000.000
41452,2086,18.554688,25000000.000
41453,2076,13.671875,25000000.000
41454,2062,6.835938,25000000.000
41455,2061,6.347656,25000000.000
41456,2036,-5.859375,25000000.000
41457,2022,-12.695312,25000000.000
41458,2010,-18.554688,25000000.000
41459,2007,-20.019531,25000000.000
41460,1986,-30.273438,25000000.000
41461,1977,-34.667969,25000000.000
41462,1971,-37.597656,25000000.000
41463,1969,-38.574219,25000000.000
41464,1960,-42.968750,25000000.000
41465,1959,-43.457031,25000000.000
41466,1960,-42.968750,25000000.000
41467,1960,-42.968750,25000000.000
41468,1967,-39.550781,25000000.000
41469,1973,-36.621094,25000000.000
41470,1981,-32.714844,25000000.000
41471,1982,-32.226562,25000000.000
41472,2001,-22.949219,25000000.000
41473,2012,-17.578125,25000000.000
41474,2025,-11.230469,25000000.000
41475,2027,-10.253906,25000000.000
41476,2052,1.953125,25000000.000
41477,2065,8.300781,25000000.000
41478,2075,13.183594,25000000.000
41479,2079,15.136719,25000000.000
41480,2100,25.390625,25000000.000
41481,2110,30.273438,25000000.000
41482,2117,33.691406,25000000.000
41483,2118,34.179688,25000000.000
41484,2126,38.085938,25000000.000
41485,2128,39.062500,25000000.000
41486,2128,39.062500,25000000.000
41487,2129,39.550781,25000000.000
41488,2125,37.597656,25000000.000
41489,2119,34.667969,25000000.000
41490,2113,31.738281,25000000.000
41491,2113,31.738281,25000000.000
41492,2096,23.437500,25000000.000
41493,2085,18.066406,25000000.000
41494,2073,12.207031,25000000.000
41495,2072,11.718750,25000000.000
41496,2047,-0.488281,25000000.000
41497,2034,-6.835938,25000000.000
41498,2020,-13.671875,25000000.000
41499,2020,-13.671875,25000000.000
41500,1996,-25.390625,25000000.000
41501,1985,-30.761719,25000000.000
41502,1977,-34.667969,25000000.000
41503,1976,-35.156250,25000000.000
41504,1965,-40.527344,25000000.000
41505,1961,-42.480469,25000000.000
41506,1960,-42.968750,25000000.000
41507,1959,-43.457031,25000000.000
41508,1963,-41.503906,25000000.000
41509,1968,-39.062500,25000000.000
41510,1974,-36.132812,25000000.000
41511,1973,-36.621094,25000000.000
41512,1991,-27.832031,25000000.000
41513,2003,-21.972656,25000000.000
41514,2015,-16.113281,25000000.000
41515,2016,-15.625000,25000000.000
41516,2039,-4.394531,25000000.000
41517,2054,2.929688,25000000.000
41518,2067,9.277344,25000000.000
41519,2067,9.277344,25000000.000
41520,2091,20.996094,25000000.000
41521,2102,26.367188,25000000.000
41522,2110,30.273438,25000000.000
41523,2112,31.250000,25000000.000
41524,2123,36.621094,25000000.000
41525,2128,39.062500,25000000.000
41526,2129,39.550781,25000000.000
41527,2129,39.550781,25000000.000
41528,2127,38.574219,25000000.000
41529,2124,37.109375,25000000.000
41530,2118,34.179688,25000000.000
41531,2118,34.179688,25000000.000
41532,2104,27.343750,25000000.000
41533,2095,22.949219,25000000.000
41534,2083,17.089844,25000000.000
41535,2082,16.601562,25000000.000
41536,2059,5.371094,25000000.000
41537,2045,-1.464844,25000000.000
41538,2033,-7.324219,25000000.000
41539,2029,-9.277344,25000000.000
41540,2007,-20.019531,25000000.000
41541,1994,-26.367188,25000000.000
41542,1985,-30.761719,25000000.000
41543,1983,-31.738281,25000000.000
41544,1969,-38.574219,25000000.000
41545,1965,-40.527344,25000000.000
41546,1961,-42.480469,25000000.000
41547,1961,-42.480469,25000000.000
41548,1961,-42.480469,25000000.000
41549,1964,-41.015625,25000000.000
41550,1970,-38.085938,25000000.000
41551,1970,-38.085938,25000000.000
41552,1985,-30.761719,25000000.000
41553,1994,-26.367188,25000000.000
41554,2005,-20.996094,25000000.000
41555,2005,-20.996094,25000000.000
41556,2029,-9.277344,25000000.000
41557,2044,-1.953125,25000000.000
41558,2057,4.394531,25000000.000
41559,2058,4.882812,25000000.000
41560,2082,16.601562,25000000.000
41561,2095,22.949219,25000000.000
41562,2103,26.855469,25000000.000
41563,2105,27.832031,25000000.000
41564,2121,35.644531,25000000.000
41565,2125,37.597656,25000000.000
41566,2128,39.062500,25000000.000
41567,2128,39.062500,25000000.000
41568,2129,39.550781,25000000.000
41569,2127,38.574219,25000000.000
41570,2123,36.621094,25000000.000
41571,2124,37.109375,25000000.000
41572,2112,31.250000,25000000.000
41573,2103,26.855469,25000000.000
41574,2093,21.972656,25000000.000
41575,2091,20.996094,25000000.000
41576,2070,10.742188,25000000.000
41577,2057,4.394531,25000000.000
41578,2044,-1.953125,25000000.000
41579,2042,-2.929688,25000000.000
41580,2016,-15.625000,25000000.000
41581,2005,-20.996094,25000000.000
41582,1994,-26.367188,25000000.000
41583,1993,-26.855469,25000000.000
41584,1975,-35.644531,25000000.000
41585,1968,-39.062500,25000000.000
41586,1964,-41.015625,25000000.000
41587,1965,-40.527344,25000000.000
41588,1960,-42.968750,25000000.000
41589,1961,-42.480469,25000000.000
41590,1964,-41.015625,25000000.000
41591,1965,-40.527344,25000000.000
41592,1977,-34.667969,25000000.000
41593,1985,-30.761719,25000000.000
41594,1996,-25.390625,25000000.000
41595,1996,-25.390625,25000000.000
41596,2018,-14.648438,25000000.000
41597,2032,-7.812500,25000000.000
41598,2045,-1.464844,25000000.000
41599,2046,-0.976562,25000000.000
41600,2070,10.742188,25000000.000
41601,2083,17.089844,25000000.000
41602,2094,22.460938,25000000.000
41603,2096,23.437500,25000000.000
41604,2112,31.250000,25000000.000
41605,2120,35.156250,25000000.000
41606,2125,37.597656,25000000.000
41607,2126,38.085938,25000000.000
41608,2129,39.550781,25000000.000
41609,2128,39.062500,25000000.000
41610,2127,38.574219,25000000.000
41611,2126,38.085938,25000000.000
41612,2118,34.179688,25000000.000
41613,2110,30.273438,25000000.000
41614,2101,25.878906,25000000.000
41615,2101,25.878906,25000000.000
41616,2081,16.113281,25000000.000
41617,2068,9.765625,25000000.000
41618,2055,3.417969,25000000.000
41619,2054,2.929688,25000000.000
41620,2029,-9.277344,25000000.000
41621,2015,-16.113281,25000000.000
41622,2003,-21.972656,25000000.000
41623,2003,-21.972656,25000000.000
41624,1981,-32.714844,25000000.000
41625,1973,-36.621094,25000000.000
41626,1967,-39.550781,25000000.000
41627,1966,-40.039062,25000000.000
41628,1960,-42.968750,25000000.000
41629,1960,-42.968750,25000000.000
41630,1961,-42.480469,25000000.000
41631,1962,-41.992188,25000000.000
41632,1971,-37.597656,25000000.000
41633,1978,-34.179688,25000000.000
41634,1986,-30.273438,25000000.000
41635,1989,-28.808594,25000000.000
41636,2009,-19.042969,25000000.000
41637,2021,-13.183594,25000000.000
41638,2032,-7.812500,25000000.000
41639,2034,-6.835938,25000000.000
41640,2059,5.371094,25000000.000
41641,2072,11.718750,25000000.000
41642,2085,18.066406,25000000.000
41643,2087,19.042969,25000000.000
41644,2107,28.808594,25000000.000
41645,2115,32.714844,25000000.000
41646,2120,35.156250,25000000.000
41647,2123,36.621094,25000000.000
41648,2128,39.062500,25000000.000
41649,2129,39.550781,25000000.000
41650,2128,39.062500,25000000.000
41651,2129,39.550781,25000000.000
41652,2121,35.644531,25000000.000
41653,2116,33.203125,25000000.000
41654,2109,29.785156,25000000.000
41655,2107,28.808594,25000000.000
41656,2090,20.507812,25000000.000
41657,2077,14.160156,25000000.000
41658,2066,8.789062,25000000.000
41659,2064,7.812500,25000000.000
41660,2038,-4.882812,25000000.000
41661,2025,-11.230469,25000000.000
41662,2013,-17.089844,25000000.000
41663,2011,-18.066406,25000000.000
41664,1990,-28.320312,25000000.000
41665,1980,-33.203125,25000000.000
41666,1973,-36.621094,25000000.000
41667,1972,-37.109375,25000000.000
41668,1962,-41.992188,25000000.000
41669,1959,-43.457031,25000000.000
41670,1959,-43.457031,25000000.000
41671,1959,-43.457031,25000000.000
41672,1965,-40.527344,25000000.000
41673,1972,-37.109375,25000000.000
41674,1978,-34.179688,25000000.000
41675,1979,-33.691406,25000000.000
41676,1999,-23.925781,25000000.000
41677,2010,-18.554688,25000000.000
41678,2022,-12.695312,25000000.000
41679,2024,-11.718750,25000000.000
41680,2048,0.000000,25000000.000
41681,2062,6.835938,25000000.000
41682,2075,13.183594,25000000.000
41683,2076,13.671875,25000000.000
41684,2098,24.414062,25000000.000
41685,2108,29.296875,25000000.000
41686,2115,32.714844,25000000.000
41687,2116,33.203125,25000000.000
41688,2126,38.085938,25000000.000
41689,2129,39.550781,25000000.000
41690,2129,39.550781,25000000.000
41691,2129,39.550781,25000000.000
41692,2126,38.085938,25000000.000
41693,2120,35.156250,25000000.000
41694,2114,32.226562,25000000.000
41695,2114,32.226562,25000000.000
41696,2098,24.414062,25000000.000
41697,2087,19.042969,25000000.000
41698,2076,13.671875,25000000.000
41699,2074,12.695312,25000000.000
41700,2051,1.464844,25000000.000
41701,2036,-5.859375,25000000.000
41702,2024,-11.718750,25000000.000
41703,2022,-12.695312,25000000.000
41704,1999,-23.925781,25000000.000
41705,1988,-29.296875,25000000.000
41706,1979,-33.691406,25000000.000
41707,1977,-34.667969,25000000.000
41708,1965,-40.527344,25000000.000
41709,1962,-41.992188,25000000.000
41710,1959,-43.457031,25000000.000
41711,1960,-42.968750,25000000.000
41712,1962,-41.992188,25000000.000
41713,1966,-40.039062,25000000.000
41714,1972,-37.109375,25000000.000
41715,1972,-37.109375,25000000.000
41716,1989,-28.808594,25000000.000
41717,2000,-23.437500,25000000.000
41718,2011,-18.066406,25000000.000
41719,2013,-17.089844,25000000.000
41720,2037,-5.371094,25000000.000
41721,2050,0.976562,25000000.000
41722,2064,7.812500,25000000.000
41723,2065,8.300781,25000000.000
41724,2089,20.019531,25000000.000
41725,2100,25.390625,25000000.000
41726,2110,30.273438,25000000.000
41727,2111,30.761719,25000000.000
41728,2124,37.109375,25000000.000
41729,2128,39.062500,25000000.000
41730,2129,39.550781,25000000.000
41731,2130,40.039062,25000000.000
41732,2127,38.574219,25000000.000
41733,2126,38.085938,25000000.000
41734,2121,35.644531,25000000.000
41735,2120,35.156250,25000000.000
41736,2107,28.808594,25000000.000
41737,2098,24.414062,25000000.000
41738,2087,19.042969,25000000.000
41739,2085,18.066406,25000000.000
41740,2062,6.835938,25000000.000
41741,2049,0.488281,25000000.000
41742,2034,-6.835938,25000000.000
41743,2034,-6.835938,25000000.000
41744,2008,-19.531250,25000000.000
41745,1997,-24.902344,25000000.000
41746,1987,-29.785156,25000000.000
41747,1986,-30.273438,25000000.000
41748,1970,-38.085938,25000000.000
41749,1966,-40.039062,25000000.000
41750,1962,-41.992188,25000000.000
41751,1961,-42.480469,25000000.000
41752,1961,-42.480469,25000000.000
41753,1963,-41.503906,25000000.000
41754,1969,-38.574219,25000000.000
41755,1969,-38.574219,25000000.000
41756,1983,-31.738281,25000000.000
41757,1992,-27.343750,25000000.000
41758,2002,-22.460938,25000000.000
41759,2003,-21.972656,25000000.000
41760,2027,-10.253906,25000000.000
41761,2040,-3.906250,25000000.000
41762,2053,2.441406,25000000.000
41763,2054,2.929688,25000000.000
41764,2080,15.625000,25000000.000
41765,2091,20.996094,25000000.000
41766,2102,26.367188,25000000.000
41767,2103,26.855469,25000000.000
41768,2119,34.667969,25000000.000
41769,2124,37.109375,25000000.000
41770,2127,38.574219,25000000.000
41771,2127,38.574219,25000000.000
41772,2130,40.039062,25000000.000
41773,2128,39.062500,25000000.000
41774,2124,37.109375,25000000.000
41775,2124,37.109375,25000000.000
41776,2112,31.250000,25000000.000
41777,2105,27.832031,25000000.000
41778,2095,22.949219,25000000.000
41779,2095,22.949219,25000000.000
41780,2072,11.718750,25000000.000
41781,2060,5.859375,25000000.000
41782,2046,-0.976562,25000000.000
41783,2046,-0.976562,25000000.000
41784,2019,-14.160156,25000000.000
41785,2006,-20.507812,25000000.000
41786,1996,-25.390625,25000000.000
41787,1994,-26.367188,25000000.000
41788,1976,-35.156250,25000000.000
41789,1969,-38.574219,25000000.000
41790,1964,-41.015625,25000000.000
41791,1964,-41.015625,25000000.000
41792,1960,-42.968750,25000000.000
41793,1962,-41.992188,25000000.000
41794,1964,-41.015625,25000000.000
41795,1964,-41.015625,25000000.000
41796,1975,-35.644531,25000000.000
41797,1983,-31.738281,25000000.000
41798,1993,-26.855469,25000000.000
41799,1994,-26.367188,25000000.000
41800,2016,-15.625000,25000000.000
41801,2028,-9.765625,25000000.000
41802,2041,-3.417969,25000000.000
41803,2043,-2.441406,25000000.000
41804,2068,9.765625,25000000.000
41805,2080,15.625000,25000000.000
41806,2092,21.484375,25000000.000
41807,2093,21.972656,25000000.000
41808,2112,31.250000,25000000.000
41809,2120,35.156250,25000000.000
41810,2126,38.085938,25000000.000
41811,2126,38.085938,25000000.000
41812,2130,40.039062,25000000.000
41813,2131,40.527344,25000000.000
41814,2128,39.062500,25000000.000
41815,2128,39.062500,25000000.000
41816,2119,34.667969,25000000.000
41817,2113,31.738281,25000000.000
41818,2105,27.832031,25000000.000
41819,2104,27.343750,25000000.000
41820,2083,17.089844,25000000.000
41821,2071,11.230469,25000000.000
41822,2059,5.371094,25000000.000
41823,2057,4.394531,25000000.000
41824,2032,-7.812500,25000000.000
41825,2018,-14.648438,25000000.000
41826,2006,-20.507812,25000000.000
41827,2004,-21.484375,25000000.000
41828,1984,-31.250000,25000000.000
41829,1975,-35.644531,25000000.000
41830,1968,-39.062500,25000000.000
41831,1967,-39.550781,25000000.000
41832,1961,-42.480469,25000000.000
41833,1960,-42.968750,25000000.000
41834,1961,-42.480469,25000000.000
41835,1961,-42.480469,25000000.000
41836,1968,-39.062500,25000000.000
41837,1975,-35.644531,25000000.000
41838,1984,-31.250000,25000000.000
41839,1984,-31.250000,25000000.000
41840,2004,-21.484375,25000000.000
41841,2016,-15.625000,25000000.000
41842,2030,-8.789062,25000000.000
41843,2031,-8.300781,25000000.000
41844,2057,4.394531,25000000.000
41845,2069,10.253906,25000000.000
41846,2081,16.113281,25000000.000
41847,2084,17.578125,25000000.000
41848,2105,27.832031,25000000.000
41849,2113,31.738281,25000000.000
41850,2120,35.156250,25000000.000
41851,2120,35.156250,25000000.000
41852,2129,39.550781,25000000.000
41853,2130,40.039062,25000000.000
41854,2129,39.550781,25000000.000
41855,2129,39.550781,25000000.000
41856,2123,36.621094,25000000.000
41857,2118,34.179688,25000000.000
41858,2111,30.761719,25000000.000
41859,2109,29.785156,25000000.000
41860,2091,20.996094,25000000.000
41861,2081,16.113281,25000000.000
41862,2069,10.253906,25000000.000
41863,2068,9.765625,25000000.000
41864,2042,-2.929688,25000000.000
41865,2029,-9.277344,25000000.000
41866,2015,-16.113281,25000000.000
41867,2014,-16.601562,25000000.000
41868,1992,-27.343750,25000000.000
41869,1981,-32.714844,25000000.000
41870,1973,-36.621094,25000000.000
41871,1973,-36.621094,25000000.000
41872,1963,-41.503906,25000000.000
41873,1960,-42.968750,25000000.000
41874,1958,-43.945312,25000000.000
41875,1958,-43.945312,25000000.000
41876,1965,-40.527344,25000000.000
41877,1970,-38.085938,25000000.000
41878,1977,-34.667969,25000000.000
41879,1978,-34.179688,25000000.000
41880,1995,-25.878906,25000000.000
41881,2006,-20.507812,25000000.000
41882,2019,-14.160156,25000000.000
41883,2020,-13.671875,25000000.000
41884,2046,-0.976562,25000000.000
41885,2058,4.882812,25000000.000
41886,2072,11.718750,25000000.000
41887,2072,11.718750,25000000.000
41888,2095,22.949219,25000000.000
41889,2106,28.320312,25000000.000
41890,2114,32.226562,25000000.000
41891,2116,33.203125,25000000.000
41892,2127,38.574219,25000000.000
41893,2129,39.550781,25000000.000
41894,2131,40.527344,25000000.000
41895,2130,40.039062,25000000.000
41896,2128,39.062500,25000000.000
41897,2122,36.132812,25000000.000
41898,2116,33.203125,25000000.000
41899,2116,33.203125,25000000.000
41900,2101,25.878906,25000000.000
41901,2091,20.996094,25000000.000
41902,2078,14.648438,25000000.000
41903,2078,14.648438,25000000.000
41904,2054,2.929688,25000000.000
41905,2041,-3.417969,25000000.000
41906,2027,-10.253906,25000000.000
41907,2025,-11.230469,25000000.000
41908,2002,-22.460938,25000000.000
41909,1990,-28.320312,25000000.000
41910,1981,-32.714844,25000000.000
41911,1982,-32.226562,25000000.000
41912,1967,-39.550781,25000000.000
41913,1963,-41.503906,25000000.000
41914,1961,-42.480469,25000000.000
41915,1960,-42.968750,25000000.000
41916,1962,-41.992188,25000000.000
41917,1966,-40.039062,25000000.000
41918,1972,-37.109375,25000000.000
41919,1972,-37.109375,25000000.000
41920,1987,-29.785156,25000000.000
41921,1998,-24.414062,25000000.000
41922,2009,-19.042969,25000000.000
41923,2010,-18.554688,25000000.000
41924,2035,-6.347656,25000000.000
41925,2048,0.000000,25000000.000
41926,2061,6.347656,25000000.000
41927,2063,7.324219,25000000.000
41928,2087,19.042969,25000000.000
41929,2097,23.925781,25000000.000
41930,2107,28.808594,25000000.000
41931,2109,29.785156,25000000.000
41932,2122,36.132812,25000000.000
41933,2127,38.574219,25000000.000
41934,2130,40.039062,25000000.000
41935,2130,40.039062,25000000.000
41936,2128,39.062500,25000000.000
41937,2126,38.085938,25000000.000
41938,2122,36.132812,25000000.000
41939,2120,35.156250,25000000.000
41940,2109,29.785156,25000000.000
41941,2099,24.902344,25000000.000
41942,2088,19.531250,25000000.000
41943,2088,19.531250,25000000.000
41944,2066,8.789062,25000000.000
41945,2053,2.441406,25000000.000
41946,2039,-4.394531,25000000.000
41947,2038,-4.882812,25000000.000
41948,2014,-16.601562,25000000.000
41949,2000,-23.437500,25000000.000
41950,1989,-28.808594,25000000.000
41951,1989,-28.808594,25000000.000
41952,1972,-37.109375,25000000.000
41953,1966,-40.039062,25000000.000
41954,1962,-41.992188,25000000.000
41955,1962,-41.992188,25000000.000
41956,1960,-42.968750,25000000.000
41957,1962,-41.992188,25000000.000
41958,1966,-40.039062,25000000.000
41959,1966,-40.039062,25000000.000
41960,1980,-33.203125,25000000.000
41961,1989,-28.808594,25000000.000
41962,2000,-23.437500,25000000.000
41963,2000,-23.437500,25000000.000
41964,2024,-11.718750,25000000.000
41965,2035,-6.347656,25000000.000
41966,2048,0.000000,25000000.000
41967,2051,1.464844,25000000.000
41968,2075,13.183594,25000000.000
41969,2087,19.042969,25000000.000
41970,2098,24.414062,25000000.000
41971,2100,25.390625,25000000.000
41972,2116,33.203125,25000000.000
41973,2124,37.109375,25000000.000
41974,2127,38.574219,25000000.000
41975,2127,38.574219,25000000.000
41976,2130,40.039062,25000000.000
41977,2129,39.550781,25000000.000
41978,2126,38.085938,25000000.000
41979,2125,37.597656,25000000.000
41980,2114,32.226562,25000000.000
41981,2107,28.808594,25000000.000
41982,2098,24.414062,25000000.000
41983,2096,23.437500,25000000.000
41984,2077,14.160156,25000000.000
41985,2062,6.835938,25000000.000
41986,2050,0.976562,25000000.000
41987,2049,0.488281,25000000.000
41988,2024,-11.718750,25000000.000
41989,2013,-17.089844,25000000.000
41990,2000,-23.437500,25000000.000
41991,1998,-24.414062,25000000.000
41992,1980,-33.203125,25000000.000
41993,1972,-37.109375,25000000.000
41994,1967,-39.550781,25000000.000
41995,1964,-41.015625,25000000.000
41996,1960,-42.968750,25000000.000
41997,1960,-42.968750,25000000.000
41998,1963,-41.503906,25000000.000
41999,1963,-41.503906,25000000.000
42000,1973,-36.621094,25000000.000
42001,1981,-32.714844,25000000.000
42002,1990,-28.320312,25000000.000
42003,1991,-27.832031,25000000.000
42004,2012,-17.578125,25000000.000
42005,2025,-11.230469,25000000.000
42006,2038,-4.882812,25000000.000
42007,2040,-3.906250,25000000.000
42008,2064,7.812500,25000000.000
42009,2076,13.671875,25000000.000
42010,2090,20.507812,25000000.000
42011,2091,20.996094,25000000.000
42012,2109,29.785156,25000000.000
42013,2118,34.179688,25000000.000
42014,2125,37.597656,25000000.000
42015,2123,36.621094,25000000.000
42016,2129,39.550781,25000000.000
42017,2128,39.062500,25000000.000
42018,2126,38.085938,25000000.000
42019,2127,38.574219,25000000.000
42020,2120,35.156250,25000000.000
42021,2113,31.738281,25000000.000
42022,2105,27.832031,25000000.000
42023,2104,27.343750,25000000.000
42024,2085,18.066406,25000000.000
42025,2074,12.695312,25000000.000
42026,2061,6.347656,25000000.000
42027,2060,5.859375,25000000.000
42028,2035,-6.347656,25000000.000
42029,2021,-13.183594,25000000.000
42030,2008,-19.531250,25000000.000
42031,2006,-20.507812,25000000.000
42032,1986,-30.273438,25000000.000
42033,1976,-35.156250,25000000.000
42034,1970,-38.085938,25000000.000
42035,1969,-38.574219,25000000.000
42036,1960,-42.968750,25000000.000
42037,1959,-43.457031,25000000.000
42038,1960,-42.968750,25000000.000
42039,1960,-42.968750,25000000.000
42040,1968,-39.062500,25000000.000
42041,1973,-36.621094,25000000.000
42042,1982,-32.226562,25000000.000
42043,1983,-31.738281,25000000.000
42044,2002,-22.460938,25000000.000
42045,2012,-17.578125,25000000.000
42046,2026,-10.742188,25000000.000
42047,2028,-9.765625,25000000.000
42048,2053,2.441406,25000000.000
42049,2065,8.300781,25000000.000
42050,2079,15.136719,25000000.000
42051,2080,15.625000,25000000.000
42052,2101,25.878906,25000000.000
42053,2110,30.273438,25000000.000
42054,2118,34.179688,25000000.000
42055,2119,34.667969,25000000.000
42056,2127,38.574219,25000000.000
42057,2129,39.550781,25000000.000
42058,2130,40.039062,25000000.000
42059,2129,39.550781,25000000.000
42060,2124,37.109375,25000000.000
42061,2119,34.667969,25000000.000
42062,2111,30.761719,25000000.000
42063,2112,31.250000,25000000.000
42064,2094,22.460938,25000000.000
42065,2085,18.066406,25000000.000
42066,2072,11.718750,25000000.000
42067,2071,11.230469,25000000.000
42068,2046,-0.976562,25000000.000
42069,2033,-7.324219,25000000.000
42070,2019,-14.160156,25000000.000
42071,2019,-14.160156,25000000.000
42072,1995,-25.878906,25000000.000
42073,1984,-31.250000,25000000.000
42074,1976,-35.156250,25000000.000
42075,1975,-35.644531,25000000.000
42076,1963,-41.503906,25000000.000
42077,1960,-42.968750,25000000.000
42078,1959,-43.457031,25000000.000
42079,1959,-43.457031,25000000.000
42080,1962,-41.992188,25000000.000
42081,1967,-39.550781,25000000.000
42082,1974,-36.132812,25000000.000
42083,1975,-35.644531,25000000.000
42084,1992,-27.343750,25000000.000
42085,2003,-21.972656,25000000.000
42086,2016,-15.625000,25000000.000
42087,2017,-15.136719,25000000.000
42088,2041,-3.417969,25000000.000
42089,2054,2.929688,25000000.000
42090,2068,9.765625,25000000.000
42091,2070,10.742188,25000000.000
42092,2093,21.972656,25000000.000
42093,2103,26.855469,25000000.000
42094,2113,31.738281,25000000.000
42095,2114,32.226562,25000000.000
42096,2125,37.597656,25000000.000
42097,2129,39.550781,25000000.000
42098,2130,40.039062,25000000.000
42099,2130,40.039062,25000000.000
42100,2128,39.062500,25000000.000
42101,2125,37.597656,25000000.000
42102,2118,34.179688,25000000.000
42103,2119,34.667969,25000000.000
42104,2103,26.855469,25000000.000
42105,2094,22.460938,25000000.000
42106,2082,16.601562,25000000.000
42107,2082,16.601562,25000000.000
42108,2057,4.394531,25000000.000
42109,2045,-1.464844,25000000.000
42110,2031,-8.300781,25000000.000
42111,2029,-9.277344,25000000.000
42112,2005,-20.996094,25000000.000
42113,1993,-26.855469,25000000.000
42114,1983,-31.738281,25000000.000
42115,1982,-32.226562,25000000.000
42116,1967,-39.550781,25000000.000
42117,1962,-41.992188,25000000.000
42118,1959,-43.457031,25000000.000
42119,1959,-43.457031,25000000.000
42120,1960,-42.968750,25000000.000
42121,1964,-41.015625,25000000.000
42122,1970,-38.085938,25000000.000
42123,1970,-38.085938,25000000.000
42124,1985,-30.761719,25000000.000
42125,1995,-25.878906,25000000.000
42126,2005,-20.996094,25000000.000
42127,2007,-20.019531,25000000.000
42128,2032,-7.812500,25000000.000
42129,2044,-1.953125,25000000.000
42130,2057,4.394531,25000000.000
42131,2059,5.371094,25000000.000
42132,2083,17.089844,25000000.000
42133,2095,22.949219,25000000.000
42134,2106,28.320312,25000000.000
42135,2106,28.320312,25000000.000
42136,2121,35.644531,25000000.000
42137,2127,38.574219,25000000.000
42138,2129,39.550781,25000000.000
42139,2130,40.039062,25000000.000
42140,2130,40.039062,25000000.000
42141,2128,39.062500,25000000.000
42142,2124,37.109375,25000000.000
42143,2123,36.621094,25000000.000
42144,2111,30.761719,25000000.000
42145,2103,26.855469,25000000.000
42146,2092,21.484375,25000000.000
42147,2091,20.996094,25000000.000
42148,2068,9.765625,25000000.000
42149,2056,3.906250,25000000.000
42150,2043,-2.441406,25000000.000
42151,2041,-3.417969,25000000.000
42152,2016,-15.625000,25000000.000
42153,2004,-21.484375,25000000.000
42154,1993,-26.855469,25000000.000
42155,1991,-27.832031,25000000.000
42156,1975,-35.644531,25000000.000
42157,1967,-39.550781,25000000.000
42158,1964,-41.015625,25000000.000
42159,1963,-41.503906,25000000.000
42160,1960,-42.968750,25000000.000
42161,1962,-41.992188,25000000.000
42162,1965,-40.527344,25000000.000
42163,1965,-40.527344,25000000.000
42164,1979,-33.691406,25000000.000
42165,1987,-29.785156,25000000.000
42166,1997,-24.902344,25000000.000
42167,1998,-24.414062,25000000.000
42168,2020,-13.671875,25000000.000
42169,2033,-7.324219,25000000.000
42170,2046,-0.976562,25000000.000
42171,2048,0.000000,25000000.000
42172,2073,12.207031,25000000.000
42173,2086,18.554688,25000000.000
42174,2096,23.437500,25000000.000
42175,2097,23.925781,25000000.000
42176,2115,32.714844,25000000.000
42177,2121,35.644531,25000000.000
42178,2128,39.062500,25000000.000
42179,2126,38.085938,25000000.000
42180,2130,40.039062,25000000.000
42181,2128,39.062500,25000000.000
42182,2127,38.574219,25000000.000
42183,2126,38.085938,25000000.000
42184,2116,33.203125,25000000.000
42185,2109,29.785156,25000000.000
42186,2100,25.390625,25000000.000
42187,2099,24.902344,25000000.000
42188,2078,14.648438,25000000.000
42189,2067,9.277344,25000000.000
42190,2054,2.929688,25000000.000
42191,2053,2.441406,25000000.000
42192,2027,-10.253906,25000000.000
42193,2013,-17.089844,25000000.000
42194,2001,-22.949219,25000000.000
42195,1999,-23.925781,25000000.000
42196,1980,-33.203125,25000000.000
42197,1972,-37.109375,25000000.000
42198,1966,-40.039062,25000000.000
42199,1966,-40.039062,25000000.000
42200,1960,-42.968750,25000000.000
42201,1958,-43.945312,25000000.000
42202,1962,-41.992188,25000000.000
42203,1961,-42.480469,25000000.000
42204,1971,-37.597656,25000000.000
42205,1978,-34.179688,25000000.000
42206,1987,-29.785156,25000000.000
42207,1988,-29.296875,25000000.000
42208,2009,-19.042969,25000000.000
42209,2022,-12.695312,25000000.000
42210,2034,-6.835938,25000000.000
42211,2037,-5.371094,25000000.000
42212,2061,6.347656,25000000.000
42213,2074,12.695312,25000000.000
42214,2086,18.554688,25000000.000
42215,2087,19.042969,25000000.000
42216,2108,29.296875,25000000.000
42217,2116,33.203125,25000000.000
42218,2122,36.132812,25000000.000
42219,2123,36.621094,25000000.000
42220,2129,39.550781,25000000.000
42221,2130,40.039062,25000000.000
42222,2128,39.062500,25000000.000
42223,2128,39.062500,25000000.000
42224,2121,35.644531,25000000.000
42225,2115,32.714844,25000000.000
42226,2107,28.808594,25000000.000
42227,2106,28.320312,25000000.000
42228,2088,19.531250,25000000.000
42229,2077,14.160156,25000000.000
42230,2063,7.324219,25000000.000
42231,2063,7.324219,25000000.000
42232,2038,-4.882812,25000000.000
42233,2024,-11.718750,25000000.000
42234,2012,-17.578125,25000000.000
42235,2010,-18.554688,25000000.000
42236,1989,-28.808594,25000000.000
42237,1979,-33.691406,25000000.000
42238,1972,-37.109375,25000000.000
42239,1970,-38.085938,25000000.000
42240,1962,-41.992188,25000000.000
42241,1960,-42.968750,25000000.000
42242,1959,-43.457031,25000000.000
42243,1959,-43.457031,25000000.000
42244,1966,-40.039062,25000000.000
42245,1972,-37.109375,25000000.000
42246,1980,-33.203125,25000000.000
42247,1981,-32.714844,25000000.000
42248,2000,-23.437500,25000000.000
42249,2012,-17.578125,25000000.000
42250,2025,-11.230469,25000000.000
42251,2026,-10.742188,25000000.000
42252,2050,0.976562,25000000.000
42253,2064,7.812500,25000000.000
42254,2077,14.160156,25000000.000
42255,2078,14.648438,25000000.000
42256,2099,24.902344,25000000.000
42257,2109,29.785156,25000000.000
42258,2116,33.203125,25000000.000
42259,2117,33.691406,25000000.000
42260,2127,38.574219,25000000.000
42261,2128,39.062500,25000000.000
42262,2128,39.062500,25000000.000
42263,2129,39.550781,25000000.000
42264,2125,37.597656,25000000.000
42265,2119,34.667969,25000000.000
42266,2114,32.226562,25000000.000
42267,2114,32.226562,25000000.000
42268,2096,23.437500,25000000.000
42269,2087,19.042969,25000000.000
42270,2075,13.183594,25000000.000
42271,2074,12.695312,25000000.000
42272,2049,0.488281,25000000.000
42273,2036,-5.859375,25000000.000
42274,2021,-13.183594,25000000.000
42275,2021,-13.183594,25000000.000
42276,1997,-24.902344,25000000.000
42277,1987,-29.785156,25000000.000
42278,1978,-34.179688,25000000.000
42279,1976,-35.156250,25000000.000
42280,1965,-40.527344,25000000.000
42281,1961,-42.480469,25000000.000
42282,1960,-42.968750,25000000.000
42283,1960,-42.968750,25000000.000
42284,1963,-41.503906,25000000.000
42285,1966,-40.039062,25000000.000
42286,1973,-36.621094,25000000.000
42287,1974,-36.132812,25000000.000
42288,1989,-28.808594,25000000.000
42289,2001,-22.949219,25000000.000
42290,2013,-17.089844,25000000.000
42291,2013,-17.089844,25000000.000
42292,2039,-4.394531,25000000.000
42293,2052,1.953125,25000000.000
42294,2065,8.300781,25000000.000
42295,2065,8.300781,25000000.000
42296,2090,20.507812,25000000.000
42297,2101,25.878906,25000000.000
42298,2110,30.273438,25000000.000
42299,2112,31.250000,25000000.000
42300,2124,37.109375,25000000.000
42301,2127,38.574219,25000000.000
42302,2131,40.527344,25000000.000
42303,2130,40.039062,25000000.000
42304,2129,39.550781,25000000.000
42305,2125,37.597656,25000000.000
42306,2120,35.156250,25000000.000
42307,2119,34.667969,25000000.000
42308,2105,27.832031,25000000.000
42309,2096,23.437500,25000000.000
42310,2085,18.066406,25000000.000
42311,2084,17.578125,25000000.000
42312,2062,6.835938,25000000.000
42313,2048,0.000000,25000000.000
42314,2034,-6.835938,25000000.000
42315,2033,-7.324219,25000000.000
42316,2009,-19.042969,25000000.000
42317,1997,-24.902344,25000000.000
42318,1987,-29.785156,25000000.000
42319,1987,-29.785156,25000000.000
42320,1970,-38.085938,25000000.000
42321,1964,-41.015625,25000000.000
42322,1961,-42.480469,25000000.000
42323,1962,-41.992188,25000000.000
42324,1962,-41.992188,25000000.000
42325,1962,-41.992188,25000000.000
42326,1967,-39.550781,25000000.000
42327,1968,-39.062500,25000000.000
42328,1983,-31.738281,25000000.000
42329,1991,-27.832031,25000000.000
42330,2002,-22.460938,25000000.000
42331,2004,-21.484375,25000000.000
42332,2028,-9.765625,25000000.000
42333,2041,-3.417969,25000000.000
42334,2054,2.929688,25000000.000
42335,2056,3.906250,25000000.000
42336,2080,15.625000,25000000.000
42337,2092,21.484375,25000000.000
42338,2103,26.855469,25000000.000
42339,2104,27.343750,25000000.000
42340,2119,34.667969,25000000.000
42341,2124,37.109375,25000000.000
42342,2129,39.550781,25000000.000
42343,2129,39.550781,25000000.000
42344,2129,39.550781,25000000.000
42345,2127,38.574219,25000000.000
42346,2123,36.621094,25000000.000
42347,2123,36.621094,25000000.000
42348,2112,31.250000,25000000.000
42349,2105,27.832031,25000000.000
42350,2095,22.949219,25000000.000
42351,2093,21.972656,25000000.000
42352,2072,11.718750,25000000.000
42353,2059,5.371094,25000000.000
42354,2046,-0.976562,25000000.000
42355,2044,-1.953125,25000000.000
42356,2019,-14.160156,25000000.000
42357,2006,-20.507812,25000000.000
42358,1995,-25.878906,25000000.000
42359,1994,-26.367188,25000000.000
42360,1975,-35.644531,25000000.000
42361,1967,-39.550781,25000000.000
42362,1963,-41.503906,25000000.000
42363,1962,-41.992188,25000000.000
42364,1959,-43.457031,25000000.000
42365,1960,-42.968750,25000000.000
42366,1964,-41.015625,25000000.000
42367,1964,-41.015625,25000000.000
42368,1975,-35.644531,25000000.000
42369,1983,-31.738281,25000000.000
42370,1994,-26.367188,25000000.000
42371,1995,-25.878906,25000000.000
42372,2016,-15.625000,25000000.000
42373,2030,-8.789062,25000000.000
42374,2042,-2.929688,25000000.000
42375,2044,-1.953125,25000000.000
42376,2070,10.742188,25000000.000
42377,2082,16.601562,25000000.000
42378,2095,22.949219,25000000.000
42379,2094,22.460938,25000000.000
42380,2113,31.738281,25000000.000
42381,2120,35.156250,25000000.000
42382,2125,37.597656,25000000.000
42383,2126,38.085938,25000000.000
42384,2129,39.550781,25000000.000
42385,2130,40.039062,25000000.000
42386,2127,38.574219,25000000.000
42387,2127,38.574219,25000000.000
42388,2117,33.691406,25000000.000
42389,2112,31.250000,25000000.000
42390,2103,26.855469,25000000.000
42391,2102,26.367188,25000000.000
42392,2081,16.113281,25000000.000
42393,2069,10.253906,25000000.000
42394,2057,4.394531,25000000.000
42395,2055,3.417969,25000000.000
42396,2029,-9.277344,25000000.000
42397,2018,-14.648438,25000000.000
42398,2004,-21.484375,25000000.000
42399,2003,-21.972656,25000000.000
42400,1983,-31.738281,25000000.000
42401,1974,-36.132812,25000000.000
42402,1968,-39.062500,25000000.000
42403,1967,-39.550781,25000000.000
42404,1959,-43.457031,25000000.000
42405,1958,-43.945312,25000000.000
42406,1960,-42.968750,25000000.000
42407,1961,-42.480469,25000000.000
42408,1969,-38.574219,25000000.000
42409,1977,-34.667969,25000000.000
42410,1984,-31.250000,25000000.000
42411,1986,-30.273438,25000000.000
42412,2006,-20.507812,25000000.000
42413,2018,-14.648438,25000000.000
42414,2031,-8.300781,25000000.000
42415,2032,-7.812500,25000000.000
42416,2058,4.882812,25000000.000
42417,2073,12.207031,25000000.000
42418,2085,18.066406,25000000.000
42419,2086,18.554688,25000000.000
42420,2105,27.832031,25000000.000
42421,2112,31.250000,25000000.000
42422,2121,35.644531,25000000.000
42423,2121,35.644531,25000000.000
42424,2127,38.574219,25000000.000
42425,2129,39.550781,25000000.000
42426,2128,39.062500,25000000.000
42427,2128,39.062500,25000000.000
42428,2121,35.644531,25000000.000
42429,2116,33.203125,25000000.000
42430,2109,29.785156,25000000.000
42431,2109,29.785156,25000000.000
42432,2090,20.507812,25000000.000
42433,2080,15.625000,25000000.000
42434,2068,9.765625,25000000.000
42435,2066,8.789062,25000000.000
42436,2041,-3.417969,25000000.000
42437,2028,-9.765625,25000000.000
42438,2015,-16.113281,25000000.000
42439,2013,-17.089844,25000000.000
42440,1991,-27.832031,25000000.000
42441,1981,-32.714844,25000000.000
42442,1973,-36.621094,25000000.000
42443,1972,-37.109375,25000000.000
42444,1962,-41.992188,25000000.000
42445,1960,-42.968750,25000000.000
42446,1959,-43.457031,25000000.000
42447,1960,-42.968750,25000000.000
42448,1964,-41.015625,25000000.000
42449,1969,-38.574219,25000000.000
42450,1978,-34.179688,25000000.000
42451,1979,-33.691406,25000000.000
42452,1996,-25.390625,25000000.000
42453,2007,-20.019531,25000000.000
42454,2020,-13.671875,25000000.000
42455,2021,-13.183594,25000000.000
42456,2045,-1.464844,25000000.000
42457,2058,4.882812,25000000.000
42458,2072,11.718750,25000000.000
42459,2073,12.207031,25000000.000
42460,2097,23.925781,25000000.000
42461,2107,28.808594,25000000.000
42462,2115,32.714844,25000000.000
42463,2115,32.714844,25000000.000
42464,2126,38.085938,25000000.000
42465,2129,39.550781,25000000.000
42466,2129,39.550781,25000000.000
42467,2130,40.039062,25000000.000
42468,2126,38.085938,25000000.000
42469,2121,35.644531,25000000.000
42470,2115,32.714844,25000000.000
42471,2115,32.714844,25000000.000
42472,2100,25.390625,25000000.000
42473,2089,20.019531,25000000.000
42474,2078,14.648438,25000000.000
42475,2077,14.160156,25000000.000
42476,2052,1.953125,25000000.000
42477,2040,-3.906250,25000000.000
42478,2026,-10.742188,25000000.000
42479,2025,-11.230469,25000000.000
42480,2001,-22.949219,25000000.000
42481,1991,-27.832031,25000000.000
42482,1980,-33.203125,25000000.000
42483,1981,-32.714844,25000000.000
42484,1967,-39.550781,25000000.000
42485,1963,-41.503906,25000000.000
42486,1960,-42.968750,25000000.000
42487,1960,-42.968750,25000000.000
42488,1961,-42.480469,25000000.000
42489,1965,-40.527344,25000000.000
42490,1971,-37.597656,25000000.000
42491,1972,-37.109375,25000000.000
42492,1987,-29.785156,25000000.000
42493,1998,-24.414062,25000000.000
42494,2010,-18.554688,25000000.000
42495,2011,-18.066406,25000000.000
42496,2035,-6.347656,25000000.000
42497,2049,0.488281,25000000.000
42498,2062,6.835938,25000000.000
42499,2064,7.812500,25000000.000
42500,2087,19.042969,25000000.000
42501,2099,24.902344,25000000.000
42502,2108,29.296875,25000000.000
42503,2109,29.785156,25000000.000
42504,2122,36.132812,25000000.000
42505,2127,38.574219,25000000.000
42506,2130,40.039062,25000000.000
42507,2130,40.039062,25000000.000
42508,2129,39.550781,25000000.000
42509,2126,38.085938,25000000.000
42510,2122,36.132812,25000000.000
42511,2122,36.132812,25000000.000
42512,2107,28.808594,25000000.000
42513,2098,24.414062,25000000.000
42514,2089,20.019531,25000000.000
42515,2087,19.042969,25000000.000
42516,2064,7.812500,25000000.000
42517,2052,1.953125,25000000.000
42518,2039,-4.394531,25000000.000
42519,2037,-5.371094,25000000.000
42520,2011,-18.066406,25000000.000
42521,1999,-23.925781,25000000.000
42522,1989,-28.808594,25000000.000
42523,1987,-29.785156,25000000.000
42524,1972,-37.109375,25000000.000
42525,1965,-40.527344,25000000.000
42526,1962,-41.992188,25000000.000
42527,1962,-41.992188,25000000.000
42528,1960,-42.968750,25000000.000
42529,1963,-41.503906,25000000.000
42530,1967,-39.550781,25000000.000
42531,1968,-39.062500,25000000.000
42532,1981,-32.714844,25000000.000
42533,1991,-27.832031,25000000.000
42534,2001,-22.949219,25000000.000
42535,2002,-22.460938,25000000.000
42536,2027,-10.253906,25000000.000
42537,2038,-4.882812,25000000.000
42538,2052,1.953125,25000000.000
42539,2052,1.953125,25000000.000
42540,2077,14.160156,25000000.000
42541,2090,20.507812,25000000.000
42542,2101,25.878906,25000000.000
42543,2101,25.878906,25000000.000
42544,2117,33.691406,25000000.000
42545,2124,37.109375,25000000.000
42546,2128,39.062500,25000000.000
42547,2128,39.062500,25000000.000
42548,2130,40.039062,25000000.000
42549,2129,39.550781,25000000.000
42550,2125,37.597656,25000000.000
42551,2125,37.597656,25000000.000
42552,2113,31.738281,25000000.000
42553,2106,28.320312,25000000.000
42554,2096,23.437500,25000000.000
42555,2095,22.949219,25000000.000
42556,2074,12.695312,25000000.000
42557,2061,6.347656,25000000.000
42558,2047,-0.488281,25000000.000
42559,2047,-0.488281,25000000.000
42560,2022,-12.695312,25000000.000
42561,2010,-18.554688,25000000.000
42562,1999,-23.925781,25000000.000
42563,1998,-24.414062,25000000.000
42564,1978,-34.179688,25000000.000
42565,1971,-37.597656,25000000.000
42566,1965,-40.527344,25000000.000
42567,1964,-41.015625,25000000.000
42568,1961,-42.480469,25000000.000
42569,1961,-42.480469,25000000.000
42570,1962,-41.992188,25000000.000
42571,1964,-41.015625,25000000.000
42572,1974,-36.132812,25000000.000
42573,1982,-32.226562,25000000.000
42574,1990,-28.320312,25000000.000
42575,1991,-27.832031,25000000.000
42576,2013,-17.089844,25000000.000
42577,2026,-10.742188,25000000.000
42578,2038,-4.882812,25000000.000
42579,2040,-3.906250,25000000.000
42580,2066,8.789062,25000000.000
42581,2077,14.160156,25000000.000
42582,2091,20.996094,25000000.000
42583,2091,20.996094,25000000.000
42584,2110,30.273438,25000000.000
42585,2118,34.179688,25000000.000
42586,2123,36.621094,25000000.000
42587,2123,36.621094,25000000.000
42588,2129,39.550781,25000000.000
42589,2128,39.062500,25000000.000
42590,2128,39.062500,25000000.000
42591,2127,38.574219,25000000.000
42592,2119,34.667969,25000000.000
42593,2112,31.250000,25000000.000
42594,2104,27.343750,25000000.000
42595,2103,26.855469,25000000.000
42596,2085,18.066406,25000000.000
42597,2073,12.207031,25000000.000
42598,2061,6.347656,25000000.000
42599,2059,5.371094,25000000.000
42600,2036,-5.859375,25000000.000
42601,2021,-13.183594,25000000.000
42602,2007,-20.019531,25000000.000
42603,2006,-20.507812,25000000.000
42604,1984,-31.250000,25000000.000
42605,1975,-35.644531,25000000.000
42606,1969,-38.574219,25000000.000
42607,1968,-39.062500,25000000.000
42608,1960,-42.968750,25000000.000
42609,1959,-43.457031,25000000.000
42610,1960,-42.968750,25000000.000
42611,1959,-43.457031,25000000.000
42612,1967,-39.550781,25000000.000
42613,1975,-35.644531,25000000.000
42614,1982,-32.226562,25000000.000
42615,1983,-31.738281,25000000.000
42616,2003,-21.972656,25000000.000
42617,2016,-15.625000,25000000.000
42618,2027,-10.253906,25000000.000
42619,2029,-9.277344,25000000.000
42620,2054,2.929688,25000000.000
42621,2067,9.277344,25000000.000
42622,2080,15.625000,25000000.000
42623,2081,16.113281,25000000.000
42624,2103,26.855469,25000000.000
42625,2111,30.761719,25000000.000
42626,2119,34.667969,25000000.000
42627,2119,34.667969,25000000.000
42628,2129,39.550781,25000000.000
42629,2130,40.039062,25000000.000
42630,2130,40.039062,25000000.000
42631,2130,40.039062,25000000.000
42632,2123,36.621094,25000000.000
42633,2118,34.179688,25000000.000
42634,2112,31.250000,25000000.000
42635,2109,29.785156,25000000.000
42636,2093,21.972656,25000000.000
42637,2080,15.625000,25000000.000
42638,2072,11.718750,25000000.000
42639,2069,10.253906,25000000.000
42640,2044,-1.953125,25000000.000
42641,2031,-8.300781,25000000.000
42642,2017,-15.136719,25000000.000
42643,2017,-15.136719,25000000.000
42644,1995,-25.878906,25000000.000
42645,1983,-31.738281,25000000.000
42646,1976,-35.156250,25000000.000
42647,1976,-35.156250,25000000.000
42648,1965,-40.527344,25000000.000
42649,1960,-42.968750,25000000.000
42650,1959,-43.457031,25000000.000
42651,1959,-43.457031,25000000.000
42652,1964,-41.015625,25000000.000
42653,1969,-38.574219,25000000.000
42654,1975,-35.644531,25000000.000
42655,1976,-35.156250,25000000.000
42656,1994,-26.367188,25000000.000
42657,2005,-20.996094,25000000.000
42658,2017,-15.136719,25000000.000
42659,2018,-14.648438,25000000.000
42660,2043,-2.441406,25000000.000
42661,2056,3.906250,25000000.000
42662,2070,10.742188,25000000.000
42663,2071,11.230469,25000000.000
42664,2094,22.460938,25000000.000
42665,2105,27.832031,25000000.000
42666,2114,32.226562,25000000.000
42667,2114,32.226562,25000000.000
42668,2125,37.597656,25000000.000
42669,2128,39.062500,25000000.000
42670,2129,39.550781,25000000.000
42671,2130,40.039062,25000000.000
42672,2127,38.574219,25000000.000
42673,2122,36.132812,25000000.000
42674,2117,33.691406,25000000.000
42675,2116,33.203125,25000000.000
42676,2102,26.367188,25000000.000
42677,2093,21.972656,25000000.000
42678,2081,16.113281,25000000.000
42679,2080,15.625000,25000000.000
42680,2056,3.906250,25000000.000
42681,2042,-2.929688,25000000.000
42682,2029,-9.277344,25000000.000
42683,2028,-9.765625,25000000.000
42684,2003,-21.972656,25000000.000
42685,1993,-26.855469,25000000.000
42686,1983,-31.738281,25000000.000
42687,1982,-32.226562,25000000.000
42688,1968,-39.062500,25000000.000
42689,1963,-41.503906,25000000.000
42690,1960,-42.968750,25000000.000
42691,1959,-43.457031,25000000.000
42692,1961,-42.480469,25000000.000
42693,1965,-40.527344,25000000.000
42694,1970,-38.085938,25000000.000
42695,1971,-37.597656,25000000.000
42696,1986,-30.273438,25000000.000
42697,1995,-25.878906,25000000.000
42698,2008,-19.531250,25000000.000
42699,2008,-19.531250,25000000.000
42700,2033,-7.324219,25000000.000
42701,2045,-1.464844,25000000.000
42702,2059,5.371094,25000000.000
42703,2060,5.859375,25000000.000
42704,2085,18.066406,25000000.000
42705,2097,23.925781,25000000.000
42706,2107,28.808594,25000000.000
42707,2108,29.296875,25000000.000
42708,2122,36.132812,25000000.000
42709,2126,38.085938,25000000.000
42710,2129,39.550781,25000000.000
42711,2130,40.039062,25000000.000
42712,2129,39.550781,25000000.000
42713,2127,38.574219,25000000.000
42714,2123,36.621094,25000000.000
42715,2122,36.132812,25000000.000
42716,2110,30.273438,25000000.000
42717,2101,25.878906,25000000.000
42718,2091,20.996094,25000000.000
42719,2090,20.507812,25000000.000
42720,2066,8.789062,25000000.000
42721,2054,2.929688,25000000.000
42722,2042,-2.929688,25000000.000
42723,2040,-3.906250,25000000.000
42724,2015,-16.113281,25000000.000
42725,2003,-21.972656,25000000.000
42726,1992,-27.343750,25000000.000
42727,1991,-27.832031,25000000.000
42728,1975,-35.644531,25000000.000
42729,1968,-39.062500,25000000.000
42730,1963,-41.503906,25000000.000
42731,1963,-41.503906,25000000.000
42732,1960,-42.968750,25000000.000
42733,1961,-42.480469,25000000.000
42734,1965,-40.527344,25000000.000
42735,1966,-40.039062,25000000.000
42736,1978,-34.179688,25000000.000
42737,1986,-30.273438,25000000.000
42738,1996,-25.390625,25000000.000
42739,1997,-24.902344,25000000.000
42740,2021,-13.183594,25000000.000
42741,2034,-6.835938,25000000.000
42742,2046,-0.976562,25000000.000
42743,2048,0.000000,25000000.000
42744,2074,12.695312,25000000.000
42745,2086,18.554688,25000000.000
42746,2096,23.437500,25000000.000
42747,2098,24.414062,25000000.000
42748,2116,33.203125,25000000.000
42749,2122,36.132812,25000000.000
42750,2126,38.085938,25000000.000
42751,2127,38.574219,25000000.000
42752,2130,40.039062,25000000.000
42753,2129,39.550781,25000000.000
42754,2126,38.085938,25000000.000
42755,2125,37.597656,25000000.000
42756,2115,32.714844,25000000.000
42757,2108,29.296875,25000000.000
42758,2100,25.390625,25000000.000
42759,2098,24.414062,25000000.000
42760,2078,14.648438,25000000.000
42761,2066,8.789062,25000000.000
42762,2052,1.953125,25000000.000
42763,2052,1.953125,25000000.000
42764,2025,-11.230469,25000000.000
42765,2013,-17.089844,25000000.000
42766,2001,-22.949219,25000000.000
42767,2000,-23.437500,25000000.000
42768,1980,-33.203125,25000000.000
42769,1972,-37.109375,25000000.000
42770,1966,-40.039062,25000000.000
42771,1965,-40.527344,25000000.000
42772,1960,-42.968750,25000000.000
42773,1959,-43.457031,25000000.000
42774,1962,-41.992188,25000000.000
42775,1962,-41.992188,25000000.000
42776,1971,-37.597656,25000000.000
42777,1979,-33.691406,25000000.000
42778,1989,-28.808594,25000000.000
42779,1989,-28.808594,25000000.000
42780,2010,-18.554688,25000000.000
42781,2023,-12.207031,25000000.000
42782,2036,-5.859375,25000000.000
42783,2038,-4.882812,25000000.000
42784,2062,6.835938,25000000.000
42785,2075,13.183594,25000000.000
42786,2088,19.531250,25000000.000
42787,2089,20.019531,25000000.000
42788,2108,29.296875,25000000.000
42789,2117,33.691406,25000000.000
42790,2123,36.621094,25000000.000
42791,2123,36.621094,25000000.000
42792,2130,40.039062,25000000.000
42793,2130,40.039062,25000000.000
42794,2128,39.062500,25000000.000
42795,2127,38.574219,25000000.000
42796,2121,35.644531,25000000.000
42797,2115,32.714844,25000000.000
42798,2107,28.808594,25000000.000
42799,2105,27.832031,25000000.000
42800,2086,18.554688,25000000.000
42801,2075,13.183594,25000000.000
42802,2062,6.835938,25000000.000
42803,2061,6.347656,25000000.000
42804,2036,-5.859375,25000000.000
42805,2023,-12.207031,25000000.000
42806,2011,-18.066406,25000000.000
42807,2009,-19.042969,25000000.000
42808,1988,-29.296875,25000000.000
42809,1979,-33.691406,25000000.000
42810,1972,-37.109375,25000000.000
42811,1970,-38.085938,25000000.000
42812,1961,-42.480469,25000000.000
42813,1962,-41.992188,25000000.000
42814,1960,-42.968750,25000000.000
42815,1960,-42.968750,25000000.000
42816,1966,-40.039062,25000000.000
42817,1973,-36.621094,25000000.000
42818,1979,-33.691406,25000000.000
42819,1981,-32.714844,25000000.000
42820,1999,-23.925781,25000000.000
42821,2011,-18.066406,25000000.000
42822,2024,-11.718750,25000000.000
42823,2026,-10.742188,25000000.000
42824,2051,1.464844,25000000.000
42825,2064,7.812500,25000000.000
42826,2077,14.160156,25000000.000
42827,2078,14.648438,25000000.000
42828,2100,25.390625,25000000.000
42829,2109,29.785156,25000000.000
42830,2117,33.691406,25000000.000
42831,2118,34.179688,25000000.000
42832,2127,38.574219,25000000.000
42833,2128,39.062500,25000000.000
42834,2129,39.550781,25000000.000
42835,2128,39.062500,25000000.000
42836,2124,37.109375,25000000.000
42837,2120,35.156250,25000000.000
42838,2113,31.738281,25000000.000
42839,2113,31.738281,25000000.000
42840,2095,22.949219,25000000.000
42841,2086,18.554688,25000000.000
42842,2074,12.695312,25000000.000
42843,2072,11.718750,25000000.000
42844,2048,0.000000,25000000.000
42845,2034,-6.835938,25000000.000
42846,2021,-13.183594,25000000.000
42847,2020,-13.671875,25000000.000
42848,1997,-24.902344,25000000.000
42849,1986,-30.273438,25000000.000
42850,1977,-34.667969,25000000.000
42851,1977,-34.667969,25000000.000
42852,1964,-41.015625,25000000.000
42853,1961,-42.480469,25000000.000
42854,1961,-42.480469,25000000.000
42855,1960,-42.968750,25000000.000
42856,1962,-41.992188,25000000.000
42857,1967,-39.550781,25000000.000
42858,1973,-36.621094,25000000.000
42859,1973,-36.621094,25000000.000
42860,1990,-28.320312,25000000.000
42861,2002,-22.460938,25000000.000
42862,2013,-17.089844,25000000.000
42863,2014,-16.601562,25000000.000
42864,2040,-3.906250,25000000.000
42865,2053,2.441406,25000000.000
42866,2066,8.789062,25000000.000
42867,2068,9.765625,25000000.000
42868,2092,21.484375,25000000.000
42869,2102,26.367188,25000000.000
42870,2114,32.226562,25000000.000
42871,2111,30.761719,25000000.000
42872,2126,38.085938,25000000.000
42873,2127,38.574219,25000000.000
42874,2129,39.550781,25000000.000
42875,2130,40.039062,25000000.000
42876,2129,39.550781,25000000.000
42877,2125,37.597656,25000000.000
42878,2120,35.156250,25000000.000
42879,2118,34.179688,25000000.000
42880,2104,27.343750,25000000.000
42881,2095,22.949219,25000000.000
42882,2084,17.578125,25000000.000
42883,2083,17.089844,25000000.000
42884,2059,5.371094,25000000.000
42885,2045,-1.464844,25000000.000
42886,2032,-7.812500,25000000.000
42887,2032,-7.812500,25000000.000
42888,2007,-20.019531,25000000.000
42889,1996,-25.390625,25000000.000
42890,1987,-29.785156,25000000.000
42891,1985,-30.761719,25000000.000
42892,1972,-37.109375,25000000.000
42893,1965,-40.527344,25000000.000
42894,1963,-41.503906,25000000.000
42895,1963,-41.503906,25000000.000
42896,1962,-41.992188,25000000.000
42897,1965,-40.527344,25000000.000
42898,1969,-38.574219,25000000.000
42899,1970,-38.085938,25000000.000
42900,1982,-32.226562,25000000.000
42901,1992,-27.343750,25000000.000
42902,2003,-21.972656,25000000.000
42903,2005,-20.996094,25000000.000
42904,2029,-9.277344,25000000.000
42905,2041,-3.417969,25000000.000
42906,2056,3.906250,25000000.000
42907,2057,4.394531,25000000.000
42908,2081,16.113281,25000000.000
42909,2094,22.460938,25000000.000
42910,2105,27.832031,25000000.000
42911,2104,27.343750,25000000.000
42912,2120,35.156250,25000000.000
42913,2124,37.109375,25000000.000
42914,2128,39.062500,25000000.000
42915,2128,39.062500,25000000.000
42916,2128,39.062500,25000000.000
42917,2126,38.085938,25000000.000
42918,2122,36.132812,25000000.000
42919,2122,36.132812,25000000.000
42920,2111,30.761719,25000000.000
42921,2101,25.878906,25000000.000
42922,2094,22.460938,25000000.000
42923,2090,20.507812,25000000.000
42924,2071,11.230469,25000000.000
42925,2058,4.882812,25000000.000
42926,2045,-1.464844,25000000.000
42927,2044,-1.953125,25000000.000
42928,2018,-14.648438,25000000.000
42929,2007,-20.019531,25000000.000
42930,1995,-25.878906,25000000.000
42931,1994,-26.367188,25000000.000
42932,1977,-34.667969,25000000.000
42933,1971,-37.597656,25000000.000
42934,1966,-40.039062,25000000.000
42935,1965,-40.527344,25000000.000
42936,1962,-41.992188,25000000.000
42937,1962,-41.992188,25000000.000
42938,1964,-41.015625,25000000.000
42939,1966,-40.039062,25000000.000
42940,1976,-35.156250,25000000.000
42941,1984,-31.250000,25000000.000
42942,1994,-26.367188,25000000.000
42943,1995,-25.878906,25000000.000
42944,2017,-15.136719,25000000.000
42945,2029,-9.277344,25000000.000
42946,2043,-2.441406,25000000.000
42947,2045,-1.464844,25000000.000
42948,2072,11.718750,25000000.000
42949,2084,17.578125,25000000.000
42950,2095,22.949219,25000000.000
42951,2097,23.925781,25000000.000
42952,2115,32.714844,25000000.000
42953,2121,35.644531,25000000.000
42954,2126,38.085938,25000000.000
42955,2127,38.574219,25000000.000
42956,2130,40.039062,25000000.000
42957,2130,40.039062,25000000.000
42958,2128,39.062500,25000000.000
42959,2126,38.085938,25000000.000
42960,2118,34.179688,25000000.000
42961,2112,31.250000,25000000.000
42962,2101,25.878906,25000000.000
42963,2100,25.390625,25000000.000
42964,2081,16.113281,25000000.000
42965,2067,9.277344,25000000.000
42966,2055,3.417969,25000000.000
42967,2055,3.417969,25000000.000
42968,2027,-10.253906,25000000.000
42969,2015,-16.113281,25000000.000
42970,2003,-21.972656,25000000.000
42971,2002,-22.460938,25000000.000
42972,1983,-31.738281,25000000.000
42973,1975,-35.644531,25000000.000
42974,1968,-39.062500,25000000.000
42975,1969,-38.574219,25000000.000
42976,1961,-42.480469,25000000.000
42977,1960,-42.968750,25000000.000
42978,1962,-41.992188,25000000.000
42979,1961,-42.480469,25000000.000
42980,1969,-38.574219,25000000.000
42981,1976,-35.156250,25000000.000
42982,1985,-30.761719,25000000.000
42983,1986,-30.273438,25000000.000
42984,2006,-20.507812,25000000.000
42985,2018,-14.648438,25000000.000
42986,2032,-7.812500,25000000.000
42987,2034,-6.835938,25000000.000
42988,2060,5.859375,25000000.000
42989,2073,12.207031,25000000.000
42990,2085,18.066406,25000000.000
42991,2087,19.042969,25000000.000
42992,2107,28.808594,25000000.000
42993,2115,32.714844,25000000.000
42994,2121,35.644531,25000000.000
42995,2122,36.132812,25000000.000
42996,2128,39.062500,25000000.000
42997,2128,39.062500,25000000.000
42998,2127,38.574219,25000000.000
42999,2127,38.574219,25000000.000
43000,2120,35.156250,25000000.000
43001,2115,32.714844,25000000.000
43002,2107,28.808594,25000000.000
43003,2107,28.808594,25000000.000
43004,2090,20.507812,25000000.000
43005,2078,14.648438,25000000.000
43006,2065,8.300781,25000000.000
43007,2065,8.300781,25000000.000
43008,2040,-3.906250,25000000.000
43009,2026,-10.742188,25000000.000
43010,2013,-17.089844,25000000.000
43011,2012,-17.578125,25000000.000
43012,1992,-27.343750,25000000.000
43013,1980,-33.203125,25000000.000
43014,1973,-36.621094,25000000.000
43015,1972,-37.109375,25000000.000
43016,1964,-41.015625,25000000.000
43017,1961,-42.480469,25000000.000
43018,1961,-42.480469,25000000.000
43019,1961,-42.480469,25000000.000
43020,1966,-40.039062,25000000.000
43021,1971,-37.597656,25000000.000
43022,1978,-34.179688,25000000.000
43023,1978,-34.179688,25000000.000
43024,1995,-25.878906,25000000.000
43025,2008,-19.531250,25000000.000
43026,2021,-13.183594,25000000.000
43027,2021,-13.183594,25000000.000
43028,2048,0.000000,25000000.000
43029,2061,6.347656,25000000.000
43030,2073,12.207031,25000000.000
43031,2076,13.671875,25000000.000
43032,2097,23.925781,25000000.000
43033,2107,28.808594,25000000.000
43034,2117,33.691406,25000000.000
43035,2116,33.203125,25000000.000
43036,2125,37.597656,25000000.000
43037,2129,39.550781,25000000.000
43038,2129,39.550781,25000000.000
43039,2129,39.550781,25000000.000
43040,2126,38.085938,25000000.000
43041,2121,35.644531,25000000.000
43042,2114,32.226562,25000000.000
43043,2113,31.738281,25000000.000
43044,2098,24.414062,25000000.000
43045,2087,19.042969,25000000.000
43046,2076,13.671875,25000000.000
43047,2075,13.183594,25000000.000
43048,2050,0.976562,25000000.000
43049,2038,-4.882812,25000000.000
43050,2024,-11.718750,25000000.000
43051,2024,-11.718750,25000000.000
43052,2000,-23.437500,25000000.000
43053,1990,-28.320312,25000000.000
43054,1981,-32.714844,25000000.000
43055,1979,-33.691406,25000000.000
43056,1966,-40.039062,25000000.000
43057,1963,-41.503906,25000000.000
43058,1961,-42.480469,25000000.000
43059,1961,-42.480469,25000000.000
43060,1963,-41.503906,25000000.000
43061,1966,-40.039062,25000000.000
43062,1971,-37.597656,25000000.000
43063,1972,-37.109375,25000000.000
43064,1988,-29.296875,25000000.000
43065,1998,-24.414062,25000000.000
43066,2010,-18.554688,25000000.000
43067,2011,-18.066406,25000000.000
43068,2037,-5.371094,25000000.000
43069,2049,0.488281,25000000.000
43070,2064,7.812500,25000000.000
43071,2065,8.300781,25000000.000
43072,2089,20.019531,25000000.000
43073,2100,25.390625,25000000.000
43074,2110,30.273438,25000000.000
43075,2110,30.273438,25000000.000
43076,2125,37.597656,25000000.000
43077,2126,38.085938,25000000.000
43078,2129,39.550781,25000000.000
43079,2129,39.550781,25000000.000
43080,2128,39.062500,25000000.000
43081,2125,37.597656,25000000.000
43082,2120,35.156250,25000000.000
43083,2120,35.156250,25000000.000
43084,2106,28.320312,25000000.000
43085,2097,23.925781,25000000.000
43086,2086,18.554688,25000000.000
43087,2086,18.554688,25000000.000
43088,2063,7.324219,25000000.000
43089,2050,0.976562,25000000.000
43090,2037,-5.371094,25000000.000
43091,2035,-6.347656,25000000.000
43092,2011,-18.066406,25000000.000
43093,1999,-23.925781,25000000.000
43094,1988,-29.296875,25000000.000
43095,1988,-29.296875,25000000.000
43096,1971,-37.597656,25000000.000
43097,1966,-40.039062,25000000.000
43098,1963,-41.503906,25000000.000
43099,1963,-41.503906,25000000.000
43100,1961,-42.480469,25000000.000
43101,1963,-41.503906,25000000.000
43102,1967,-39.550781,25000000.000
43103,1968,-39.062500,25000000.000
43104,1981,-32.714844,25000000.000
43105,1990,-28.320312,25000000.000
43106,2000,-23.437500,25000000.000
43107,2002,-22.460938,25000000.000
43108,2025,-11.230469,25000000.000
43109,2038,-4.882812,25000000.000
43110,2051,1.464844,25000000.000
43111,2054,2.929688,25000000.000
43112,2079,15.136719,25000000.000
43113,2091,20.996094,25000000.000
43114,2102,26.367188,25000000.000
43115,2102,26.367188,25000000.000
43116,2119,34.667969,25000000.000
43117,2125,37.597656,25000000.000
43118,2129,39.550781,25000000.000
43119,2129,39.550781,25000000.000
43120,2129,39.550781,25000000.000
43121,2129,39.550781,25000000.000
43122,2124,37.109375,25000000.000
43123,2124,37.109375,25000000.000
43124,2114,32.226562,25000000.000
43125,2105,27.832031,25000000.000
43126,2096,23.437500,25000000.000
43127,2095,22.949219,25000000.000
43128,2073,12.207031,25000000.000
43129,2060,5.859375,25000000.000
43130,2047,-0.488281,25000000.000
43131,2045,-1.464844,25000000.000
43132,2021,-13.183594,25000000.000
43133,2008,-19.531250,25000000.000
43134,1998,-24.414062,25000000.000
43135,1996,-25.390625,25000000.000
43136,1978,-34.179688,25000000.000
43137,1972,-37.109375,25000000.000
43138,1967,-39.550781,25000000.000
43139,1965,-40.527344,25000000.000
43140,1961,-42.480469,25000000.000
43141,1962,-41.992188,25000000.000
43142,1964,-41.015625,25000000.000
43143,1964,-41.015625,25000000.000
43144,1974,-36.132812,25000000.000
43145,1981,-32.714844,25000000.000
43146,1991,-27.832031,25000000.000
43147,1992,-27.343750,25000000.000
43148,2015,-16.113281,25000000.000
43149,2027,-10.253906,25000000.000
43150,2041,-3.417969,25000000.000
43151,2043,-2.441406,25000000.000
43152,2068,9.765625,25000000.000
43153,2080,15.625000,25000000.000
43154,2093,21.972656,25000000.000
43155,2094,22.460938,25000000.000
43156,2113,31.738281,25000000.000
43157,2120,35.156250,25000000.000
43158,2126,38.085938,25000000.000
43159,2126,38.085938,25000000.000
43160,2130,40.039062,25000000.000
43161,2129,39.550781,25000000.000
43162,2127,38.574219,25000000.000
43163,2127,38.574219,25000000.000
43164,2118,34.179688,25000000.000
43165,2111,30.761719,25000000.000
43166,2103,26.855469,25000000.000
43167,2102,26.367188,25000000.000
43168,2082,16.601562,25000000.000
43169,2071,11.230469,25000000.000
43170,2060,5.859375,25000000.000
43171,2056,3.906250,25000000.000
43172,2032,-7.812500,25000000.000
43173,2018,-14.648438,25000000.000
43174,2006,-20.507812,25000000.000
43175,2005,-20.996094,25000000.000
43176,1983,-31.738281,25000000.000
43177,1976,-35.156250,25000000.000
43178,1968,-39.062500,25000000.000
43179,1968,-39.062500,25000000.000
43180,1961,-42.480469,25000000.000
43181,1960,-42.968750,25000000.000
43182,1960,-42.968750,25000000.000
43183,1961,-42.480469,25000000.000
43184,1968,-39.062500,25000000.000
43185,1975,-35.644531,25000000.000
43186,1983,-31.738281,25000000.000
43187,1983,-31.738281,25000000.000
43188,2004,-21.484375,25000000.000
43189,2015,-16.113281,25000000.000
43190,2028,-9.765625,25000000.000
43191,2029,-9.277344,25000000.000
43192,2054,2.929688,25000000.000
43193,2069,10.253906,25000000.000
43194,2082,16.601562,25000000.000
43195,2083,17.089844,25000000.000
43196,2104,27.343750,25000000.000
43197,2113,31.738281,25000000.000
43198,2121,35.644531,25000000.000
43199,2120,35.156250,25000000.000
43200,2128,39.062500,25000000.000
43201,2130,40.039062,25000000.000
43202,2129,39.550781,25000000.000
43203,2129,39.550781,25000000.000
43204,2123,36.621094,25000000.000
43205,2116,33.203125,25000000.000
43206,2109,29.785156,25000000.000
43207,2109,29.785156,25000000.000
43208,2091,20.996094,25000000.000
43209,2081,16.113281,25000000.000
43210,2068,9.765625,25000000.000
43211,2066,8.789062,25000000.000
43212,2043,-2.441406,25000000.000
43213,2029,-9.277344,25000000.000
43214,2016,-15.625000,25000000.000
43215,2015,-16.113281,25000000.000
43216,1993,-26.855469,25000000.000
43217,1984,-31.250000,25000000.000
43218,1975,-35.644531,25000000.000
43219,1974,-36.132812,25000000.000
43220,1965,-40.527344,25000000.000
43221,1961,-42.480469,25000000.000
43222,1960,-42.968750,25000000.000
43223,1959,-43.457031,25000000.000
43224,1963,-41.503906,25000000.000
43225,1969,-38.574219,25000000.000
43226,1976,-35.156250,25000000.000
43227,1976,-35.156250,25000000.000
43228,1993,-26.855469,25000000.000
43229,2005,-20.996094,25000000.000
43230,2018,-14.648438,25000000.000
43231,2019,-14.160156,25000000.000
43232,2044,-1.953125,25000000.000
43233,2058,4.882812,25000000.000
43234,2070,10.742188,25000000.000
43235,2072,11.718750,25000000.000
43236,2095,22.949219,25000000.000
43237,2105,27.832031,25000000.000
43238,2113,31.738281,25000000.000
43239,2115,32.714844,25000000.000
43240,2124,37.109375,25000000.000
43241,2128,39.062500,25000000.000
43242,2129,39.550781,25000000.000
43243,2128,39.062500,25000000.000
43244,2126,38.085938,25000000.000
43245,2122,36.132812,25000000.000
43246,2116,33.203125,25000000.000
43247,2115,32.714844,25000000.000
43248,2101,25.878906,25000000.000
43249,2091,20.996094,25000000.000
43250,2080,15.625000,25000000.000
43251,2078,14.648438,25000000.000
43252,2055,3.417969,25000000.000
43253,2041,-3.417969,25000000.000
43254,2028,-9.765625,25000000.000
43255,2026,-10.742188,25000000.000
43256,2002,-22.460938,25000000.000
43257,1992,-27.343750,25000000.000
43258,1982,-32.226562,25000000.000
43259,1981,-32.714844,25000000.000
43260,1968,-39.062500,25000000.000
43261,1964,-41.015625,25000000.000
43262,1962,-41.992188,25000000.000
43263,1962,-41.992188,25000000.000
43264,1961,-42.480469,25000000.000
43265,1965,-40.527344,25000000.000
43266,1970,-38.085938,25000000.000
43267,1970,-38.085938,25000000.000
43268,1986,-30.273438,25000000.000
43269,1996,-25.390625,25000000.000
43270,2007,-20.019531,25000000.000
43271,2009,-19.042969,25000000.000
43272,2032,-7.812500,25000000.000
43273,2047,-0.488281,25000000.000
43274,2061,6.347656,25000000.000
43275,2062,6.835938,25000000.000
43276,2086,18.554688,25000000.000
43277,2097,23.925781,25000000.000
43278,2108,29.296875,25000000.000
43279,2109,29.785156,25000000.000
43280,2123,36.621094,25000000.000
43281,2127,38.574219,25000000.000
43282,2130,40.039062,25000000.000
43283,2129,39.550781,25000000.000
43284,2130,40.039062,25000000.000
43285,2127,38.574219,25000000.000
43286,2122,36.132812,25000000.000
43287,2121,35.644531,25000000.000
43288,2109,29.785156,25000000.000
43289,2099,24.902344,25000000.000
43290,2089,20.019531,25000000.000
43291,2087,19.042969,25000000.000
43292,2065,8.300781,25000000.000
43293,2052,1.953125,25000000.000
43294,2039,-4.394531,25000000.000
43295,2036,-5.859375,25000000.000
43296,2012,-17.578125,25000000.000
43297,2002,-22.460938,25000000.000
43298,1992,-27.343750,25000000.000
43299,1987,-29.785156,25000000.000
43300,1973,-36.621094,25000000.000
43301,1967,-39.550781,25000000.000
43302,1963,-41.503906,25000000.000
43303,1963,-41.503906,25000000.000
43304,1961,-42.480469,25000000.000
43305,1962,-41.992188,25000000.000
43306,1966,-40.039062,25000000.000
43307,1967,-39.550781,25000000.000
43308,1979,-33.691406,25000000.000
43309,1987,-29.785156,25000000.000
43310,1999,-23.925781,25000000.000
43311,1999,-23.925781,25000000.000
43312,2022,-12.695312,25000000.000
43313,2034,-6.835938,25000000.000
43314,2049,0.488281,25000000.000
43315,2049,0.488281,25000000.000
43316,2075,13.183594,25000000.000
43317,2088,19.531250,25000000.000
43318,2100,25.390625,25000000.000
43319,2101,25.878906,25000000.000
43320,2117,33.691406,25000000.000
43321,2124,37.109375,25000000.000
43322,2127,38.574219,25000000.000
43323,2127,38.574219,25000000.000
43324,2130,40.039062,25000000.000
43325,2128,39.062500,25000000.000
43326,2125,37.597656,25000000.000
43327,2126,38.085938,25000000.000
43328,2115,32.714844,25000000.000
43329,2107,28.808594,25000000.000
43330,2098,24.414062,25000000.000
43331,2098,24.414062,25000000.000
43332,2076,13.671875,25000000.000
43333,2065,8.300781,25000000.000
43334,2052,1.953125,25000000.000
43335,2049,0.488281,25000000.000
43336,2024,-11.718750,25000000.000
43337,2010,-18.554688,25000000.000
43338,1999,-23.925781,25000000.000
43339,1999,-23.925781,25000000.000
43340,1980,-33.203125,25000000.000
43341,1973,-36.621094,25000000.000
43342,1967,-39.550781,25000000.000
43343,1966,-40.039062,25000000.000
43344,1960,-42.968750,25000000.000
43345,1961,-42.480469,25000000.000
43346,1964,-41.015625,25000000.000
43347,1963,-41.503906,25000000.000
43348,1973,-36.621094,25000000.000
43349,1981,-32.714844,25000000.000
43350,1989,-28.808594,25000000.000
43351,1989,-28.808594,25000000.000
43352,2011,-18.066406,25000000.000
43353,2023,-12.207031,25000000.000
43354,2037,-5.371094,25000000.000
43355,2038,-4.882812,25000000.000
43356,2064,7.812500,25000000.000
43357,2078,14.648438,25000000.000
43358,2089,20.019531,25000000.000
43359,2091,20.996094,25000000.000
43360,2111,30.761719,25000000.000
43361,2118,34.179688,25000000.000
43362,2124,37.109375,25000000.000
43363,2125,37.597656,25000000.000
43364,2130,40.039062,25000000.000
43365,2130,40.039062,25000000.000
43366,2128,39.062500,25000000.000
43367,2128,39.062500,25000000.000
43368,2119,34.667969,25000000.000
43369,2115,32.714844,25000000.000
43370,2105,27.832031,25000000.000
43371,2104,27.343750,25000000.000
43372,2085,18.066406,25000000.000
43373,2074,12.695312,25000000.000
43374,2061,6.347656,25000000.000
43375,2059,5.371094,25000000.000
43376,2034,-6.835938,25000000.000
43377,2021,-13.183594,25000000.000
43378,2009,-19.042969,25000000.000
43379,2007,-20.019531,25000000.000
43380,1986,-30.273438,25000000.000
43381,1978,-34.179688,25000000.000
43382,1972,-37.109375,25000000.000
43383,1970,-38.085938,25000000.000
43384,1962,-41.992188,25000000.000
43385,1961,-42.480469,25000000.000
43386,1961,-42.480469,25000000.000
43387,1960,-42.968750,25000000.000
43388,1968,-39.062500,25000000.000
43389,1972,-37.109375,25000000.000
43390,1980,-33.203125,25000000.000
43391,1980,-33.203125,25000000.000
43392,2000,-23.437500,25000000.000
43393,2013,-17.089844,25000000.000
43394,2025,-11.230469,25000000.000
43395,2027,-10.253906,25000000.000
43396,2053,2.441406,25000000.000
43397,2065,8.300781,25000000.000
43398,2079,15.136719,25000000.000
43399,2080,15.625000,25000000.000
43400,2103,26.855469,25000000.000
43401,2111,30.761719,25000000.000
43402,2119,34.667969,25000000.000
43403,2119,34.667969,25000000.000
43404,2126,38.085938,25000000.000
43405,2128,39.062500,25000000.000
43406,2128,39.062500,25000000.000
43407,2129,39.550781,25000000.000
43408,2123,36.621094,25000000.000
43409,2118,34.179688,25000000.000
43410,2111,30.761719,25000000.000
43411,2110,30.273438,25000000.000
43412,2094,22.460938,25000000.000
43413,2083,17.089844,25000000.000
43414,2072,11.718750,25000000.000
43415,2070,10.742188,25000000.000
43416,2046,-0.976562,25000000.000
43417,2033,-7.324219,25000000.000
43418,2020,-13.671875,25000000.000
43419,2019,-14.160156,25000000.000
43420,1996,-25.390625,25000000.000
43421,1985,-30.761719,25000000.000
43422,1977,-34.667969,25000000.000
43423,1975,-35.644531,25000000.000
43424,1964,-41.015625,25000000.000
43425,1960,-42.968750,25000000.000
43426,1960,-42.968750,25000000.000
43427,1960,-42.968750,25000000.000
43428,1963,-41.503906,25000000.000
43429,1968,-39.062500,25000000.000
43430,1974,-36.132812,25000000.000
43431,1975,-35.644531,25000000.000
43432,1993,-26.855469,25000000.000
43433,2002,-22.460938,25000000.000
43434,2015,-16.113281,25000000.000
43435,2015,-16.113281,25000000.000
43436,2040,-3.906250,25000000.000
43437,2055,3.417969,25000000.000
43438,2068,9.765625,25000000.000
43439,2069,10.253906,25000000.000
43440,2092,21.484375,25000000.000
43441,2104,27.343750,25000000.000
43442,2112,31.250000,25000000.000
43443,2113,31.738281,25000000.000
43444,2124,37.109375,25000000.000
43445,2129,39.550781,25000000.000
43446,2131,40.527344,25000000.000
43447,2129,39.550781,25000000.000
43448,2127,38.574219,25000000.000
43449,2124,37.109375,25000000.000
43450,2118,34.179688,25000000.000
43451,2119,34.667969,25000000.000
43452,2103,26.855469,25000000.000
43453,2093,21.972656,25000000.000
43454,2082,16.601562,25000000.000
43455,2081,16.113281,25000000.000
43456,2058,4.882812,25000000.000
43457,2044,-1.953125,25000000.000
43458,2032,-7.812500,25000000.000
43459,2030,-8.789062,25000000.000
43460,2006,-20.507812,25000000.000
43461,1995,-25.878906,25000000.000
43462,1985,-30.761719,25000000.000
43463,1985,-30.761719,25000000.000
43464,1970,-38.085938,25000000.000
43465,1965,-40.527344,25000000.000
43466,1962,-41.992188,25000000.000
43467,1961,-42.480469,25000000.000
43468,1962,-41.992188,25000000.000
43469,1965,-40.527344,25000000.000
43470,1969,-38.574219,25000000.000
43471,1970,-38.085938,25000000.000
43472,1984,-31.250000,25000000.000
43473,1993,-26.855469,25000000.000
43474,2004,-21.484375,25000000.000
43475,2006,-20.507812,25000000.000
43476,2030,-8.789062,25000000.000
43477,2043,-2.441406,25000000.000
43478,2058,4.882812,25000000.000
43479,2058,4.882812,25000000.000
43480,2083,17.089844,25000000.000
43481,2094,22.460938,25000000.000
43482,2105,27.832031,25000000.000
43483,2106,28.320312,25000000.000
43484,2122,36.132812,25000000.000
43485,2126,38.085938,25000000.000
43486,2130,40.039062,25000000.000
43487,2129,39.550781,25000000.000
43488,2129,39.550781,25000000.000
43489,2127,38.574219,25000000.000
43490,2122,36.132812,25000000.000
43491,2123,36.621094,25000000.000
43492,2110,30.273438,25000000.000
43493,2102,26.367188,25000000.000
43494,2092,21.484375,25000000.000
43495,2091,20.996094,25000000.000
43496,2069,10.253906,25000000.000
43497,2057,4.394531,25000000.000
43498,2043,-2.441406,25000000.000
43499,2042,-2.929688,25000000.000
43500,2016,-15.625000,25000000.000
43501,2003,-21.972656,25000000.000
43502,1993,-26.855469,25000000.000
43503,1992,-27.343750,25000000.000
43504,1975,-35.644531,25000000.000
43505,1968,-39.062500,25000000.000
43506,1964,-41.015625,25000000.000
43507,1963,-41.503906,25000000.000
43508,1960,-42.968750,25000000.000
43509,1961,-42.480469,25000000.000
43510,1966,-40.039062,25000000.000
43511,1966,-40.039062,25000000.000
43512,1976,-35.156250,25000000.000
43513,1984,-31.250000,25000000.000
43514,1995,-25.878906,25000000.000
43515,1996,-25.390625,25000000.000
43516,2018,-14.648438,25000000.000
43517,2031,-8.300781,25000000.000
43518,2044,-1.953125,25000000.000
43519,2046,-0.976562,25000000.000
43520,2072,11.718750,25000000.000
43521,2085,18.066406,25000000.000
43522,2096,23.437500,25000000.000
43523,2097,23.925781,25000000.000
43524,2115,32.714844,25000000.000
43525,2122,36.132812,25000000.000
43526,2127,38.574219,25000000.000
43527,2127,38.574219,25000000.000
43528,2130,40.039062,25000000.000
43529,2129,39.550781,25000000.000
43530,2127,38.574219,25000000.000
43531,2126,38.085938,25000000.000
43532,2116,33.203125,25000000.000
43533,2110,30.273438,25000000.000
43534,2101,25.878906,25000000.000
43535,2099,24.902344,25000000.000
43536,2079,15.136719,25000000.000
43537,2067,9.277344,25000000.000
43538,2053,2.441406,25000000.000
43539,2052,1.953125,25000000.000
43540,2026,-10.742188,25000000.000
43541,2014,-16.601562,25000000.000
43542,2001,-22.949219,25000000.000
43543,2000,-23.437500,25000000.000
43544,1981,-32.714844,25000000.000
43545,1975,-35.644531,25000000.000
43546,1968,-39.062500,25000000.000
43547,1967,-39.550781,25000000.000
43548,1962,-41.992188,25000000.000
43549,1961,-42.480469,25000000.000
43550,1963,-41.503906,25000000.000
43551,1962,-41.992188,25000000.000
43552,1971,-37.597656,25000000.000
43553,1978,-34.179688,25000000.000
43554,1986,-30.273438,25000000.000
43555,1987,-29.785156,25000000.000
43556,2008,-19.531250,25000000.000
43557,2021,-13.183594,25000000.000
43558,2034,-6.835938,25000000.000
43559,2036,-5.859375,25000000.000
43560,2061,6.347656,25000000.000
43561,2074,12.695312,25000000.000
43562,2087,19.042969,25000000.000
43563,2086,18.554688,25000000.000
43564,2107,28.808594,25000000.000
43565,2115,32.714844,25000000.000
43566,2121,35.644531,25000000.000
43567,2122,36.132812,25000000.000
43568,2128,39.062500,25000000.000
43569,2129,39.550781,25000000.000
43570,2128,39.062500,25000000.000
43571,2127,38.574219,25000000.000
43572,2120,35.156250,25000000.000
43573,2114,32.226562,25000000.000
43574,2107,28.808594,25000000.000
43575,2105,27.832031,25000000.000
43576,2088,19.531250,25000000.000
43577,2077,14.160156,25000000.000
43578,2064,7.812500,25000000.000
43579,2063,7.324219,25000000.000
43580,2037,-5.371094,25000000.000
43581,2024,-11.718750,25000000.000
43582,2013,-17.089844,25000000.000
43583,2010,-18.554688,25000000.000
43584,1988,-29.296875,25000000.000
43585,1980,-33.203125,25000000.000
43586,1971,-37.597656,25000000.000
43587,1971,-37.597656,25000000.000
43588,1962,-41.992188,25000000.000
43589,1961,-42.480469,25000000.000
43590,1959,-43.457031,25000000.000
43591,1960,-42.968750,25000000.000
43592,1966,-40.039062,25000000.000
43593,1971,-37.597656,25000000.000
43594,1978,-34.179688,25000000.000
43595,1980,-33.203125,25000000.000
43596,1998,-24.414062,25000000.000
43597,2010,-18.554688,25000000.000
43598,2023,-12.207031,25000000.000
43599,2023,-12.207031,25000000.000
43600,2048,0.000000,25000000.000
43601,2062,6.835938,25000000.000
43602,2076,13.671875,25000000.000
43603,2077,14.160156,25000000.000
43604,2099,24.902344,25000000.000
43605,2109,29.785156,25000000.000
43606,2117,33.691406,25000000.000
43607,2119,34.667969,25000000.000
43608,2127,38.574219,25000000.000
43609,2129,39.550781,25000000.000
43610,2131,40.527344,25000000.000
43611,2130,40.039062,25000000.000
43612,2125,37.597656,25000000.000
43613,2120,35.156250,25000000.000
43614,2115,32.714844,25000000.000
43615,2113,31.738281,25000000.000
43616,2097,23.925781,25000000.000
43617,2086,18.554688,25000000.000
43618,2075,13.183594,25000000.000
43619,2073,12.207031,25000000.000
43620,2049,0.488281,25000000.000
43621,2035,-6.347656,25000000.000
43622,2022,-12.695312,25000000.000
43623,2021,-13.183594,25000000.000
43624,1998,-24.414062,25000000.000
43625,1987,-29.785156,25000000.000
43626,1979,-33.691406,25000000.000
43627,1978,-34.179688,25000000.000
43628,1966,-40.039062,25000000.000
43629,1963,-41.503906,25000000.000
43630,1960,-42.968750,25000000.000
43631,1962,-41.992188,25000000.000
43632,1962,-41.992188,25000000.000
43633,1963,-41.503906,25000000.000
43634,1974,-36.132812,25000000.000
43635,1976,-35.156250,25000000.000
43636,1990,-28.320312,25000000.000
43637,1998,-24.414062,25000000.000
43638,2013,-17.089844,25000000.000
43639,2014,-16.601562,25000000.000
43640,2038,-4.882812,25000000.000
43641,2051,1.464844,25000000.000
43642,2065,8.300781,25000000.000
43643,2067,9.277344,25000000.000
43644,2090,20.507812,25000000.000
43645,2101,25.878906,25000000.000
43646,2109,29.785156,25000000.000
43647,2112,31.250000,25000000.000
43648,2125,37.597656,25000000.000
43649,2128,39.062500,25000000.000
43650,2129,39.550781,25000000.000
43651,2130,40.039062,25000000.000
43652,2127,38.574219,25000000.000
43653,2124,37.109375,25000000.000
43654,2118,34.179688,25000000.000
43655,2118,34.179688,25000000.000
43656,2104,27.343750,25000000.000
43657,2095,22.949219,25000000.000
43658,2085,18.066406,25000000.000
43659,2083,17.089844,25000000.000
43660,2061,6.347656,25000000.000
43661,2048,0.000000,25000000.000
43662,2034,-6.835938,25000000.000
43663,2033,-7.324219,25000000.000
43664,2009,-19.042969,25000000.000
43665,1996,-25.390625,25000000.000
43666,1986,-30.273438,25000000.000
43667,1985,-30.761719,25000000.000
43668,1970,-38.085938,25000000.000
43669,1965,-40.527344,25000000.000
43670,1961,-42.480469,25000000.000
43671,1962,-41.992188,25000000.000
43672,1960,-42.968750,25000000.000
43673,1964,-41.015625,25000000.000
43674,1968,-39.062500,25000000.000
43675,1969,-38.574219,25000000.000
43676,1983,-31.738281,25000000.000
43677,1992,-27.343750,25000000.000
43678,2003,-21.972656,25000000.000
43679,2003,-21.972656,25000000.000
43680,2027,-10.253906,25000000.000
43681,2040,-3.906250,25000000.000
43682,2053,2.441406,25000000.000
43683,2056,3.906250,25000000.000
43684,2080,15.625000,25000000.000
43685,2093,21.972656,25000000.000
43686,2104,27.343750,25000000.000
43687,2105,27.832031,25000000.000
43688,2121,35.644531,25000000.000
43689,2127,38.574219,25000000.000
43690,2129,39.550781,25000000.000
43691,2129,39.550781,25000000.000
43692,2131,40.527344,25000000.000
43693,2128,39.062500,25000000.000
43694,2124,37.109375,25000000.000
43695,2124,37.109375,25000000.000
43696,2114,32.226562,25000000.000
43697,2104,27.343750,25000000.000
43698,2094,22.460938,25000000.000
43699,2094,22.460938,25000000.000
43700,2071,11.230469,25000000.000
43701,2059,5.371094,25000000.000
43702,2046,-0.976562,25000000.000
43703,2044,-1.953125,25000000.000
43704,2020,-13.671875,25000000.000
43705,2008,-19.531250,25000000.000
43706,1996,-25.390625,25000000.000
43707,1995,-25.878906,25000000.000
43708,1977,-34.667969,25000000.000
43709,1970,-38.085938,25000000.000
43710,1966,-40.039062,25000000.000
43711,1965,-40.527344,25000000.000
43712,1962,-41.992188,25000000.000
43713,1961,-42.480469,25000000.000
43714,1964,-41.015625,25000000.000
43715,1964,-41.015625,25000000.000
43716,1975,-35.644531,25000000.000
43717,1983,-31.738281,25000000.000
43718,1993,-26.855469,25000000.000
43719,1994,-26.367188,25000000.000
43720,2016,-15.625000,25000000.000
43721,2030,-8.789062,25000000.000
43722,2043,-2.441406,25000000.000
43723,2044,-1.953125,25000000.000
43724,2070,10.742188,25000000.000
43725,2083,17.089844,25000000.000
43726,2094,22.460938,25000000.000
43727,2096,23.437500,25000000.000
43728,2114,32.226562,25000000.000
43729,2120,35.156250,25000000.000
43730,2125,37.597656,25000000.000
43731,2125,37.597656,25000000.000
43732,2129,39.550781,25000000.000
43733,2130,40.039062,25000000.000
43734,2126,38.085938,25000000.000
43735,2127,38.574219,25000000.000
43736,2118,34.179688,25000000.000
43737,2111,30.761719,25000000.000
43738,2103,26.855469,25000000.000
43739,2102,26.367188,25000000.000
43740,2082,16.601562,25000000.000
43741,2070,10.742188,25000000.000
43742,2057,4.394531,25000000.000
43743,2056,3.906250,25000000.000
43744,2030,-8.789062,25000000.000
43745,2017,-15.136719,25000000.000
43746,2005,-20.996094,25000000.000
43747,2004,-21.484375,25000000.000
43748,1983,-31.738281,25000000.000
43749,1974,-36.132812,25000000.000
43750,1969,-38.574219,25000000.000
43751,1968,-39.062500,25000000.000
43752,1962,-41.992188,25000000.000
43753,1960,-42.968750,25000000.000
43754,1961,-42.480469,25000000.000
43755,1962,-41.992188,25000000.000
43756,1968,-39.062500,25000000.000
43757,1975,-35.644531,25000000.000
43758,1984,-31.250000,25000000.000
43759,1984,-31.250000,25000000.000
43760,2004,-21.484375,25000000.000
43761,2018,-14.648438,25000000.000
43762,2030,-8.789062,25000000.000
43763,2032,-7.812500,25000000.000
43764,2057,4.394531,25000000.000
43765,2071,11.230469,25000000.000
43766,2084,17.578125,25000000.000
43767,2085,18.066406,25000000.000
43768,2106,28.320312,25000000.000
43769,2115,32.714844,25000000.000
43770,2121,35.644531,25000000.000
43771,2122,36.132812,25000000.000
43772,2129,39.550781,25000000.000
43773,2130,40.039062,25000000.000
43774,2129,39.550781,25000000.000
43775,2128,39.062500,25000000.000
43776,2122,36.132812,25000000.000
43777,2117,33.691406,25000000.000
43778,2109,29.785156,25000000.000
43779,2108,29.296875,25000000.000
43780,2091,20.996094,25000000.000
43781,2079,15.136719,25000000.000
43782,2067,9.277344,25000000.000
43783,2066,8.789062,25000000.000
43784,2040,-3.906250,25000000.000
43785,2027,-10.253906,25000000.000
43786,2014,-16.601562,25000000.000
43787,2012,-17.578125,25000000.000
43788,1991,-27.832031,25000000.000
43789,1982,-32.226562,25000000.000
43790,1975,-35.644531,25000000.000
43791,1973,-36.621094,25000000.000
43792,1964,-41.015625,25000000.000
43793,1961,-42.480469,25000000.000
43794,1960,-42.968750,25000000.000
43795,1960,-42.968750,25000000.000
43796,1964,-41.015625,25000000.000
43797,1970,-38.085938,25000000.000
43798,1978,-34.179688,25000000.000
43799,1978,-34.179688,25000000.000
43800,1995,-25.878906,25000000.000
43801,2008,-19.531250,25000000.000
43802,2020,-13.671875,25000000.000
43803,2020,-13.671875,25000000.000
43804,2046,-0.976562,25000000.000
43805,2059,5.371094,25000000.000
43806,2072,11.718750,25000000.000
43807,2074,12.695312,25000000.000
43808,2096,23.437500,25000000.000
43809,2108,29.296875,25000000.000
43810,2115,32.714844,25000000.000
43811,2115,32.714844,25000000.000
43812,2125,37.597656,25000000.000
43813,2129,39.550781,25000000.000
43814,2129,39.550781,25000000.000
43815,2129,39.550781,25000000.000
43816,2126,38.085938,25000000.000
43817,2122,36.132812,25000000.000
43818,2114,32.226562,25000000.000
43819,2113,31.738281,25000000.000
43820,2098,24.414062,25000000.000
43821,2090,20.507812,25000000.000
43822,2079,15.136719,25000000.000
43823,2077,14.160156,25000000.000
43824,2052,1.953125,25000000.000
43825,2039,-4.394531,25000000.000
43826,2027,-10.253906,25000000.000
43827,2025,-11.230469,25000000.000
43828,2001,-22.949219,25000000.000
43829,1990,-28.320312,25000000.000
43830,1981,-32.714844,25000000.000
43831,1980,-33.203125,25000000.000
43832,1968,-39.062500,25000000.000
43833,1963,-41.503906,25000000.000
43834,1961,-42.480469,25000000.000
43835,1960,-42.968750,25000000.000
43836,1961,-42.480469,25000000.000
43837,1965,-40.527344,25000000.000
43838,1971,-37.597656,25000000.000
43839,1971,-37.597656,25000000.000
43840,1987,-29.785156,25000000.000
43841,1997,-24.902344,25000000.000
43842,2009,-19.042969,25000000.000
43843,2010,-18.554688,25000000.000
43844,2034,-6.835938,25000000.000
43845,2047,-0.488281,25000000.000
43846,2061,6.347656,25000000.000
43847,2063,7.324219,25000000.000
43848,2087,19.042969,25000000.000
43849,2099,24.902344,25000000.000
43850,2107,28.808594,25000000.000
43851,2109,29.785156,25000000.000
43852,2124,37.109375,25000000.000
43853,2128,39.062500,25000000.000
43854,2130,40.039062,25000000.000
43855,2130,40.039062,25000000.000
43856,2129,39.550781,25000000.000
43857,2126,38.085938,25000000.000
43858,2121,35.644531,25000000.000
43859,2121,35.644531,25000000.000
43860,2107,28.808594,25000000.000
43861,2098,24.414062,25000000.000
43862,2088,19.531250,25000000.000
43863,2087,19.042969,25000000.000
43864,2064,7.812500,25000000.000
43865,2053,2.441406,25000000.000
43866,2039,-4.394531,25000000.000
43867,2036,-5.859375,25000000.000
43868,2013,-17.089844,25000000.000
43869,2001,-22.949219,25000000.000
43870,1990,-28.320312,25000000.000
43871,1989,-28.808594,25000000.000
43872,1975,-35.644531,25000000.000
43873,1969,-38.574219,25000000.000
43874,1963,-41.503906,25000000.000
43875,1962,-41.992188,25000000.000
43876,1961,-42.480469,25000000.000
43877,1963,-41.503906,25000000.000
43878,1968,-39.062500,25000000.000
43879,1967,-39.550781,25000000.000
43880,1981,-32.714844,25000000.000
43881,1989,-28.808594,25000000.000
43882,1999,-23.925781,25000000.000
43883,2001,-22.949219,25000000.000
43884,2024,-11.718750,25000000.000
43885,2037,-5.371094,25000000.000
43886,2051,1.464844,25000000.000
43887,2052,1.953125,25000000.000
43888,2077,14.160156,25000000.000
43889,2089,20.019531,25000000.000
43890,2100,25.390625,25000000.000
43891,2101,25.878906,25000000.000
43892,2118,34.179688,25000000.000
43893,2122,36.132812,25000000.000
43894,2128,39.062500,25000000.000
43895,2127,38.574219,25000000.000
43896,2129,39.550781,25000000.000
43897,2127,38.574219,25000000.000
43898,2124,37.109375,25000000.000
43899,2124,37.109375,25000000.000
43900,2114,32.226562,25000000.000
43901,2106,28.320312,25000000.000
43902,2097,23.925781,25000000.000
43903,2096,23.437500,25000000.000
43904,2074,12.695312,25000000.000
43905,2062,6.835938,25000000.000
43906,2049,0.488281,25000000.000
43907,2048,0.000000,25000000.000
43908,2023,-12.207031,25000000.000
43909,2009,-19.042969,25000000.000
43910,1998,-24.414062,25000000.000
43911,1997,-24.902344,25000000.000
43912,1979,-33.691406,25000000.000
43913,1972,-37.109375,25000000.000
43914,1965,-40.527344,25000000.000
43915,1967,-39.550781,25000000.000
43916,1960,-42.968750,25000000.000
43917,1961,-42.480469,25000000.000
43918,1963,-41.503906,25000000.000
43919,1964,-41.015625,25000000.000
43920,1973,-36.621094,25000000.000
43921,1982,-32.226562,25000000.000
43922,1990,-28.320312,25000000.000
43923,1992,-27.343750,25000000.000
43924,2012,-17.578125,25000000.000
43925,2025,-11.230469,25000000.000
43926,2039,-4.394531,25000000.000
43927,2040,-3.906250,25000000.000
43928,2066,8.789062,25000000.000
43929,2078,14.648438,25000000.000
43930,2091,20.996094,25000000.000
43931,2092,21.484375,25000000.000
43932,2113,31.738281,25000000.000
43933,2120,35.156250,25000000.000
43934,2125,37.597656,25000000.000
43935,2125,37.597656,25000000.000
43936,2129,39.550781,25000000.000
43937,2131,40.527344,25000000.000
43938,2128,39.062500,25000000.000
43939,2128,39.062500,25000000.000
43940,2120,35.156250,25000000.000
43941,2113,31.738281,25000000.000
43942,2105,27.832031,25000000.000
43943,2104,27.343750,25000000.000
43944,2084,17.578125,25000000.000
43945,2072,11.718750,25000000.000
43946,2060,5.859375,25000000.000
43947,2060,5.859375,25000000.000
43948,2034,-6.835938,25000000.000
43949,2020,-13.671875,25000000.000
43950,2008,-19.531250,25000000.000
43951,2007,-20.019531,25000000.000
43952,1986,-30.273438,25000000.000
43953,1978,-34.179688,25000000.000
43954,1971,-37.597656,25000000.000
43955,1970,-38.085938,25000000.000
43956,1963,-41.503906,25000000.000
43957,1961,-42.480469,25000000.000
43958,1960,-42.968750,25000000.000
43959,1961,-42.480469,25000000.000
43960,1968,-39.062500,25000000.000
43961,1973,-36.621094,25000000.000
43962,1982,-32.226562,25000000.000
43963,1982,-32.226562,25000000.000
43964,2001,-22.949219,25000000.000
43965,2013,-17.089844,25000000.000
43966,2025,-11.230469,25000000.000
43967,2028,-9.765625,25000000.000
43968,2054,2.929688,25000000.000
43969,2068,9.765625,25000000.000
43970,2080,15.625000,25000000.000
43971,2081,16.113281,25000000.000
43972,2103,26.855469,25000000.000
43973,2112,31.250000,25000000.000
43974,2121,35.644531,25000000.000
43975,2119,34.667969,25000000.000
43976,2126,38.085938,25000000.000
43977,2129,39.550781,25000000.000
43978,2130,40.039062,25000000.000
43979,2128,39.062500,25000000.000
43980,2124,37.109375,25000000.000
43981,2119,34.667969,25000000.000
43982,2111,30.761719,25000000.000
43983,2110,30.273438,25000000.000
43984,2092,21.484375,25000000.000
43985,2083,17.089844,25000000.000
43986,2071,11.230469,25000000.000
43987,2069,10.253906,25000000.000
43988,2045,-1.464844,25000000.000
43989,2031,-8.300781,25000000.000
43990,2018,-14.648438,25000000.000
43991,2016,-15.625000,25000000.000
43992,1994,-26.367188,25000000.000
43993,1984,-31.250000,25000000.000
43994,1976,-35.156250,25000000.000
43995,1973,-36.621094,25000000.000
43996,1963,-41.503906,25000000.000
43997,1960,-42.968750,25000000.000
43998,1960,-42.968750,25000000.000
43999,1961,-42.480469,25000000.000
44000,1964,-41.015625,25000000.000
44001,1968,-39.062500,25000000.000
44002,1975,-35.644531,25000000.000
44003,1976,-35.156250,25000000.000
44004,1993,-26.855469,25000000.000
44005,2003,-21.972656,25000000.000
44006,2016,-15.625000,25000000.000
44007,2016,-15.625000,25000000.000
44008,2042,-2.929688,25000000.000
44009,2056,3.906250,25000000.000
44010,2069,10.253906,25000000.000
44011,2070,10.742188,25000000.000
44012,2094,22.460938,25000000.000
44013,2104,27.343750,25000000.000
44014,2113,31.738281,25000000.000
44015,2115,32.714844,25000000.000
44016,2126,38.085938,25000000.000
44017,2128,39.062500,25000000.000
44018,2131,40.527344,25000000.000
44019,2131,40.527344,25000000.000
44020,2127,38.574219,25000000.000
44021,2123,36.621094,25000000.000
44022,2117,33.691406,25000000.000
44023,2117,33.691406,25000000.000
44024,2102,26.367188,25000000.000
44025,2092,21.484375,25000000.000
44026,2081,16.113281,25000000.000
44027,2079,15.136719,25000000.000
44028,2055,3.417969,25000000.000
44029,2042,-2.929688,25000000.000
44030,2029,-9.277344,25000000.000
44031,2028,-9.765625,25000000.000
44032,2004,-21.484375,25000000.000
44033,1993,-26.855469,25000000.000
44034,1983,-31.738281,25000000.000
44035,1983,-31.738281,25000000.000
44036,1968,-39.062500,25000000.000
44037,1964,-41.015625,25000000.000
44038,1960,-42.968750,25000000.000
44039,1963,-41.503906,25000000.000
44040,1962,-41.992188,25000000.000
44041,1965,-40.527344,25000000.000
44042,1970,-38.085938,25000000.000
44043,1970,-38.085938,25000000.000
44044,1984,-31.250000,25000000.000
44045,1994,-26.367188,25000000.000
44046,2006,-20.507812,25000000.000
44047,2007,-20.019531,25000000.000
44048,2030,-8.789062,25000000.000
44049,2044,-1.953125,25000000.000
44050,2059,5.371094,25000000.000
44051,2060,5.859375,25000000.000
44052,2085,18.066406,25000000.000
44053,2097,23.925781,25000000.000
44054,2107,28.808594,25000000.000
44055,2106,28.320312,25000000.000
44056,2122,36.132812,25000000.000
44057,2126,38.085938,25000000.000
44058,2129,39.550781,25000000.000
44059,2129,39.550781,25000000.000
44060,2129,39.550781,25000000.000
44061,2127,38.574219,25000000.000
44062,2122,36.132812,25000000.000
44063,2122,36.132812,25000000.000
44064,2109,29.785156,25000000.000
44065,2101,25.878906,25000000.000
44066,2090,20.507812,25000000.000
44067,2090,20.507812,25000000.000
44068,2068,9.765625,25000000.000
44069,2054,2.929688,25000000.000
44070,2040,-3.906250,25000000.000
44071,2039,-4.394531,25000000.000
44072,2015,-16.113281,25000000.000
44073,2003,-21.972656,25000000.000
44074,1992,-27.343750,25000000.000
44075,1990,-28.320312,25000000.000
44076,1974,-36.132812,25000000.000
44077,1967,-39.550781,25000000.000
44078,1964,-41.015625,25000000.000
44079,1964,-41.015625,25000000.000
44080,1961,-42.480469,25000000.000
44081,1962,-41.992188,25000000.000
44082,1965,-40.527344,25000000.000
44083,1966,-40.039062,25000000.000
44084,1977,-34.667969,25000000.000
44085,1985,-30.761719,25000000.000
44086,1996,-25.390625,25000000.000
44087,1997,-24.902344,25000000.000
44088,2020,-13.671875,25000000.000
44089,2033,-7.324219,25000000.000
44090,2046,-0.976562,25000000.000
44091,2048,0.000000,25000000.000
44092,2073,12.207031,25000000.000
44093,2087,19.042969,25000000.000
44094,2097,23.925781,25000000.000
44095,2100,25.390625,25000000.000
44096,2116,33.203125,25000000.000
44097,2123,36.621094,25000000.000
44098,2129,39.550781,25000000.000
44099,2127,38.574219,25000000.000
44100,2131,40.527344,25000000.000
44101,2129,39.550781,25000000.000
44102,2127,38.574219,25000000.000
44103,2126,38.085938,25000000.000
44104,2116,33.203125,25000000.000
44105,2108,29.296875,25000000.000
44106,2099,24.902344,25000000.000
44107,2098,24.414062,25000000.000
44108,2078,14.648438,25000000.000
44109,2066,8.789062,25000000.000
44110,2053,2.441406,25000000.000
44111,2051,1.464844,25000000.000
44112,2026,-10.742188,25000000.000
44113,2014,-16.601562,25000000.000
44114,2002,-22.460938,25000000.000
44115,2001,-22.949219,25000000.000
44116,1982,-32.226562,25000000.000
44117,1974,-36.132812,25000000.000
44118,1968,-39.062500,25000000.000
44119,1967,-39.550781,25000000.000
44120,1962,-41.992188,25000000.000
44121,1962,-41.992188,25000000.000
44122,1962,-41.992188,25000000.000
44123,1963,-41.503906,25000000.000
44124,1971,-37.597656,25000000.000
44125,1979,-33.691406,25000000.000
44126,1988,-29.296875,25000000.000
44127,1988,-29.296875,25000000.000
44128,2009,-19.042969,25000000.000
44129,2022,-12.695312,25000000.000
44130,2035,-6.347656,25000000.000
44131,2038,-4.882812,25000000.000
44132,2063,7.324219,25000000.000
44133,2076,13.671875,25000000.000
44134,2088,19.531250,25000000.000
44135,2089,20.019531,25000000.000
44136,2110,30.273438,25000000.000
44137,2117,33.691406,25000000.000
44138,2123,36.621094,25000000.000
44139,2123,36.621094,25000000.000
44140,2129,39.550781,25000000.000
44141,2130,40.039062,25000000.000
44142,2128,39.062500,25000000.000
44143,2127,38.574219,25000000.000
44144,2120,35.156250,25000000.000
44145,2113,31.738281,25000000.000
44146,2107,28.808594,25000000.000
44147,2105,27.832031,25000000.000
44148,2087,19.042969,25000000.000
44149,2075,13.183594,25000000.000
44150,2063,7.324219,25000000.000
44151,2062,6.835938,25000000.000
44152,2036,-5.859375,25000000.000
44153,2023,-12.207031,25000000.000
44154,2010,-18.554688,25000000.000
44155,2009,-19.042969,25000000.000
44156,1988,-29.296875,25000000.000
44157,1979,-33.691406,25000000.000
44158,1971,-37.597656,25000000.000
44159,1972,-37.109375,25000000.000
44160,1961,-42.480469,25000000.000
44161,1960,-42.968750,25000000.000
44162,1960,-42.968750,25000000.000
44163,1960,-42.968750,25000000.000
44164,1966,-40.039062,25000000.000
44165,1973,-36.621094,25000000.000
44166,1980,-33.203125,25000000.000
44167,1981,-32.714844,25000000.000
44168,2000,-23.437500,25000000.000
44169,2011,-18.066406,25000000.000
44170,2024,-11.718750,25000000.000
44171,2025,-11.230469,25000000.000
44172,2051,1.464844,25000000.000
44173,2064,7.812500,25000000.000
44174,2077,14.160156,25000000.000
44175,2079,15.136719,25000000.000
44176,2101,25.878906,25000000.000
44177,2110,30.273438,25000000.000
44178,2119,34.667969,25000000.000
44179,2118,34.179688,25000000.000
44180,2128,39.062500,25000000.000
44181,2129,39.550781,25000000.000
44182,2129,39.550781,25000000.000
44183,2129,39.550781,25000000.000
44184,2124,37.109375,25000000.000
44185,2119,34.667969,25000000.000
44186,2113,31.738281,25000000.000
44187,2111,30.761719,25000000.000
44188,2095,22.949219,25000000.000
44189,2085,18.066406,25000000.000
44190,2072,11.718750,25000000.000
44191,2072,11.718750,25000000.000
44192,2047,-0.488281,25000000.000
44193,2034,-6.835938,25000000.000
44194,2020,-13.671875,25000000.000
44195,2019,-14.160156,25000000.000
44196,1998,-24.414062,25000000.000
44197,1987,-29.785156,25000000.000
44198,1979,-33.691406,25000000.000
44199,1978,-34.179688,25000000.000
44200,1966,-40.039062,25000000.000
44201,1962,-41.992188,25000000.000
44202,1961,-42.480469,25000000.000
44203,1961,-42.480469,25000000.000
44204,1964,-41.015625,25000000.000
44205,1967,-39.550781,25000000.000
44206,1973,-36.621094,25000000.000
44207,1974,-36.132812,25000000.000
44208,1990,-28.320312,25000000.000
44209,1999,-23.925781,25000000.000
44210,2013,-17.089844,25000000.000
44211,2014,-16.601562,25000000.000
44212,2039,-4.394531,25000000.000
44213,2053,2.441406,25000000.000
44214,2066,8.789062,25000000.000
44215,2067,9.277344,25000000.000
44216,2091,20.996094,25000000.000
44217,2102,26.367188,25000000.000
44218,2112,31.250000,25000000.000
44219,2112,31.250000,25000000.000
44220,2123,36.621094,25000000.000
44221,2127,38.574219,25000000.000
44222,2129,39.550781,25000000.000
44223,2128,39.062500,25000000.000
44224,2126,38.085938,25000000.000
44225,2123,36.621094,25000000.000
44226,2118,34.179688,25000000.000
44227,2119,34.667969,25000000.000
44228,2104,27.343750,25000000.000
44229,2094,22.460938,25000000.000
44230,2084,17.578125,25000000.000
44231,2082,16.601562,25000000.000
44232,2060,5.859375,25000000.000
44233,2046,-0.976562,25000000.000
44234,2032,-7.812500,25000000.000
44235,2031,-8.300781,25000000.000
44236,2006,-20.507812,25000000.000
44237,1996,-25.390625,25000000.000
44238,1987,-29.785156,25000000.000
44239,1985,-30.761719,25000000.000
44240,1970,-38.085938,25000000.000
44241,1966,-40.039062,25000000.000
44242,1963,-41.503906,25000000.000
44243,1962,-41.992188,25000000.000
44244,1961,-42.480469,25000000.000
44245,1964,-41.015625,25000000.000
44246,1969,-38.574219,25000000.000
44247,1970,-38.085938,25000000.000
44248,1983,-31.738281,25000000.000
44249,1992,-27.343750,25000000.000
44250,2002,-22.460938,25000000.000
44251,2004,-21.484375,25000000.000
44252,2027,-10.253906,25000000.000
44253,2040,-3.906250,25000000.000
44254,2055,3.417969,25000000.000
44255,2055,3.417969,25000000.000
44256,2082,16.601562,25000000.000
44257,2093,21.972656,25000000.000
44258,2103,26.855469,25000000.000
44259,2105,27.832031,25000000.000
44260,2119,34.667969,25000000.000
44261,2126,38.085938,25000000.000
44262,2129,39.550781,25000000.000
44263,2129,39.550781,25000000.000
44264,2129,39.550781,25000000.000
44265,2127,38.574219,25000000.000
44266,2124,37.109375,25000000.000
44267,2123,36.621094,25000000.000
44268,2113,31.738281,25000000.000
44269,2103,26.855469,25000000.000
44270,2094,22.460938,25000000.000
44271,2092,21.484375,25000000.000
44272,2071,11.230469,25000000.000
44273,2057,4.394531,25000000.000
44274,2044,-1.953125,25000000.000
44275,2043,-2.441406,25000000.000
44276,2018,-14.648438,25000000.000
44277,2006,-20.507812,25000000.000
44278,1994,-26.367188,25000000.000
44279,1994,-26.367188,25000000.000
44280,1976,-35.156250,25000000.000
44281,1970,-38.085938,25000000.000
44282,1964,-41.015625,25000000.000
44283,1966,-40.039062,25000000.000
44284,1961,-42.480469,25000000.000
44285,1961,-42.480469,25000000.000
44286,1965,-40.527344,25000000.000
44287,1965,-40.527344,25000000.000
44288,1976,-35.156250,25000000.000
44289,1984,-31.250000,25000000.000
44290,1993,-26.855469,25000000.000
44291,1994,-26.367188,25000000.000
44292,2017,-15.136719,25000000.000
44293,2030,-8.789062,25000000.000
44294,2043,-2.441406,25000000.000
44295,2045,-1.464844,25000000.000
44296,2070,10.742188,25000000.000
44297,2083,17.089844,25000000.000
44298,2096,23.437500,25000000.000
44299,2095,22.949219,25000000.000
44300,2115,32.714844,25000000.000
44301,2121,35.644531,25000000.000
44302,2126,38.085938,25000000.000
44303,2126,38.085938,25000000.000
44304,2130,40.039062,25000000.000
44305,2128,39.062500,25000000.000
44306,2126,38.085938,25000000.000
44307,2126,38.085938,25000000.000
44308,2116,33.203125,25000000.000
44309,2109,29.785156,25000000.000
44310,2101,25.878906,25000000.000
44311,2100,25.390625,25000000.000
44312,2080,15.625000,25000000.000
44313,2068,9.765625,25000000.000
44314,2055,3.417969,25000000.000
44315,2054,2.929688,25000000.000
44316,2028,-9.765625,25000000.000
44317,2016,-15.625000,25000000.000
44318,2005,-20.996094,25000000.000
44319,2003,-21.972656,25000000.000
44320,1982,-32.226562,25000000.000
44321,1974,-36.132812,25000000.000
44322,1968,-39.062500,25000000.000
44323,1969,-38.574219,25000000.000
44324,1962,-41.992188,25000000.000
44325,1961,-42.480469,25000000.000
44326,1962,-41.992188,25000000.000
44327,1962,-41.992188,25000000.000
44328,1970,-38.085938,25000000.000
44329,1978,-34.179688,25000000.000
44330,1985,-30.761719,25000000.000
44331,1986,-30.273438,25000000.000
44332,2006,-20.507812,25000000.000
44333,2019,-14.160156,25000000.000
44334,2033,-7.324219,25000000.000
44335,2034,-6.835938,25000000.000
44336,2059,5.371094,25000000.000
44337,2072,11.718750,25000000.000
44338,2085,18.066406,25000000.000
44339,2086,18.554688,25000000.000
44340,2106,28.320312,25000000.000
44341,2115,32.714844,25000000.000
44342,2120,35.156250,25000000.000
44343,2122,36.132812,25000000.000
44344,2130,40.039062,25000000.000
44345,2129,39.550781,25000000.000
44346,2128,39.062500,25000000.000
44347,2129,39.550781,25000000.000
44348,2122,36.132812,25000000.000
44349,2115,32.714844,25000000.000
44350,2108,29.296875,25000000.000
44351,2107,28.808594,25000000.000
44352,2089,20.019531,25000000.000
44353,2077,14.160156,25000000.000
44354,2066,8.789062,25000000.000
44355,2065,8.300781,25000000.000
44356,2039,-4.394531,25000000.000
44357,2025,-11.230469,25000000.000
44358,2013,-17.089844,25000000.000
44359,2012,-17.578125,25000000.000
44360,1990,-28.320312,25000000.000
44361,1981,-32.714844,25000000.000
44362,1974,-36.132812,25000000.000
44363,1973,-36.621094,25000000.000
44364,1963,-41.503906,25000000.000
44365,1962,-41.992188,25000000.000
44366,1961,-42.480469,25000000.000
44367,1961,-42.480469,25000000.000
44368,1965,-40.527344,25000000.000
44369,1971,-37.597656,25000000.000
44370,1977,-34.667969,25000000.000
44371,1979,-33.691406,25000000.000
44372,1996,-25.390625,25000000.000
44373,2008,-19.531250,25000000.000
44374,2021,-13.183594,25000000.000
44375,2021,-13.183594,25000000.000
44376,2048,0.000000,25000000.000
44377,2060,5.859375,25000000.000
44378,2074,12.695312,25000000.000
44379,2075,13.183594,25000000.000
44380,2097,23.925781,25000000.000
44381,2108,29.296875,25000000.000
44382,2116,33.203125,25000000.000
44383,2117,33.691406,25000000.000
44384,2126,38.085938,25000000.000
44385,2129,39.550781,25000000.000
44386,2131,40.527344,25000000.000
44387,2130,40.039062,25000000.000
44388,2123,36.621094,25000000.000
44389,2120,35.156250,25000000.000
44390,2114,32.226562,25000000.000
44391,2113,31.738281,25000000.000
44392,2098,24.414062,25000000.000
44393,2088,19.531250,25000000.000
44394,2077,14.160156,25000000.000
44395,2076,13.671875,25000000.000
44396,2051,1.464844,25000000.000
44397,2038,-4.882812,25000000.000
44398,2024,-11.718750,25000000.000
44399,2022,-12.695312,25000000.000
44400,2000,-23.437500,25000000.000
44401,1988,-29.296875,25000000.000
44402,1979,-33.691406,25000000.000
44403,1979,-33.691406,25000000.000
44404,1966,-40.039062,25000000.000
44405,1962,-41.992188,25000000.000
44406,1960,-42.968750,25000000.000
44407,1961,-42.480469,25000000.000
44408,1962,-41.992188,25000000.000
44409,1966,-40.039062,25000000.000
44410,1972,-37.109375,25000000.000
44411,1973,-36.621094,25000000.000
44412,1988,-29.296875,25000000.000
44413,1999,-23.925781,25000000.000
44414,2010,-18.554688,25000000.000
44415,2010,-18.554688,25000000.000
44416,2036,-5.859375,25000000.000
44417,2049,0.488281,25000000.000
44418,2062,6.835938,25000000.000
44419,2064,7.812500,25000000.000
44420,2088,19.531250,25000000.000
44421,2100,25.390625,25000000.000
44422,2110,30.273438,25000000.000
44423,2110,30.273438,25000000.000
44424,2124,37.109375,25000000.000
44425,2128,39.062500,25000000.000
44426,2129,39.550781,25000000.000
44427,2130,40.039062,25000000.000
44428,2129,39.550781,25000000.000
44429,2126,38.085938,25000000.000
44430,2121,35.644531,25000000.000
44431,2120,35.156250,25000000.000
44432,2107,28.808594,25000000.000
44433,2097,23.925781,25000000.000
44434,2086,18.554688,25000000.000
44435,2085,18.066406,25000000.000
44436,2063,7.324219,25000000.000
44437,2049,0.488281,25000000.000
44438,2036,-5.859375,25000000.000
44439,2034,-6.835938,25000000.000
44440,2010,-18.554688,25000000.000
44441,1999,-23.925781,25000000.000
44442,1988,-29.296875,25000000.000
44443,1987,-29.785156,25000000.000
44444,1971,-37.597656,25000000.000
44445,1966,-40.039062,25000000.000
44446,1963,-41.503906,25000000.000
44447,1962,-41.992188,25000000.000
44448,1960,-42.968750,25000000.000
44449,1964,-41.015625,25000000.000
44450,1967,-39.550781,25000000.000
44451,1968,-39.062500,25000000.000
44452,1980,-33.203125,25000000.000
44453,1990,-28.320312,25000000.000
44454,2000,-23.437500,25000000.000
44455,2001,-22.949219,25000000.000
44456,2024,-11.718750,25000000.000
44457,2039,-4.394531,25000000.000
44458,2052,1.953125,25000000.000
44459,2054,2.929688,25000000.000
44460,2079,15.136719,25000000.000
44461,2091,20.996094,25000000.000
44462,2102,26.367188,25000000.000
44463,2103,26.855469,25000000.000
44464,2119,34.667969,25000000.000
44465,2124,37.109375,25000000.000
44466,2128,39.062500,25000000.000
44467,2129,39.550781,25000000.000
44468,2130,40.039062,25000000.000
44469,2128,39.062500,25000000.000
44470,2123,36.621094,25000000.000
44471,2124,37.109375,25000000.000
44472,2113,31.738281,25000000.000
44473,2106,28.320312,25000000.000
44474,2096,23.437500,25000000.000
44475,2096,23.437500,25000000.000
44476,2073,12.207031,25000000.000
44477,2061,6.347656,25000000.000
44478,2049,0.488281,25000000.000
44479,2047,-0.488281,25000000.000
44480,2021,-13.183594,25000000.000
44481,2009,-19.042969,25000000.000
44482,1997,-24.902344,25000000.000
44483,1996,-25.390625,25000000.000
44484,1978,-34.179688,25000000.000
44485,1971,-37.597656,25000000.000
44486,1965,-40.527344,25000000.000
44487,1965,-40.527344,25000000.000
44488,1961,-42.480469,25000000.000
44489,1962,-41.992188,25000000.000
44490,1963,-41.503906,25000000.000
44491,1964,-41.015625,25000000.000
44492,1975,-35.644531,25000000.000
44493,1982,-32.226562,25000000.000
44494,1992,-27.343750,25000000.000
44495,1994,-26.367188,25000000.000
44496,2014,-16.601562,25000000.000
44497,2028,-9.765625,25000000.000
44498,2041,-3.417969,25000000.000
44499,2041,-3.417969,25000000.000
44500,2068,9.765625,25000000.000
44501,2081,16.113281,25000000.000
44502,2092,21.484375,25000000.000
44503,2093,21.972656,25000000.000
44504,2112,31.250000,25000000.000
44505,2120,35.156250,25000000.000
44506,2125,37.597656,25000000.000
44507,2125,37.597656,25000000.000
44508,2131,40.527344,25000000.000
44509,2130,40.039062,25000000.000
44510,2128,39.062500,25000000.000
44511,2127,38.574219,25000000.000
44512,2118,34.179688,25000000.000
44513,2112,31.250000,25000000.000
44514,2103,26.855469,25000000.000
44515,2103,26.855469,25000000.000
44516,2083,17.089844,25000000.000
44517,2071,11.230469,25000000.000
44518,2059,5.371094,25000000.000
44519,2058,4.882812,25000000.000
44520,2032,-7.812500,25000000.000
44521,2019,-14.160156,25000000.000
44522,2006,-20.507812,25000000.000
44523,2005,-20.996094,25000000.000
44524,1985,-30.761719,25000000.000
44525,1977,-34.667969,25000000.000
44526,1970,-38.085938,25000000.000
44527,1970,-38.085938,25000000.000
44528,1963,-41.503906,25000000.000
44529,1961,-42.480469,25000000.000
44530,1962,-41.992188,25000000.000
44531,1962,-41.992188,25000000.000
44532,1968,-39.062500,25000000.000
44533,1975,-35.644531,25000000.000
44534,1983,-31.738281,25000000.000
44535,1984,-31.250000,25000000.000
44536,2003,-21.972656,25000000.000
44537,2015,-16.113281,25000000.000
44538,2028,-9.765625,25000000.000
44539,2029,-9.277344,25000000.000
44540,2055,3.417969,25000000.000
44541,2069,10.253906,25000000.000
44542,2081,16.113281,25000000.000
44543,2083,17.089844,25000000.000
44544,2105,27.832031,25000000.000
44545,2113,31.738281,25000000.000
44546,2120,35.156250,25000000.000
44547,2120,35.156250,25000000.000
44548,2127,38.574219,25000000.000
44549,2128,39.062500,25000000.000
44550,2127,38.574219,25000000.000
44551,2127,38.574219,25000000.000
44552,2120,35.156250,25000000.000
44553,2117,33.691406,25000000.000
44554,2109,29.785156,25000000.000
44555,2108,29.296875,25000000.000
44556,2092,21.484375,25000000.000
44557,2080,15.625000,25000000.000
44558,2069,10.253906,25000000.000
44559,2068,9.765625,25000000.000
44560,2043,-2.441406,25000000.000
44561,2030,-8.789062,25000000.000
44562,2017,-15.136719,25000000.000
44563,2016,-15.625000,25000000.000
44564,1994,-26.367188,25000000.000
44565,1984,-31.250000,25000000.000
44566,1975,-35.644531,25000000.000
44567,1975,-35.644531,25000000.000
44568,1964,-41.015625,25000000.000
44569,1961,-42.480469,25000000.000
44570,1961,-42.480469,25000000.000
44571,1962,-41.992188,25000000.000
44572,1965,-40.527344,25000000.000
44573,1970,-38.085938,25000000.000
44574,1977,-34.667969,25000000.000
44575,1976,-35.156250,25000000.000
44576,1994,-26.367188,25000000.000
44577,2004,-21.484375,25000000.000
44578,2017,-15.136719,25000000.000
44579,2018,-14.648438,25000000.000
44580,2044,-1.953125,25000000.000
44581,2057,4.394531,25000000.000
44582,2069,10.253906,25000000.000
44583,2071,11.230469,25000000.000
44584,2094,22.460938,25000000.000
44585,2105,27.832031,25000000.000
44586,2113,31.738281,25000000.000
44587,2113,31.738281,25000000.000
44588,2126,38.085938,25000000.000
44589,2129,39.550781,25000000.000
44590,2130,40.039062,25000000.000
44591,2130,40.039062,25000000.000
44592,2127,38.574219,25000000.000
44593,2122,36.132812,25000000.000
44594,2116,33.203125,25000000.000
44595,2117,33.691406,25000000.000
44596,2100,25.390625,25000000.000
44597,2091,20.996094,25000000.000
44598,2079,15.136719,25000000.000
44599,2079,15.136719,25000000.000
44600,2055,3.417969,25000000.000
44601,2040,-3.906250,25000000.000
44602,2028,-9.765625,25000000.000
44603,2026,-10.742188,25000000.000
44604,2003,-21.972656,25000000.000
44605,1992,-27.343750,25000000.000
44606,1982,-32.226562,25000000.000
44607,1981,-32.714844,25000000.000
44608,1968,-39.062500,25000000.000
44609,1965,-40.527344,25000000.000
44610,1961,-42.480469,25000000.000
44611,1960,-42.968750,25000000.000
44612,1962,-41.992188,25000000.000
44613,1966,-40.039062,25000000.000
44614,1970,-38.085938,25000000.000
44615,1970,-38.085938,25000000.000
44616,1985,-30.761719,25000000.000
44617,1995,-25.878906,25000000.000
44618,2008,-19.531250,25000000.000
44619,2007,-20.019531,25000000.000
44620,2032,-7.812500,25000000.000
44621,2047,-0.488281,25000000.000
44622,2060,5.859375,25000000.000
44623,2060,5.859375,25000000.000
44624,2086,18.554688,25000000.000
44625,2097,23.925781,25000000.000
44626,2107,28.808594,25000000.000
44627,2109,29.785156,25000000.000
44628,2122,36.132812,25000000.000
44629,2127,38.574219,25000000.000
44630,2129,39.550781,25000000.000
44631,2129,39.550781,25000000.000
44632,2129,39.550781,25000000.000
44633,2126,38.085938,25000000.000
44634,2123,36.621094,25000000.000
44635,2121,35.644531,25000000.000
44636,2108,29.296875,25000000.000
44637,2100,25.390625,25000000.000
44638,2090,20.507812,25000000.000
44639,2089,20.019531,25000000.000
44640,2067,9.277344,25000000.000
44641,2054,2.929688,25000000.000
44642,2041,-3.417969,25000000.000
44643,2038,-4.882812,25000000.000
44644,2013,-17.089844,25000000.000
44645,2002,-22.460938,25000000.000
44646,1990,-28.320312,25000000.000
44647,1989,-28.808594,25000000.000
44648,1973,-36.621094,25000000.000
44649,1967,-39.550781,25000000.000
44650,1964,-41.015625,25000000.000
44651,1963,-41.503906,25000000.000
44652,1961,-42.480469,25000000.000
44653,1963,-41.503906,25000000.000
44654,1966,-40.039062,25000000.000
44655,1967,-39.550781,25000000.000
44656,1979,-33.691406,25000000.000
44657,1988,-29.296875,25000000.000
44658,1998,-24.414062,25000000.000
44659,1999,-23.925781,25000000.000
44660,2021,-13.183594,25000000.000
44661,2035,-6.347656,25000000.000
44662,2049,0.488281,25000000.000
44663,2050,0.976562,25000000.000
44664,2075,13.183594,25000000.000
44665,2087,19.042969,25000000.000
44666,2098,24.414062,25000000.000
44667,2101,25.878906,25000000.000
44668,2117,33.691406,25000000.000
44669,2124,37.109375,25000000.000
44670,2127,38.574219,25000000.000
44671,2129,39.550781,25000000.000
44672,2130,40.039062,25000000.000
44673,2129,39.550781,25000000.000
44674,2126,38.085938,25000000.000
44675,2126,38.085938,25000000.000
44676,2114,32.226562,25000000.000
44677,2107,28.808594,25000000.000
44678,2098,24.414062,25000000.000
44679,2097,23.925781,25000000.000
44680,2076,13.671875,25000000.000
44681,2063,7.324219,25000000.000
44682,2051,1.464844,25000000.000
44683,2049,0.488281,25000000.000
44684,2024,-11.718750,25000000.000
44685,2011,-18.066406,25000000.000
44686,1999,-23.925781,25000000.000
44687,1999,-23.925781,25000000.000
44688,1980,-33.203125,25000000.000
44689,1972,-37.109375,25000000.000
44690,1967,-39.550781,25000000.000
44691,1966,-40.039062,25000000.000
44692,1962,-41.992188,25000000.000
44693,1960,-42.968750,25000000.000
44694,1962,-41.992188,25000000.000
44695,1964,-41.015625,25000000.000
44696,1972,-37.109375,25000000.000
44697,1980,-33.203125,25000000.000
44698,1989,-28.808594,25000000.000
44699,1990,-28.320312,25000000.000
44700,2010,-18.554688,25000000.000
44701,2023,-12.207031,25000000.000
44702,2037,-5.371094,25000000.000
44703,2038,-4.882812,25000000.000
44704,2065,8.300781,25000000.000
44705,2077,14.160156,25000000.000
44706,2090,20.507812,25000000.000
44707,2091,20.996094,25000000.000
44708,2110,30.273438,25000000.000
44709,2118,34.179688,25000000.000
44710,2124,37.109375,25000000.000
44711,2124,37.109375,25000000.000
44712,2129,39.550781,25000000.000
44713,2130,40.039062,25000000.000
44714,2128,39.062500,25000000.000
44715,2127,38.574219,25000000.000
44716,2119,34.667969,25000000.000
44717,2112,31.250000,25000000.000
44718,2106,28.320312,25000000.000
44719,2105,27.832031,25000000.000
44720,2086,18.554688,25000000.000
44721,2073,12.207031,25000000.000
44722,2060,5.859375,25000000.000
44723,2061,6.347656,25000000.000
44724,2035,-6.347656,25000000.000
44725,2021,-13.183594,25000000.000
44726,2010,-18.554688,25000000.000
44727,2009,-19.042969,25000000.000
44728,1987,-29.785156,25000000.000
44729,1978,-34.179688,25000000.000
44730,1971,-37.597656,25000000.000
44731,1971,-37.597656,25000000.000
44732,1964,-41.015625,25000000.000
44733,1961,-42.480469,25000000.000
44734,1960,-42.968750,25000000.000
44735,1960,-42.968750,25000000.000
44736,1968,-39.062500,25000000.000
44737,1974,-36.132812,25000000.000
44738,1981,-32.714844,25000000.000
44739,1982,-32.226562,25000000.000
44740,2001,-22.949219,25000000.000
44741,2012,-17.578125,25000000.000
44742,2026,-10.742188,25000000.000
44743,2027,-10.253906,25000000.000
44744,2052,1.953125,25000000.000
44745,2065,8.300781,25000000.000
44746,2080,15.625000,25000000.000
44747,2079,15.136719,25000000.000
44748,2101,25.878906,25000000.000
44749,2111,30.761719,25000000.000
44750,2118,34.179688,25000000.000
44751,2118,34.179688,25000000.000
44752,2128,39.062500,25000000.000
44753,2130,40.039062,25000000.000
44754,2129,39.550781,25000000.000
44755,2129,39.550781,25000000.000
44756,2124,37.109375,25000000.000
44757,2120,35.156250,25000000.000
44758,2113,31.738281,25000000.000
44759,2112,31.250000,25000000.000
44760,2094,22.460938,25000000.000
44761,2082,16.601562,25000000.000
44762,2071,11.230469,25000000.000
44763,2071,11.230469,25000000.000
44764,2046,-0.976562,25000000.000
44765,2032,-7.812500,25000000.000
44766,2018,-14.648438,25000000.000
44767,2018,-14.648438,25000000.000
44768,1996,-25.390625,25000000.000
44769,1985,-30.761719,25000000.000
44770,1977,-34.667969,25000000.000
44771,1976,-35.156250,25000000.000
44772,1966,-40.039062,25000000.000
44773,1963,-41.503906,25000000.000
44774,1961,-42.480469,25000000.000
44775,1960,-42.968750,25000000.000
44776,1963,-41.503906,25000000.000
44777,1968,-39.062500,25000000.000
44778,1973,-36.621094,25000000.000
44779,1974,-36.132812,25000000.000
44780,1993,-26.855469,25000000.000
44781,2002,-22.460938,25000000.000
44782,2015,-16.113281,25000000.000
44783,2015,-16.113281,25000000.000
44784,2040,-3.906250,25000000.000
44785,2054,2.929688,25000000.000
44786,2068,9.765625,25000000.000
44787,2069,10.253906,25000000.000
44788,2093,21.972656,25000000.000
44789,2103,26.855469,25000000.000
44790,2112,31.250000,25000000.000
44791,2113,31.738281,25000000.000
44792,2124,37.109375,25000000.000
44793,2128,39.062500,25000000.000
44794,2129,39.550781,25000000.000
44795,2128,39.062500,25000000.000
44796,2127,38.574219,25000000.000
44797,2122,36.132812,25000000.000
44798,2118,34.179688,25000000.000
44799,2116,33.203125,25000000.000
44800,2102,26.367188,25000000.000
44801,2093,21.972656,25000000.000
44802,2082,16.601562,25000000.000
44803,2082,16.601562,25000000.000
44804,2057,4.394531,25000000.000
44805,2045,-1.464844,25000000.000
44806,2031,-8.300781,25000000.000
44807,2030,-8.789062,25000000.000
44808,2006,-20.507812,25000000.000
44809,1994,-26.367188,25000000.000
44810,1985,-30.761719,25000000.000
44811,1984,-31.250000,25000000.000
44812,1969,-38.574219,25000000.000
44813,1964,-41.015625,25000000.000
44814,1961,-42.480469,25000000.000
44815,1961,-42.480469,25000000.000
44816,1962,-41.992188,25000000.000
44817,1964,-41.015625,25000000.000
44818,1969,-38.574219,25000000.000
44819,1969,-38.574219,25000000.000
44820,1984,-31.250000,25000000.000
44821,1993,-26.855469,25000000.000
44822,2004,-21.484375,25000000.000
44823,2005,-20.996094,25000000.000
44824,2030,-8.789062,25000000.000
44825,2043,-2.441406,25000000.000
44826,2056,3.906250,25000000.000
44827,2058,4.882812,25000000.000
44828,2083,17.089844,25000000.000
44829,2094,22.460938,25000000.000
44830,2105,27.832031,25000000.000
44831,2104,27.343750,25000000.000
44832,2120,35.156250,25000000.000
44833,2126,38.085938,25000000.000
44834,2129,39.550781,25000000.000
44835,2129,39.550781,25000000.000
44836,2130,40.039062,25000000.000
44837,2127,38.574219,25000000.000
44838,2124,37.109375,25000000.000
44839,2123,36.621094,25000000.000
44840,2111,30.761719,25000000.000
44841,2102,26.367188,25000000.000
44842,2092,21.484375,25000000.000
44843,2091,20.996094,25000000.000
44844,2069,10.253906,25000000.000
44845,2056,3.906250,25000000.000
44846,2043,-2.441406,25000000.000
44847,2041,-3.417969,25000000.000
44848,2016,-15.625000,25000000.000
44849,2002,-22.460938,25000000.000
44850,1995,-25.878906,25000000.000
44851,1992,-27.343750,25000000.000
44852,1977,-34.667969,25000000.000
44853,1970,-38.085938,25000000.000
44854,1964,-41.015625,25000000.000
44855,1963,-41.503906,25000000.000
44856,1961,-42.480469,25000000.000
44857,1962,-41.992188,25000000.000
44858,1965,-40.527344,25000000.000
44859,1965,-40.527344,25000000.000
44860,1975,-35.644531,25000000.000
44861,1984,-31.250000,25000000.000
44862,1994,-26.367188,25000000.000
44863,1996,-25.390625,25000000.000
44864,2018,-14.648438,25000000.000
44865,2031,-8.300781,25000000.000
44866,2044,-1.953125,25000000.000
44867,2046,-0.976562,25000000.000
44868,2072,11.718750,25000000.000
44869,2085,18.066406,25000000.000
44870,2095,22.949219,25000000.000
44871,2098,24.414062,25000000.000
44872,2115,32.714844,25000000.000
44873,2122,36.132812,25000000.000
44874,2126,38.085938,25000000.000
44875,2127,38.574219,25000000.000
44876,2129,39.550781,25000000.000
44877,2129,39.550781,25000000.000
44878,2126,38.085938,25000000.000
44879,2126,38.085938,25000000.000
44880,2116,33.203125,25000000.000
44881,2110,30.273438,25000000.000
44882,2101,25.878906,25000000.000
44883,2100,25.390625,25000000.000
44884,2080,15.625000,25000000.000
44885,2068,9.765625,25000000.000
44886,2055,3.417969,25000000.000
44887,2053,2.441406,25000000.000
44888,2028,-9.765625,25000000.000
44889,2015,-16.113281,25000000.000
44890,2003,-21.972656,25000000.000
44891,2002,-22.460938,25000000.000
44892,1982,-32.226562,25000000.000
44893,1975,-35.644531,25000000.000
44894,1968,-39.062500,25000000.000
44895,1968,-39.062500,25000000.000
44896,1961,-42.480469,25000000.000
44897,1961,-42.480469,25000000.000
44898,1962,-41.992188,25000000.000
44899,1963,-41.503906,25000000.000
44900,1971,-37.597656,25000000.000
44901,1979,-33.691406,25000000.000
44902,1987,-29.785156,25000000.000
44903,1988,-29.296875,25000000.000
44904,2007,-20.019531,25000000.000
44905,2020,-13.671875,25000000.000
44906,2033,-7.324219,25000000.000
44907,2034,-6.835938,25000000.000
44908,2060,5.859375,25000000.000
44909,2074,12.695312,25000000.000
44910,2087,19.042969,25000000.000
44911,2087,19.042969,25000000.000
44912,2107,28.808594,25000000.000
44913,2117,33.691406,25000000.000
44914,2123,36.621094,25000000.000
44915,2123,36.621094,25000000.000
44916,2128,39.062500,25000000.000
44917,2131,40.527344,25000000.000
44918,2130,40.039062,25000000.000
44919,2129,39.550781,25000000.000
44920,2122,36.132812,25000000.000
44921,2115,32.714844,25000000.000
44922,2108,29.296875,25000000.000
44923,2108,29.296875,25000000.000
44924,2089,20.019531,25000000.000
44925,2077,14.160156,25000000.000
44926,2064,7.812500,25000000.000
44927,2063,7.324219,25000000.000
44928,2038,-4.882812,25000000.000
44929,2024,-11.718750,25000000.000
44930,2011,-18.066406,25000000.000
44931,2011,-18.066406,25000000.000
44932,1990,-28.320312,25000000.000
44933,1980,-33.203125,25000000.000
44934,1973,-36.621094,25000000.000
44935,1972,-37.109375,25000000.000
44936,1963,-41.503906,25000000.000
44937,1961,-42.480469,25000000.000
44938,1961,-42.480469,25000000.000
44939,1961,-42.480469,25000000.000
44940,1965,-40.527344,25000000.000
44941,1972,-37.109375,25000000.000
44942,1979,-33.691406,25000000.000
44943,1979,-33.691406,25000000.000
44944,1997,-24.902344,25000000.000
44945,2008,-19.531250,25000000.000
44946,2021,-13.183594,25000000.000
44947,2023,-12.207031,25000000.000
44948,2049,0.488281,25000000.000
44949,2062,6.835938,25000000.000
44950,2075,13.183594,25000000.000
44951,2077,14.160156,25000000.000
44952,2099,24.902344,25000000.000
44953,2109,29.785156,25000000.000
44954,2117,33.691406,25000000.000
44955,2117,33.691406,25000000.000
44956,2127,38.574219,25000000.000
44957,2128,39.062500,25000000.000
44958,2128,39.062500,25000000.000
44959,2128,39.062500,25000000.000
44960,2124,37.109375,25000000.000
44961,2118,34.179688,25000000.000
44962,2114,32.226562,25000000.000
44963,2112,31.250000,25000000.000
44964,2097,23.925781,25000000.000
44965,2086,18.554688,25000000.000
44966,2075,13.183594,25000000.000
44967,2073,12.207031,25000000.000
44968,2050,0.976562,25000000.000
44969,2036,-5.859375,25000000.000
44970,2023,-12.207031,25000000.000
44971,2022,-12.695312,25000000.000
44972,1998,-24.414062,25000000.000
44973,1987,-29.785156,25000000.000
44974,1979,-33.691406,25000000.000
44975,1978,-34.179688,25000000.000
44976,1967,-39.550781,25000000.000
44977,1963,-41.503906,25000000.000
44978,1961,-42.480469,25000000.000
44979,1960,-42.968750,25000000.000
44980,1963,-41.503906,25000000.000
44981,1966,-40.039062,25000000.000
44982,1972,-37.109375,25000000.000
44983,1973,-36.621094,25000000.000
44984,1988,-29.296875,25000000.000
44985,2000,-23.437500,25000000.000
44986,2010,-18.554688,25000000.000
44987,2012,-17.578125,25000000.000
44988,2037,-5.371094,25000000.000
44989,2050,0.976562,25000000.000
44990,2063,7.324219,25000000.000
44991,2065,8.300781,25000000.000
44992,2088,19.531250,25000000.000
44993,2101,25.878906,25000000.000
44994,2110,30.273438,25000000.000
44995,2110,30.273438,25000000.000
44996,2124,37.109375,25000000.000
44997,2128,39.062500,25000000.000
44998,2130,40.039062,25000000.000
44999,2130,40.039062,25000000.000
45000,2128,39.062500,25000000.000
45001,2125,37.597656,25000000.000
45002,2120,35.156250,25000000.000
45003,2119,34.667969,25000000.000
45004,2104,27.343750,25000000.000
45005,2095,22.949219,25000000.000
45006,2084,17.578125,25000000.000
45007,2083,17.089844,25000000.000
45008,2060,5.859375,25000000.000
45009,2047,-0.488281,25000000.000
45010,2034,-6.835938,25000000.000
45011,2033,-7.324219,25000000.000
45012,2008,-19.531250,25000000.000
45013,1997,-24.902344,25000000.000
45014,1987,-29.785156,25000000.000
45015,1986,-30.273438,25000000.000
45016,1972,-37.109375,25000000.000
45017,1967,-39.550781,25000000.000
45018,1964,-41.015625,25000000.000
45019,1962,-41.992188,25000000.000
45020,1962,-41.992188,25000000.000
45021,1964,-41.015625,25000000.000
45022,1969,-38.574219,25000000.000
45023,1968,-39.062500,25000000.000
45024,1981,-32.714844,25000000.000
45025,1990,-28.320312,25000000.000
45026,2001,-22.949219,25000000.000
45027,2002,-22.460938,25000000.000
45028,2027,-10.253906,25000000.000
45029,2041,-3.417969,25000000.000
45030,2054,2.929688,25000000.000
45031,2055,3.417969,25000000.000
45032,2080,15.625000,25000000.000
45033,2092,21.484375,25000000.000
45034,2103,26.855469,25000000.000
45035,2104,27.343750,25000000.000
45036,2119,34.667969,25000000.000
45037,2125,37.597656,25000000.000
45038,2129,39.550781,25000000.000
45039,2129,39.550781,25000000.000
45040,2129,39.550781,25000000.000
45041,2125,37.597656,25000000.000
45042,2123,36.621094,25000000.000
45043,2123,36.621094,25000000.000
45044,2113,31.738281,25000000.000
45045,2104,27.343750,25000000.000
45046,2095,22.949219,25000000.000
45047,2093,21.972656,25000000.000
45048,2072,11.718750,25000000.000
45049,2060,5.859375,25000000.000
45050,2047,-0.488281,25000000.000
45051,2044,-1.953125,25000000.000
45052,2020,-13.671875,25000000.000
45053,2008,-19.531250,25000000.000
45054,1996,-25.390625,25000000.000
45055,1995,-25.878906,25000000.000
45056,1977,-34.667969,25000000.000
45057,1970,-38.085938,25000000.000
45058,1965,-40.527344,25000000.000
45059,1964,-41.015625,25000000.000
45060,1961,-42.480469,25000000.000
45061,1962,-41.992188,25000000.000
45062,1964,-41.015625,25000000.000
45063,1964,-41.015625,25000000.000
45064,1975,-35.644531,25000000.000
45065,1982,-32.226562,25000000.000
45066,1992,-27.343750,25000000.000
45067,1994,-26.367188,25000000.000
45068,2015,-16.113281,25000000.000
45069,2028,-9.765625,25000000.000
45070,2041,-3.417969,25000000.000
45071,2042,-2.929688,25000000.000
45072,2068,9.765625,25000000.000
45073,2082,16.601562,25000000.000
45074,2094,22.460938,25000000.000
45075,2095,22.949219,25000000.000
45076,2114,32.226562,25000000.000
45077,2120,35.156250,25000000.000
45078,2126,38.085938,25000000.000
45079,2127,38.574219,25000000.000
45080,2130,40.039062,25000000.000
45081,2130,40.039062,25000000.000
45082,2127,38.574219,25000000.000
45083,2129,39.550781,25000000.000
45084,2119,34.667969,25000000.000
45085,2110,30.273438,25000000.000
45086,2103,26.855469,25000000.000
45087,2101,25.878906,25000000.000
45088,2081,16.113281,25000000.000
45089,2070,10.742188,25000000.000
45090,2057,4.394531,25000000.000
45091,2055,3.417969,25000000.000
45092,2029,-9.277344,25000000.000
45093,2017,-15.136719,25000000.000
45094,2004,-21.484375,25000000.000
45095,2004,-21.484375,25000000.000
45096,1985,-30.761719,25000000.000
45097,1976,-35.156250,25000000.000
45098,1970,-38.085938,25000000.000
45099,1969,-38.574219,25000000.000
45100,1962,-41.992188,25000000.000
45101,1961,-42.480469,25000000.000
45102,1963,-41.503906,25000000.000
45103,1962,-41.992188,25000000.000
45104,1969,-38.574219,25000000.000
45105,1977,-34.667969,25000000.000
45106,1985,-30.761719,25000000.000
45107,1986,-30.273438,25000000.000
45108,2004,-21.484375,25000000.000
45109,2018,-14.648438,25000000.000
45110,2031,-8.300781,25000000.000
45111,2032,-7.812500,25000000.000
45112,2058,4.882812,25000000.000
45113,2072,11.718750,25000000.000
45114,2083,17.089844,25000000.000
45115,2085,18.066406,25000000.000
45116,2107,28.808594,25000000.000
45117,2115,32.714844,25000000.000
45118,2121,35.644531,25000000.000
45119,2122,36.132812,25000000.000
45120,2127,38.574219,25000000.000
45121,2130,40.039062,25000000.000
45122,2128,39.062500,25000000.000
45123,2129,39.550781,25000000.000
45124,2121,35.644531,25000000.000
45125,2116,33.203125,25000000.000
45126,2109,29.785156,25000000.000
45127,2108,29.296875,25000000.000
45128,2091,20.996094,25000000.000
45129,2080,15.625000,25000000.000
45130,2068,9.765625,25000000.000
45131,2066,8.789062,25000000.000
45132,2042,-2.929688,25000000.000
45133,2028,-9.765625,25000000.000
45134,2015,-16.113281,25000000.000
45135,2014,-16.601562,25000000.000
45136,1992,-27.343750,25000000.000
45137,1983,-31.738281,25000000.000
45138,1974,-36.132812,25000000.000
45139,1973,-36.621094,25000000.000
45140,1963,-41.503906,25000000.000
45141,1961,-42.480469,25000000.000
45142,1959,-43.457031,25000000.000
45143,1961,-42.480469,25000000.000
45144,1965,-40.527344,25000000.000
45145,1970,-38.085938,25000000.000
45146,1977,-34.667969,25000000.000
45147,1977,-34.667969,25000000.000
45148,1995,-25.878906,25000000.000
45149,2007,-20.019531,25000000.000
45150,2019,-14.160156,25000000.000
45151,2020,-13.671875,25000000.000
45152,2045,-1.464844,25000000.000
45153,2058,4.882812,25000000.000
45154,2072,11.718750,25000000.000
45155,2072,11.718750,25000000.000
45156,2096,23.437500,25000000.000
45157,2107,28.808594,25000000.000
45158,2115,32.714844,25000000.000
45159,2115,32.714844,25000000.000
45160,2127,38.574219,25000000.000
45161,2128,39.062500,25000000.000
45162,2130,40.039062,25000000.000
45163,2130,40.039062,25000000.000
45164,2125,37.597656,25000000.000
45165,2121,35.644531,25000000.000
45166,2115,32.714844,25000000.000
45167,2115,32.714844,25000000.000
45168,2099,24.902344,25000000.000
45169,2089,20.019531,25000000.000
45170,2077,14.160156,25000000.000
45171,2076,13.671875,25000000.000
45172,2052,1.953125,25000000.000
45173,2038,-4.882812,25000000.000
45174,2027,-10.253906,25000000.000
45175,2024,-11.718750,25000000.000
45176,2001,-22.949219,25000000.000
45177,1990,-28.320312,25000000.000
45178,1981,-32.714844,25000000.000
45179,1981,-32.714844,25000000.000
45180,1968,-39.062500,25000000.000
45181,1964,-41.015625,25000000.000
45182,1962,-41.992188,25000000.000
45183,1962,-41.992188,25000000.000
45184,1962,-41.992188,25000000.000
45185,1966,-40.039062,25000000.000
45186,1971,-37.597656,25000000.000
45187,1971,-37.597656,25000000.000
45188,1986,-30.273438,25000000.000
45189,1996,-25.390625,25000000.000
45190,2009,-19.042969,25000000.000
45191,2010,-18.554688,25000000.000
45192,2032,-7.812500,25000000.000
45193,2047,-0.488281,25000000.000
45194,2061,6.347656,25000000.000
45195,2062,6.835938,25000000.000
45196,2086,18.554688,25000000.000
45197,2098,24.414062,25000000.000
45198,2107,28.808594,25000000.000
45199,2109,29.785156,25000000.000
45200,2122,36.132812,25000000.000
45201,2125,37.597656,25000000.000
45202,2129,39.550781,25000000.000
45203,2129,39.550781,25000000.000
45204,2127,38.574219,25000000.000
45205,2124,37.109375,25000000.000
45206,2120,35.156250,25000000.000
45207,2120,35.156250,25000000.000
45208,2107,28.808594,25000000.000
45209,2098,24.414062,25000000.000
45210,2088,19.531250,25000000.000
45211,2087,19.042969,25000000.000
45212,2064,7.812500,25000000.000
45213,2051,1.464844,25000000.000
45214,2038,-4.882812,25000000.000
45215,2036,-5.859375,25000000.000
45216,2012,-17.578125,25000000.000
45217,2000,-23.437500,25000000.000
45218,1990,-28.320312,25000000.000
45219,1988,-29.296875,25000000.000
45220,1973,-36.621094,25000000.000
45221,1967,-39.550781,25000000.000
45222,1963,-41.503906,25000000.000
45223,1963,-41.503906,25000000.000
45224,1961,-42.480469,25000000.000
45225,1962,-41.992188,25000000.000
45226,1967,-39.550781,25000000.000
45227,1968,-39.062500,25000000.000
45228,1980,-33.203125,25000000.000
45229,1988,-29.296875,25000000.000
45230,1998,-24.414062,25000000.000
45231,1999,-23.925781,25000000.000
45232,2023,-12.207031,25000000.000
45233,2036,-5.859375,25000000.000
45234,2050,0.976562,25000000.000
45235,2051,1.464844,25000000.000
45236,2077,14.160156,25000000.000
45237,2089,20.019531,25000000.000
45238,2100,25.390625,25000000.000
45239,2101,25.878906,25000000.000
45240,2118,34.179688,25000000.000
45241,2125,37.597656,25000000.000
45242,2128,39.062500,25000000.000
45243,2129,39.550781,25000000.000
45244,2130,40.039062,25000000.000
45245,2128,39.062500,25000000.000
45246,2126,38.085938,25000000.000
45247,2124,37.109375,25000000.000
45248,2115,32.714844,25000000.000
45249,2107,28.808594,25000000.000
45250,2097,23.925781,25000000.000
45251,2096,23.437500,25000000.000
45252,2074,12.695312,25000000.000
45253,2061,6.347656,25000000.000
45254,2048,0.000000,25000000.000
45255,2048,0.000000,25000000.000
45256,2023,-12.207031,25000000.000
45257,2009,-19.042969,25000000.000
45258,1999,-23.925781,25000000.000
45259,1997,-24.902344,25000000.000
45260,1978,-34.179688,25000000.000
45261,1972,-37.109375,25000000.000
45262,1966,-40.039062,25000000.000
45263,1966,-40.039062,25000000.000
45264,1960,-42.968750,25000000.000
45265,1962,-41.992188,25000000.000
45266,1963,-41.503906,25000000.000
45267,1964,-41.015625,25000000.000
45268,1974,-36.132812,25000000.000
45269,1982,-32.226562,25000000.000
45270,1990,-28.320312,25000000.000
45271,1992,-27.343750,25000000.000
45272,2012,-17.578125,25000000.000
45273,2026,-10.742188,25000000.000
45274,2040,-3.906250,25000000.000
45275,2040,-3.906250,25000000.000
45276,2066,8.789062,25000000.000
45277,2080,15.625000,25000000.000
45278,2091,20.996094,25000000.000
45279,2093,21.972656,25000000.000
45280,2111,30.761719,25000000.000
45281,2119,34.667969,25000000.000
45282,2124,37.109375,25000000.000
45283,2125,37.597656,25000000.000
45284,2130,40.039062,25000000.000
45285,2130,40.039062,25000000.000
45286,2128,39.062500,25000000.000
45287,2128,39.062500,25000000.000
45288,2119,34.667969,25000000.000
45289,2112,31.250000,25000000.000
45290,2105,27.832031,25000000.000
45291,2103,26.855469,25000000.000
45292,2085,18.066406,25000000.000
45293,2074,12.695312,25000000.000
45294,2060,5.859375,25000000.000
45295,2058,4.882812,25000000.000
45296,2034,-6.835938,25000000.000
45297,2022,-12.695312,25000000.000
45298,2007,-20.019531,25000000.000
45299,2007,-20.019531,25000000.000
45300,1987,-29.785156,25000000.000
45301,1977,-34.667969,25000000.000
45302,1971,-37.597656,25000000.000
45303,1970,-38.085938,25000000.000
45304,1963,-41.503906,25000000.000
45305,1961,-42.480469,25000000.000
45306,1962,-41.992188,25000000.000
45307,1962,-41.992188,25000000.000
45308,1968,-39.062500,25000000.000
45309,1974,-36.132812,25000000.000
45310,1982,-32.226562,25000000.000
45311,1983,-31.738281,25000000.000
45312,2002,-22.460938,25000000.000
45313,2015,-16.113281,25000000.000
45314,2026,-10.742188,25000000.000
45315,2028,-9.765625,25000000.000
45316,2053,2.441406,25000000.000
45317,2067,9.277344,25000000.000
45318,2080,15.625000,25000000.000
45319,2081,16.113281,25000000.000
45320,2102,26.367188,25000000.000
45321,2112,31.250000,25000000.000
45322,2119,34.667969,25000000.000
45323,2119,34.667969,25000000.000
45324,2128,39.062500,25000000.000
45325,2129,39.550781,25000000.000
45326,2130,40.039062,25000000.000
45327,2129,39.550781,25000000.000
45328,2124,37.109375,25000000.000
45329,2117,33.691406,25000000.000
45330,2112,31.250000,25000000.000
45331,2111,30.761719,25000000.000
45332,2093,21.972656,25000000.000
45333,2082,16.601562,25000000.000
45334,2070,10.742188,25000000.000
45335,2069,10.253906,25000000.000
45336,2045,-1.464844,25000000.000
45337,2031,-8.300781,25000000.000
45338,2018,-14.648438,25000000.000
45339,2016,-15.625000,25000000.000
45340,1995,-25.878906,25000000.000
45341,1986,-30.273438,25000000.000
45342,1977,-34.667969,25000000.000
45343,1977,-34.667969,25000000.000
45344,1965,-40.527344,25000000.000
45345,1963,-41.503906,25000000.000
45346,1961,-42.480469,25000000.000
45347,1962,-41.992188,25000000.000
45348,1964,-41.015625,25000000.000
45349,1969,-38.574219,25000000.000
45350,1975,-35.644531,25000000.000
45351,1975,-35.644531,25000000.000
45352,1992,-27.343750,25000000.000
45353,2003,-21.972656,25000000.000
45354,2015,-16.113281,25000000.000
45355,2016,-15.625000,25000000.000
45356,2042,-2.929688,25000000.000
45357,2056,3.906250,25000000.000
45358,2069,10.253906,25000000.000
45359,2071,11.230469,25000000.000
45360,2093,21.972656,25000000.000
45361,2105,27.832031,25000000.000
45362,2113,31.738281,25000000.000
45363,2114,32.226562,25000000.000
45364,2125,37.597656,25000000.000
45365,2128,39.062500,25000000.000
45366,2129,39.550781,25000000.000
45367,2129,39.550781,25000000.000
45368,2127,38.574219,25000000.000
45369,2123,36.621094,25000000.000
45370,2117,33.691406,25000000.000
45371,2117,33.691406,25000000.000
45372,2102,26.367188,25000000.000
45373,2092,21.484375,25000000.000
45374,2081,16.113281,25000000.000
45375,2080,15.625000,25000000.000
45376,2057,4.394531,25000000.000
45377,2043,-2.441406,25000000.000
45378,2030,-8.789062,25000000.000
45379,2028,-9.765625,25000000.000
45380,2005,-20.996094,25000000.000
45381,1993,-26.855469,25000000.000
45382,1984,-31.250000,25000000.000
45383,1982,-32.226562,25000000.000
45384,1969,-38.574219,25000000.000
45385,1963,-41.503906,25000000.000
45386,1961,-42.480469,25000000.000
45387,1961,-42.480469,25000000.000
45388,1961,-42.480469,25000000.000
45389,1966,-40.039062,25000000.000
45390,1970,-38.085938,25000000.000
45391,1969,-38.574219,25000000.000
45392,1985,-30.761719,25000000.000
45393,1994,-26.367188,25000000.000
45394,2006,-20.507812,25000000.000
45395,2007,-20.019531,25000000.000
45396,2031,-8.300781,25000000.000
45397,2045,-1.464844,25000000.000
45398,2058,4.882812,25000000.000
45399,2060,5.859375,25000000.000
45400,2084,17.578125,25000000.000
45401,2096,23.437500,25000000.000
45402,2106,28.320312,25000000.000
45403,2107,28.808594,25000000.000
45404,2122,36.132812,25000000.000
45405,2127,38.574219,25000000.000
45406,2130,40.039062,25000000.000
45407,2130,40.039062,25000000.000
45408,2130,40.039062,25000000.000
45409,2127,38.574219,25000000.000
45410,2122,36.132812,25000000.000
45411,2122,36.132812,25000000.000
45412,2110,30.273438,25000000.000
45413,2102,26.367188,25000000.000
45414,2092,21.484375,25000000.000
45415,2090,20.507812,25000000.000
45416,2067,9.277344,25000000.000
45417,2055,3.417969,25000000.000
45418,2041,-3.417969,25000000.000
45419,2039,-4.394531,25000000.000
45420,2015,-16.113281,25000000.000
45421,2003,-21.972656,25000000.000
45422,1992,-27.343750,25000000.000
45423,1991,-27.832031,25000000.000
45424,1975,-35.644531,25000000.000
45425,1969,-38.574219,25000000.000
45426,1963,-41.503906,25000000.000
45427,1964,-41.015625,25000000.000
45428,1962,-41.992188,25000000.000
45429,1962,-41.992188,25000000.000
45430,1964,-41.015625,25000000.000
45431,1967,-39.550781,25000000.000
45432,1977,-34.667969,25000000.000
45433,1985,-30.761719,25000000.000
45434,1996,-25.390625,25000000.000
45435,1996,-25.390625,25000000.000
45436,2021,-13.183594,25000000.000
45437,2033,-7.324219,25000000.000
45438,2047,-0.488281,25000000.000
45439,2049,0.488281,25000000.000
45440,2074,12.695312,25000000.000
45441,2086,18.554688,25000000.000
45442,2097,23.925781,25000000.000
45443,2098,24.414062,25000000.000
45444,2116,33.203125,25000000.000
45445,2123,36.621094,25000000.000
45446,2127,38.574219,25000000.000
45447,2127,38.574219,25000000.000
45448,2130,40.039062,25000000.000
45449,2128,39.062500,25000000.000
45450,2125,37.597656,25000000.000
45451,2126,38.085938,25000000.000
45452,2115,32.714844,25000000.000
45453,2108,29.296875,25000000.000
45454,2099,24.902344,25000000.000
45455,2098,24.414062,25000000.000
45456,2078,14.648438,25000000.000
45457,2067,9.277344,25000000.000
45458,2054,2.929688,25000000.000
45459,2051,1.464844,25000000.000
45460,2026,-10.742188,25000000.000
45461,2013,-17.089844,25000000.000
45462,2001,-22.949219,25000000.000
45463,2000,-23.437500,25000000.000
45464,1980,-33.203125,25000000.000
45465,1973,-36.621094,25000000.000
45466,1967,-39.550781,25000000.000
45467,1967,-39.550781,25000000.000
45468,1961,-42.480469,25000000.000
45469,1961,-42.480469,25000000.000
45470,1963,-41.503906,25000000.000
45471,1963,-41.503906,25000000.000
45472,1971,-37.597656,25000000.000
45473,1978,-34.179688,25000000.000
45474,1987,-29.785156,25000000.000
45475,1988,-29.296875,25000000.000
45476,2010,-18.554688,25000000.000
45477,2020,-13.671875,25000000.000
45478,2035,-6.347656,25000000.000
45479,2036,-5.859375,25000000.000
45480,2061,6.347656,25000000.000
45481,2075,13.183594,25000000.000
45482,2088,19.531250,25000000.000
45483,2089,20.019531,25000000.000
45484,2109,29.785156,25000000.000
45485,2117,33.691406,25000000.000
45486,2123,36.621094,25000000.000
45487,2124,37.109375,25000000.000
45488,2130,40.039062,25000000.000
45489,2131,40.527344,25000000.000
45490,2129,39.550781,25000000.000
45491,2129,39.550781,25000000.000
45492,2121,35.644531,25000000.000
45493,2115,32.714844,25000000.000
45494,2108,29.296875,25000000.000
45495,2106,28.320312,25000000.000
45496,2087,19.042969,25000000.000
45497,2076,13.671875,25000000.000
45498,2063,7.324219,25000000.000
45499,2061,6.347656,25000000.000
45500,2035,-6.347656,25000000.000
45501,2023,-12.207031,25000000.000
45502,2010,-18.554688,25000000.000
45503,2008,-19.531250,25000000.000
45504,1988,-29.296875,25000000.000
45505,1979,-33.691406,25000000.000
45506,1973,-36.621094,25000000.000
45507,1971,-37.597656,25000000.000
45508,1963,-41.503906,25000000.000
45509,1961,-42.480469,25000000.000
45510,1961,-42.480469,25000000.000
45511,1961,-42.480469,25000000.000
45512,1967,-39.550781,25000000.000
45513,1972,-37.109375,25000000.000
45514,1979,-33.691406,25000000.000
45515,1980,-33.203125,25000000.000
45516,1998,-24.414062,25000000.000
45517,2010,-18.554688,25000000.000
45518,2023,-12.207031,25000000.000
45519,2025,-11.230469,25000000.000
45520,2050,0.976562,25000000.000
45521,2064,7.812500,25000000.000
45522,2077,14.160156,25000000.000
45523,2078,14.648438,25000000.000
45524,2100,25.390625,25000000.000
45525,2109,29.785156,25000000.000
45526,2118,34.179688,25000000.000
45527,2118,34.179688,25000000.000
45528,2128,39.062500,25000000.000
45529,2129,39.550781,25000000.000
45530,2129,39.550781,25000000.000
45531,2129,39.550781,25000000.000
45532,2124,37.109375,25000000.000
45533,2119,34.667969,25000000.000
45534,2112,31.250000,25000000.000
45535,2112,31.250000,25000000.000
45536,2095,22.949219,25000000.000
45537,2085,18.066406,25000000.000
45538,2074,12.695312,25000000.000
45539,2073,12.207031,25000000.000
45540,2049,0.488281,25000000.000
45541,2036,-5.859375,25000000.000
45542,2022,-12.695312,25000000.000
45543,2021,-13.183594,25000000.000
45544,1997,-24.902344,25000000.000
45545,1988,-29.296875,25000000.000
45546,1979,-33.691406,25000000.000
45547,1978,-34.179688,25000000.000
45548,1966,-40.039062,25000000.000
45549,1961,-42.480469,25000000.000
45550,1960,-42.968750,25000000.000
45551,1959,-43.457031,25000000.000
45552,1963,-41.503906,25000000.000
45553,1968,-39.062500,25000000.000
45554,1973,-36.621094,25000000.000
45555,1974,-36.132812,25000000.000
45556,1990,-28.320312,25000000.000
45557,1999,-23.925781,25000000.000
45558,2013,-17.089844,25000000.000
45559,2013,-17.089844,25000000.000
45560,2038,-4.882812,25000000.000
45561,2051,1.464844,25000000.000
45562,2064,7.812500,25000000.000
45563,2066,8.789062,25000000.000
45564,2091,20.996094,25000000.000
45565,2101,25.878906,25000000.000
45566,2111,30.761719,25000000.000
45567,2111,30.761719,25000000.000
45568,2123,36.621094,25000000.000
45569,2129,39.550781,25000000.000
45570,2131,40.527344,25000000.000
45571,2130,40.039062,25000000.000
45572,2128,39.062500,25000000.000
45573,2125,37.597656,25000000.000
45574,2119,34.667969,25000000.000
45575,2118,34.179688,25000000.000
45576,2104,27.343750,25000000.000
45577,2096,23.437500,25000000.000
45578,2084,17.578125,25000000.000
45579,2083,17.089844,25000000.000
45580,2059,5.371094,25000000.000
45581,2046,-0.976562,25000000.000
45582,2033,-7.324219,25000000.000
45583,2031,-8.300781,25000000.000
45584,2007,-20.019531,25000000.000
45585,1996,-25.390625,25000000.000
45586,1987,-29.785156,25000000.000
45587,1985,-30.761719,25000000.000
45588,1972,-37.109375,25000000.000
45589,1966,-40.039062,25000000.000
45590,1962,-41.992188,25000000.000
45591,1962,-41.992188,25000000.000
45592,1961,-42.480469,25000000.000
45593,1963,-41.503906,25000000.000
45594,1967,-39.550781,25000000.000
45595,1968,-39.062500,25000000.000
45596,1981,-32.714844,25000000.000
45597,1991,-27.832031,25000000.000
45598,2002,-22.460938,25000000.000
45599,2004,-21.484375,25000000.000
45600,2028,-9.765625,25000000.000
45601,2041,-3.417969,25000000.000
45602,2056,3.906250,25000000.000
45603,2056,3.906250,25000000.000
45604,2081,16.113281,25000000.000
45605,2094,22.460938,25000000.000
45606,2105,27.832031,25000000.000
45607,2106,28.320312,25000000.000
45608,2121,35.644531,25000000.000
45609,2126,38.085938,25000000.000
45610,2129,39.550781,25000000.000
45611,2130,40.039062,25000000.000
45612,2130,40.039062,25000000.000
45613,2127,38.574219,25000000.000
45614,2125,37.597656,25000000.000
45615,2123,36.621094,25000000.000
45616,2111,30.761719,25000000.000
45617,2103,26.855469,25000000.000
45618,2094,22.460938,25000000.000
45619,2093,21.972656,25000000.000
45620,2072,11.718750,25000000.000
45621,2058,4.882812,25000000.000
45622,2045,-1.464844,25000000.000
45623,2044,-1.953125,25000000.000
45624,2018,-14.648438,25000000.000
45625,2006,-20.507812,25000000.000
45626,1994,-26.367188,25000000.000
45627,1995,-25.878906,25000000.000
45628,1976,-35.156250,25000000.000
45629,1969,-38.574219,25000000.000
45630,1965,-40.527344,25000000.000
45631,1964,-41.015625,25000000.000
45632,1961,-42.480469,25000000.000
45633,1961,-42.480469,25000000.000
45634,1965,-40.527344,25000000.000
45635,1965,-40.527344,25000000.000
45636,1975,-35.644531,25000000.000
45637,1984,-31.250000,25000000.000
45638,1994,-26.367188,25000000.000
45639,1995,-25.878906,25000000.000
45640,2017,-15.136719,25000000.000
45641,2030,-8.789062,25000000.000
45642,2044,-1.953125,25000000.000
45643,2044,-1.953125,25000000.000
45644,2071,11.230469,25000000.000
45645,2083,17.089844,25000000.000
45646,2095,22.949219,25000000.000
45647,2096,23.437500,25000000.000
45648,2115,32.714844,25000000.000
45649,2121,35.644531,25000000.000
45650,2127,38.574219,25000000.000
45651,2127,38.574219,25000000.000
45652,2131,40.527344,25000000.000
45653,2131,40.527344,25000000.000
45654,2128,39.062500,25000000.000
45655,2127,38.574219,25000000.000
45656,2119,34.667969,25000000.000
45657,2111,30.761719,25000000.000
45658,2102,26.367188,25000000.000
45659,2101,25.878906,25000000.000
45660,2080,15.625000,25000000.000
45661,2068,9.765625,25000000.000
45662,2056,3.906250,25000000.000
45663,2054,2.929688,25000000.000
45664,2028,-9.765625,25000000.000
45665,2015,-16.113281,25000000.000
45666,2004,-21.484375,25000000.000
45667,2002,-22.460938,25000000.000
45668,1983,-31.738281,25000000.000
45669,1976,-35.156250,25000000.000
45670,1969,-38.574219,25000000.000
45671,1968,-39.062500,25000000.000
45672,1962,-41.992188,25000000.000
45673,1961,-42.480469,25000000.000
45674,1963,-41.503906,25000000.000
45675,1962,-41.992188,25000000.000
45676,1970,-38.085938,25000000.000
45677,1977,-34.667969,25000000.000
45678,1986,-30.273438,25000000.000
45679,1986,-30.273438,25000000.000
45680,2006,-20.507812,25000000.000
45681,2019,-14.160156,25000000.000
45682,2032,-7.812500,25000000.000
45683,2034,-6.835938,25000000.000
45684,2058,4.882812,25000000.000
45685,2071,11.230469,25000000.000
45686,2086,18.554688,25000000.000
45687,2087,19.042969,25000000.000
45688,2106,28.320312,25000000.000
45689,2115,32.714844,25000000.000
45690,2122,36.132812,25000000.000
45691,2122,36.132812,25000000.000
45692,2128,39.062500,25000000.000
45693,2128,39.062500,25000000.000
45694,2128,39.062500,25000000.000
45695,2127,38.574219,25000000.000
45696,2121,35.644531,25000000.000
45697,2116,33.203125,25000000.000
45698,2108,29.296875,25000000.000
45699,2107,28.808594,25000000.000
45700,2088,19.531250,25000000.000
45701,2077,14.160156,25000000.000
45702,2067,9.277344,25000000.000
45703,2064,7.812500,25000000.000
45704,2040,-3.906250,25000000.000
45705,2027,-10.253906,25000000.000
45706,2014,-16.601562,25000000.000
45707,2012,-17.578125,25000000.000
45708,1991,-27.832031,25000000.000
45709,1981,-32.714844,25000000.000
45710,1974,-36.132812,25000000.000
45711,1973,-36.621094,25000000.000
45712,1963,-41.503906,25000000.000
45713,1961,-42.480469,25000000.000
45714,1960,-42.968750,25000000.000
45715,1960,-42.968750,25000000.000
45716,1965,-40.527344,25000000.000
45717,1970,-38.085938,25000000.000
45718,1978,-34.179688,25000000.000
45719,1978,-34.179688,25000000.000
45720,1996,-25.390625,25000000.000
45721,2006,-20.507812,25000000.000
45722,2021,-13.183594,25000000.000
45723,2019,-14.160156,25000000.000
45724,2047,-0.488281,25000000.000
45725,2060,5.859375,25000000.000
45726,2074,12.695312,25000000.000
45727,2075,13.183594,25000000.000
45728,2097,23.925781,25000000.000
45729,2107,28.808594,25000000.000
45730,2116,33.203125,25000000.000
45731,2115,32.714844,25000000.000
45732,2127,38.574219,25000000.000
45733,2130,40.039062,25000000.000
45734,2130,40.039062,25000000.000
45735,2129,39.550781,25000000.000
45736,2125,37.597656,25000000.000
45737,2119,34.667969,25000000.000
45738,2114,32.226562,25000000.000
45739,2115,32.714844,25000000.000
45740,2099,24.902344,25000000.000
45741,2088,19.531250,25000000.000
45742,2077,14.160156,25000000.000
45743,2075,13.183594,25000000.000
45744,2052,1.953125,25000000.000
45745,2037,-5.371094,25000000.000
45746,2024,-11.718750,25000000.000
45747,2022,-12.695312,25000000.000
45748,1999,-23.925781,25000000.000
45749,1989,-28.808594,25000000.000
45750,1981,-32.714844,25000000.000
45751,1980,-33.203125,25000000.000
45752,1968,-39.062500,25000000.000
45753,1965,-40.527344,25000000.000
45754,1961,-42.480469,25000000.000
45755,1961,-42.480469,25000000.000
45756,1962,-41.992188,25000000.000
45757,1966,-40.039062,25000000.000
45758,1970,-38.085938,25000000.000
45759,1972,-37.109375,25000000.000
45760,1986,-30.273438,25000000.000
45761,1997,-24.902344,25000000.000
45762,2010,-18.554688,25000000.000
45763,2011,-18.066406,25000000.000
45764,2035,-6.347656,25000000.000
45765,2049,0.488281,25000000.000
45766,2063,7.324219,25000000.000
45767,2064,7.812500,25000000.000
45768,2089,20.019531,25000000.000
45769,2099,24.902344,25000000.000
45770,2110,30.273438,25000000.000
45771,2110,30.273438,25000000.000
45772,2123,36.621094,25000000.000
45773,2127,38.574219,25000000.000
45774,2130,40.039062,25000000.000
45775,2129,39.550781,25000000.000
45776,2127,38.574219,25000000.000
45777,2125,37.597656,25000000.000
45778,2120,35.156250,25000000.000
45779,2120,35.156250,25000000.000
45780,2106,28.320312,25000000.000
45781,2097,23.925781,25000000.000
45782,2086,18.554688,25000000.000
45783,2085,18.066406,25000000.000
45784,2064,7.812500,25000000.000
45785,2050,0.976562,25000000.000
45786,2037,-5.371094,25000000.000
45787,2036,-5.859375,25000000.000
45788,2009,-19.042969,25000000.000
45789,1998,-24.414062,25000000.000
45790,1988,-29.296875,25000000.000
45791,1987,-29.785156,25000000.000
45792,1972,-37.109375,25000000.000
45793,1967,-39.550781,25000000.000
45794,1963,-41.503906,25000000.000
45795,1962,-41.992188,25000000.000
45796,1962,-41.992188,25000000.000
45797,1964,-41.015625,25000000.000
45798,1968,-39.062500,25000000.000
45799,1968,-39.062500,25000000.000
45800,1980,-33.203125,25000000.000
45801,1991,-27.832031,25000000.000
45802,2000,-23.437500,25000000.000
45803,2001,-22.949219,25000000.000
45804,2025,-11.230469,25000000.000
45805,2037,-5.371094,25000000.000
45806,2052,1.953125,25000000.000
45807,2052,1.953125,25000000.000
45808,2078,14.648438,25000000.000
45809,2090,20.507812,25000000.000
45810,2101,25.878906,25000000.000
45811,2101,25.878906,25000000.000
45812,2118,34.179688,25000000.000
45813,2124,37.109375,25000000.000
45814,2129,39.550781,25000000.000
45815,2129,39.550781,25000000.000
45816,2130,40.039062,25000000.000
45817,2129,39.550781,25000000.000
45818,2126,38.085938,25000000.000
45819,2124,37.109375,25000000.000
45820,2114,32.226562,25000000.000
45821,2106,28.320312,25000000.000
45822,2096,23.437500,25000000.000
45823,2095,22.949219,25000000.000
45824,2073,12.207031,25000000.000
45825,2060,5.859375,25000000.000
45826,2047,-0.488281,25000000.000
45827,2047,-0.488281,25000000.000
45828,2022,-12.695312,25000000.000
45829,2008,-19.531250,25000000.000
45830,1998,-24.414062,25000000.000
45831,1996,-25.390625,25000000.000
45832,1977,-34.667969,25000000.000
45833,1972,-37.109375,25000000.000
45834,1967,-39.550781,25000000.000
45835,1966,-40.039062,25000000.000
45836,1961,-42.480469,25000000.000
45837,1962,-41.992188,25000000.000
45838,1964,-41.015625,25000000.000
45839,1963,-41.503906,25000000.000
45840,1974,-36.132812,25000000.000
45841,1982,-32.226562,25000000.000
45842,1991,-27.832031,25000000.000
45843,1992,-27.343750,25000000.000
45844,2014,-16.601562,25000000.000
45845,2026,-10.742188,25000000.000
45846,2040,-3.906250,25000000.000
45847,2041,-3.417969,25000000.000
45848,2067,9.277344,25000000.000
45849,2080,15.625000,25000000.000
45850,2093,21.972656,25000000.000
45851,2094,22.460938,25000000.000
45852,2112,31.250000,25000000.000
45853,2120,35.156250,25000000.000
45854,2125,37.597656,25000000.000
45855,2125,37.597656,25000000.000
45856,2129,39.550781,25000000.000
45857,2129,39.550781,25000000.000
45858,2127,38.574219,25000000.000
45859,2126,38.085938,25000000.000
45860,2118,34.179688,25000000.000
45861,2111,30.761719,25000000.000
45862,2104,27.343750,25000000.000
45863,2102,26.367188,25000000.000
45864,2084,17.578125,25000000.000
45865,2072,11.718750,25000000.000
45866,2058,4.882812,25000000.000
45867,2058,4.882812,25000000.000
45868,2033,-7.324219,25000000.000
45869,2020,-13.671875,25000000.000
45870,2006,-20.507812,25000000.000
45871,2006,-20.507812,25000000.000
45872,1985,-30.761719,25000000.000
45873,1977,-34.667969,25000000.000
45874,1969,-38.574219,25000000.000
45875,1969,-38.574219,25000000.000
45876,1962,-41.992188,25000000.000
45877,1961,-42.480469,25000000.000
45878,1962,-41.992188,25000000.000
45879,1962,-41.992188,25000000.000
45880,1969,-38.574219,25000000.000
45881,1974,-36.132812,25000000.000
45882,1983,-31.738281,25000000.000
45883,1983,-31.738281,25000000.000
45884,2003,-21.972656,25000000.000
45885,2015,-16.113281,25000000.000
45886,2027,-10.253906,25000000.000
45887,2029,-9.277344,25000000.000
45888,2055,3.417969,25000000.000
45889,2069,10.253906,25000000.000
45890,2081,16.113281,25000000.000
45891,2082,16.601562,25000000.000
45892,2104,27.343750,25000000.000
45893,2112,31.250000,25000000.000
45894,2119,34.667969,25000000.000
45895,2120,35.156250,25000000.000
45896,2128,39.062500,25000000.000
45897,2130,40.039062,25000000.000
45898,2130,40.039062,25000000.000
45899,2129,39.550781,25000000.000
45900,2124,37.109375,25000000.000
45901,2118,34.179688,25000000.000
45902,2111,30.761719,25000000.000
45903,2111,30.761719,25000000.000
45904,2093,21.972656,25000000.000
45905,2082,16.601562,25000000.000
45906,2070,10.742188,25000000.000
45907,2068,9.765625,25000000.000
45908,2044,-1.953125,25000000.000
45909,2029,-9.277344,25000000.000
45910,2016,-15.625000,25000000.000
45911,2015,-16.113281,25000000.000
45912,1993,-26.855469,25000000.000
45913,1984,-31.250000,25000000.000
45914,1975,-35.644531,25000000.000
45915,1974,-36.132812,25000000.000
45916,1965,-40.527344,25000000.000
45917,1962,-41.992188,25000000.000
45918,1960,-42.968750,25000000.000
45919,1960,-42.968750,25000000.000
45920,1964,-41.015625,25000000.000
45921,1969,-38.574219,25000000.000
45922,1975,-35.644531,25000000.000
45923,1977,-34.667969,25000000.000
45924,1994,-26.367188,25000000.000
45925,2005,-20.996094,25000000.000
45926,2015,-16.113281,25000000.000
45927,2020,-13.671875,25000000.000
45928,2045,-1.464844,25000000.000
45929,2058,4.882812,25000000.000
45930,2071,11.230469,25000000.000
45931,2072,11.718750,25000000.000
45932,2095,22.949219,25000000.000
45933,2106,28.320312,25000000.000
45934,2115,32.714844,25000000.000
45935,2115,32.714844,25000000.000
45936,2126,38.085938,25000000.000
45937,2130,40.039062,25000000.000
45938,2130,40.039062,25000000.000
45939,2130,40.039062,25000000.000
45940,2127,38.574219,25000000.000
45941,2122,36.132812,25000000.000
45942,2116,33.203125,25000000.000
45943,2116,33.203125,25000000.000
45944,2101,25.878906,25000000.000
45945,2091,20.996094,25000000.000
45946,2079,15.136719,25000000.000
45947,2078,14.648438,25000000.000
45948,2054,2.929688,25000000.000
45949,2041,-3.417969,25000000.000
45950,2028,-9.765625,25000000.000
45951,2026,-10.742188,25000000.000
45952,2003,-21.972656,25000000.000
45953,1991,-27.832031,25000000.000
45954,1982,-32.226562,25000000.000
45955,1980,-33.203125,25000000.000
45956,1968,-39.062500,25000000.000
45957,1964,-41.015625,25000000.000
45958,1961,-42.480469,25000000.000
45959,1961,-42.480469,25000000.000
45960,1962,-41.992188,25000000.000
45961,1964,-41.015625,25000000.000
45962,1970,-38.085938,25000000.000
45963,1972,-37.109375,25000000.000
45964,1986,-30.273438,25000000.000
45965,1996,-25.390625,25000000.000
45966,2008,-19.531250,25000000.000
45967,2009,-19.042969,25000000.000
45968,2032,-7.812500,25000000.000
45969,2045,-1.464844,25000000.000
45970,2059,5.371094,25000000.000
45971,2061,6.347656,25000000.000
45972,2085,18.066406,25000000.000
45973,2097,23.925781,25000000.000
45974,2107,28.808594,25000000.000
45975,2107,28.808594,25000000.000
45976,2122,36.132812,25000000.000
45977,2127,38.574219,25000000.000
45978,2130,40.039062,25000000.000
45979,2129,39.550781,25000000.000
45980,2130,40.039062,25000000.000
45981,2127,38.574219,25000000.000
45982,2124,37.109375,25000000.000
45983,2121,35.644531,25000000.000
45984,2109,29.785156,25000000.000
45985,2100,25.390625,25000000.000
45986,2089,20.019531,25000000.000
45987,2087,19.042969,25000000.000
45988,2065,8.300781,25000000.000
45989,2052,1.953125,25000000.000
45990,2039,-4.394531,25000000.000
45991,2037,-5.371094,25000000.000
45992,2012,-17.578125,25000000.000
45993,2002,-22.460938,25000000.000
45994,1990,-28.320312,25000000.000
45995,1990,-28.320312,25000000.000
45996,1974,-36.132812,25000000.000
45997,1968,-39.062500,25000000.000
45998,1964,-41.015625,25000000.000
45999,1965,-40.527344,25000000.000
46000,1962,-41.992188,25000000.000
46001,1964,-41.015625,25000000.000
46002,1967,-39.550781,25000000.000
46003,1967,-39.550781,25000000.000
46004,1979,-33.691406,25000000.000
46005,1987,-29.785156,25000000.000
46006,1998,-24.414062,25000000.000
46007,1998,-24.414062,25000000.000
46008,2022,-12.695312,25000000.000
46009,2035,-6.347656,25000000.000
46010,2049,0.488281,25000000.000
46011,2050,0.976562,25000000.000
46012,2075,13.183594,25000000.000
46013,2087,19.042969,25000000.000
46014,2099,24.902344,25000000.000
46015,2100,25.390625,25000000.000
46016,2117,33.691406,25000000.000
46017,2124,37.109375,25000000.000
46018,2127,38.574219,25000000.000
46019,2128,39.062500,25000000.000
46020,2129,39.550781,25000000.000
46021,2129,39.550781,25000000.000
46022,2125,37.597656,25000000.000
46023,2124,37.109375,25000000.000
46024,2115,32.714844,25000000.000
46025,2107,28.808594,25000000.000
46026,2098,24.414062,25000000.000
46027,2097,23.925781,25000000.000
46028,2077,14.160156,25000000.000
46029,2065,8.300781,25000000.000
46030,2052,1.953125,25000000.000
46031,2051,1.464844,25000000.000
46032,2025,-11.230469,25000000.000
46033,2013,-17.089844,25000000.000
46034,1999,-23.925781,25000000.000
46035,1999,-23.925781,25000000.000
46036,1979,-33.691406,25000000.000
46037,1974,-36.132812,25000000.000
46038,1966,-40.039062,25000000.000
46039,1966,-40.039062,25000000.000
46040,1962,-41.992188,25000000.000
46041,1961,-42.480469,25000000.000
46042,1963,-41.503906,25000000.000
46043,1964,-41.015625,25000000.000
46044,1972,-37.109375,25000000.000
46045,1980,-33.203125,25000000.000
46046,1988,-29.296875,25000000.000
46047,1990,-28.320312,25000000.000
46048,2011,-18.066406,25000000.000
46049,2023,-12.207031,25000000.000
46050,2036,-5.859375,25000000.000
46051,2038,-4.882812,25000000.000
46052,2063,7.324219,25000000.000
46053,2076,13.671875,25000000.000
46054,2089,20.019531,25000000.000
46055,2090,20.507812,25000000.000
46056,2109,29.785156,25000000.000
46057,2118,34.179688,25000000.000
46058,2123,36.621094,25000000.000
46059,2123,36.621094,25000000.000
46060,2130,40.039062,25000000.000
46061,2130,40.039062,25000000.000
46062,2128,39.062500,25000000.000
46063,2128,39.062500,25000000.000
46064,2122,36.132812,25000000.000
46065,2110,30.273438,25000000.000
46066,2107,28.808594,25000000.000
46067,2105,27.832031,25000000.000
46068,2087,19.042969,25000000.000
46069,2072,11.718750,25000000.000
46070,2060,5.859375,25000000.000
46071,2059,5.371094,25000000.000
46072,2036,-5.859375,25000000.000
46073,2021,-13.183594,25000000.000
46074,2008,-19.531250,25000000.000
46075,2007,-20.019531,25000000.000
46076,1987,-29.785156,25000000.000
46077,1979,-33.691406,25000000.000
46078,1971,-37.597656,25000000.000
46079,1970,-38.085938,25000000.000
46080,1962,-41.992188,25000000.000
46081,1961,-42.480469,25000000.000
46082,1960,-42.968750,25000000.000
46083,1960,-42.968750,25000000.000
46084,1971,-37.597656,25000000.000
46085,1974,-36.132812,25000000.000
46086,1978,-34.179688,25000000.000
46087,1983,-31.738281,25000000.000
46088,2000,-23.437500,25000000.000
46089,2012,-17.578125,25000000.000
46090,2024,-11.718750,25000000.000
46091,2026,-10.742188,25000000.000
46092,2052,1.953125,25000000.000
46093,2066,8.789062,25000000.000
46094,2077,14.160156,25000000.000
46095,2080,15.625000,25000000.000
46096,2102,26.367188,25000000.000
46097,2110,30.273438,25000000.000
46098,2119,34.667969,25000000.000
46099,2119,34.667969,25000000.000
46100,2127,38.574219,25000000.000
46101,2129,39.550781,25000000.000
46102,2128,39.062500,25000000.000
46103,2127,38.574219,25000000.000
46104,2123,36.621094,25000000.000
46105,2117,33.691406,25000000.000
46106,2111,30.761719,25000000.000
46107,2110,30.273438,25000000.000
46108,2094,22.460938,25000000.000
46109,2084,17.578125,25000000.000
46110,2072,11.718750,25000000.000
46111,2070,10.742188,25000000.000
46112,2046,-0.976562,25000000.000
46113,2034,-6.835938,25000000.000
46114,2020,-13.671875,25000000.000
46115,2018,-14.648438,25000000.000
46116,1996,-25.390625,25000000.000
46117,1986,-30.273438,25000000.000
46118,1977,-34.667969,25000000.000
46119,1976,-35.156250,25000000.000
46120,1964,-41.015625,25000000.000
46121,1961,-42.480469,25000000.000
46122,1959,-43.457031,25000000.000
46123,1960,-42.968750,25000000.000
46124,1963,-41.503906,25000000.000
46125,1967,-39.550781,25000000.000
46126,1975,-35.644531,25000000.000
46127,1974,-36.132812,25000000.000
46128,1992,-27.343750,25000000.000
46129,2001,-22.949219,25000000.000
46130,2013,-17.089844,25000000.000
46131,2015,-16.113281,25000000.000
46132,2040,-3.906250,25000000.000
46133,2055,3.417969,25000000.000
46134,2067,9.277344,25000000.000
46135,2067,9.277344,25000000.000
46136,2091,20.996094,25000000.000
46137,2102,26.367188,25000000.000
46138,2113,31.738281,25000000.000
46139,2113,31.738281,25000000.000
46140,2124,37.109375,25000000.000
46141,2129,39.550781,25000000.000
46142,2130,40.039062,25000000.000
46143,2129,39.550781,25000000.000
46144,2128,39.062500,25000000.000
46145,2124,37.109375,25000000.000
46146,2119,34.667969,25000000.000
46147,2119,34.667969,25000000.000
46148,2104,27.343750,25000000.000
46149,2093,21.972656,25000000.000
46150,2082,16.601562,25000000.000
46151,2082,16.601562,25000000.000
46152,2058,4.882812,25000000.000
46153,2044,-1.953125,25000000.000
46154,2031,-8.300781,25000000.000
46155,2029,-9.277344,25000000.000
46156,2006,-20.507812,25000000.000
46157,1994,-26.367188,25000000.000
46158,1985,-30.761719,25000000.000
46159,1983,-31.738281,25000000.000
46160,1969,-38.574219,25000000.000
46161,1966,-40.039062,25000000.000
46162,1962,-41.992188,25000000.000
46163,1962,-41.992188,25000000.000
46164,1961,-42.480469,25000000.000
46165,1965,-40.527344,25000000.000
46166,1970,-38.085938,25000000.000
46167,1970,-38.085938,25000000.000
46168,1983,-31.738281,25000000.000
46169,1993,-26.855469,25000000.000
46170,2004,-21.484375,25000000.000
46171,2006,-20.507812,25000000.000
46172,2029,-9.277344,25000000.000
46173,2043,-2.441406,25000000.000
46174,2057,4.394531,25000000.000
46175,2058,4.882812,25000000.000
46176,2083,17.089844,25000000.000
46177,2095,22.949219,25000000.000
46178,2105,27.832031,25000000.000
46179,2107,28.808594,25000000.000
46180,2121,35.644531,25000000.000
46181,2125,37.597656,25000000.000
46182,2129,39.550781,25000000.000
46183,2129,39.550781,25000000.000
46184,2129,39.550781,25000000.000
46185,2127,38.574219,25000000.000
46186,2123,36.621094,25000000.000
46187,2122,36.132812,25000000.000
46188,2111,30.761719,25000000.000
46189,2102,26.367188,25000000.000
46190,2092,21.484375,25000000.000
46191,2091,20.996094,25000000.000
46192,2070,10.742188,25000000.000
46193,2056,3.906250,25000000.000
46194,2042,-2.929688,25000000.000
46195,2042,-2.929688,25000000.000
46196,2016,-15.625000,25000000.000
46197,2005,-20.996094,25000000.000
46198,1994,-26.367188,25000000.000
46199,1991,-27.832031,25000000.000
46200,1975,-35.644531,25000000.000
46201,1969,-38.574219,25000000.000
46202,1963,-41.503906,25000000.000
46203,1965,-40.527344,25000000.000
46204,1960,-42.968750,25000000.000
46205,1962,-41.992188,25000000.000
46206,1965,-40.527344,25000000.000
46207,1966,-40.039062,25000000.000
46208,1977,-34.667969,25000000.000
46209,1985,-30.761719,25000000.000
46210,1994,-26.367188,25000000.000
46211,1996,-25.390625,25000000.000
46212,2018,-14.648438,25000000.000
46213,2030,-8.789062,25000000.000
46214,2045,-1.464844,25000000.000
46215,2045,-1.464844,25000000.000
46216,2071,11.230469,25000000.000
46217,2083,17.089844,25000000.000
46218,2096,23.437500,25000000.000
46219,2096,23.437500,25000000.000
46220,2114,32.226562,25000000.000
46221,2121,35.644531,25000000.000
46222,2126,38.085938,25000000.000
46223,2127,38.574219,25000000.000
46224,2130,40.039062,25000000.000
46225,2130,40.039062,25000000.000
46226,2127,38.574219,25000000.000
46227,2127,38.574219,25000000.000
46228,2117,33.691406,25000000.000
46229,2109,29.785156,25000000.000
46230,2102,26.367188,25000000.000
46231,2101,25.878906,25000000.000
46232,2080,15.625000,25000000.000
46233,2067,9.277344,25000000.000
46234,2054,2.929688,25000000.000
46235,2053,2.441406,25000000.000
46236,2027,-10.253906,25000000.000
46237,2015,-16.113281,25000000.000
46238,2002,-22.460938,25000000.000
46239,2001,-22.949219,25000000.000
46240,1983,-31.738281,25000000.000
46241,1975,-35.644531,25000000.000
46242,1970,-38.085938,25000000.000
46243,1968,-39.062500,25000000.000
46244,1963,-41.503906,25000000.000
46245,1962,-41.992188,25000000.000
46246,1963,-41.503906,25000000.000
46247,1964,-41.015625,25000000.000
46248,1971,-37.597656,25000000.000
46249,1977,-34.667969,25000000.000
46250,1985,-30.761719,25000000.000
46251,1987,-29.785156,25000000.000
46252,2008,-19.531250,25000000.000
46253,2020,-13.671875,25000000.000
46254,2033,-7.324219,25000000.000
46255,2033,-7.324219,25000000.000
46256,2061,6.347656,25000000.000
46257,2073,12.207031,25000000.000
46258,2086,18.554688,25000000.000
46259,2087,19.042969,25000000.000
46260,2107,28.808594,25000000.000
46261,2115,32.714844,25000000.000
46262,2121,35.644531,25000000.000
46263,2123,36.621094,25000000.000
46264,2128,39.062500,25000000.000
46265,2129,39.550781,25000000.000
46266,2128,39.062500,25000000.000
46267,2128,39.062500,25000000.000
46268,2121,35.644531,25000000.000
46269,2114,32.226562,25000000.000
46270,2106,28.320312,25000000.000
46271,2106,28.320312,25000000.000
46272,2089,20.019531,25000000.000
46273,2078,14.648438,25000000.000
46274,2065,8.300781,25000000.000
46275,2064,7.812500,25000000.000
46276,2039,-4.394531,25000000.000
46277,2025,-11.230469,25000000.000
46278,2013,-17.089844,25000000.000
46279,2009,-19.042969,25000000.000
46280,1989,-28.808594,25000000.000
46281,1979,-33.691406,25000000.000
46282,1972,-37.109375,25000000.000
46283,1972,-37.109375,25000000.000
46284,1963,-41.503906,25000000.000
46285,1961,-42.480469,25000000.000
46286,1960,-42.968750,25000000.000
46287,1960,-42.968750,25000000.000
46288,1965,-40.527344,25000000.000
46289,1970,-38.085938,25000000.000
46290,1979,-33.691406,25000000.000
46291,1980,-33.203125,25000000.000
46292,1997,-24.902344,25000000.000
46293,2007,-20.019531,25000000.000
46294,2020,-13.671875,25000000.000
46295,2023,-12.207031,25000000.000
46296,2048,0.000000,25000000.000
46297,2061,6.347656,25000000.000
46298,2075,13.183594,25000000.000
46299,2077,14.160156,25000000.000
46300,2099,24.902344,25000000.000
46301,2109,29.785156,25000000.000
46302,2116,33.203125,25000000.000
46303,2117,33.691406,25000000.000
46304,2127,38.574219,25000000.000
46305,2129,39.550781,25000000.000
46306,2129,39.550781,25000000.000
46307,2130,40.039062,25000000.000
46308,2126,38.085938,25000000.000
46309,2121,35.644531,25000000.000
46310,2115,32.714844,25000000.000
46311,2113,31.738281,25000000.000
46312,2097,23.925781,25000000.000
46313,2086,18.554688,25000000.000
46314,2075,13.183594,25000000.000
46315,2074,12.695312,25000000.000
46316,2049,0.488281,25000000.000
46317,2035,-6.347656,25000000.000
46318,2022,-12.695312,25000000.000
46319,2021,-13.183594,25000000.000
46320,1999,-23.925781,25000000.000
46321,1988,-29.296875,25000000.000
46322,1979,-33.691406,25000000.000
46323,1979,-33.691406,25000000.000
46324,1967,-39.550781,25000000.000
46325,1963,-41.503906,25000000.000
46326,1960,-42.968750,25000000.000
46327,1961,-42.480469,25000000.000
46328,1964,-41.015625,25000000.000
46329,1966,-40.039062,25000000.000
46330,1972,-37.109375,25000000.000
46331,1972,-37.109375,25000000.000
46332,1988,-29.296875,25000000.000
46333,1999,-23.925781,25000000.000
46334,2011,-18.066406,25000000.000
46335,2012,-17.578125,25000000.000
46336,2036,-5.859375,25000000.000
46337,2050,0.976562,25000000.000
46338,2064,7.812500,25000000.000
46339,2065,8.300781,25000000.000
46340,2090,20.507812,25000000.000
46341,2101,25.878906,25000000.000
46342,2110,30.273438,25000000.000
46343,2111,30.761719,25000000.000
46344,2123,36.621094,25000000.000
46345,2127,38.574219,25000000.000
46346,2129,39.550781,25000000.000
46347,2129,39.550781,25000000.000
46348,2128,39.062500,25000000.000
46349,2124,37.109375,25000000.000
46350,2119,34.667969,25000000.000
46351,2118,34.179688,25000000.000
46352,2106,28.320312,25000000.000
46353,2096,23.437500,25000000.000
46354,2085,18.066406,25000000.000
46355,2084,17.578125,25000000.000
46356,2062,6.835938,25000000.000
46357,2048,0.000000,25000000.000
46358,2034,-6.835938,25000000.000
46359,2032,-7.812500,25000000.000
46360,2010,-18.554688,25000000.000
46361,1999,-23.925781,25000000.000
46362,1987,-29.785156,25000000.000
46363,1987,-29.785156,25000000.000
46364,1971,-37.597656,25000000.000
46365,1967,-39.550781,25000000.000
46366,1963,-41.503906,25000000.000
46367,1962,-41.992188,25000000.000
46368,1961,-42.480469,25000000.000
46369,1963,-41.503906,25000000.000
46370,1968,-39.062500,25000000.000
46371,1968,-39.062500,25000000.000
46372,1981,-32.714844,25000000.000
46373,1991,-27.832031,25000000.000
46374,2001,-22.949219,25000000.000
46375,2002,-22.460938,25000000.000
46376,2025,-11.230469,25000000.000
46377,2039,-4.394531,25000000.000
46378,2053,2.441406,25000000.000
46379,2054,2.929688,25000000.000
46380,2079,15.136719,25000000.000
46381,2091,20.996094,25000000.000
46382,2102,26.367188,25000000.000
46383,2103,26.855469,25000000.000
46384,2120,35.156250,25000000.000
46385,2125,37.597656,25000000.000
46386,2129,39.550781,25000000.000
46387,2129,39.550781,25000000.000
46388,2130,40.039062,25000000.000
46389,2129,39.550781,25000000.000
46390,2125,37.597656,25000000.000
46391,2125,37.597656,25000000.000
46392,2113,31.738281,25000000.000
46393,2105,27.832031,25000000.000
46394,2095,22.949219,25000000.000
46395,2093,21.972656,25000000.000
46396,2073,12.207031,25000000.000
46397,2059,5.371094,25000000.000
46398,2044,-1.953125,25000000.000
46399,2044,-1.953125,25000000.000
46400,2018,-14.648438,25000000.000
46401,2006,-20.507812,25000000.000
46402,1995,-25.878906,25000000.000
46403,1993,-26.855469,25000000.000
46404,1977,-34.667969,25000000.000
46405,1971,-37.597656,25000000.000
46406,1966,-40.039062,25000000.000
46407,1965,-40.527344,25000000.000
46408,1961,-42.480469,25000000.000
46409,1962,-41.992188,25000000.000
46410,1965,-40.527344,25000000.000
46411,1965,-40.527344,25000000.000
46412,1975,-35.644531,25000000.000
46413,1982,-32.226562,25000000.000
46414,1993,-26.855469,25000000.000
46415,1993,-26.855469,25000000.000
46416,2015,-16.113281,25000000.000
46417,2028,-9.765625,25000000.000
46418,2042,-2.929688,25000000.000
46419,2044,-1.953125,25000000.000
46420,2069,10.253906,25000000.000
46421,2082,16.601562,25000000.000
46422,2094,22.460938,25000000.000
46423,2095,22.949219,25000000.000
46424,2113,31.738281,25000000.000
46425,2121,35.644531,25000000.000
46426,2125,37.597656,25000000.000
46427,2127,38.574219,25000000.000
46428,2130,40.039062,25000000.000
46429,2129,39.550781,25000000.000
46430,2126,38.085938,25000000.000
46431,2126,38.085938,25000000.000
46432,2119,34.667969,25000000.000
46433,2112,31.250000,25000000.000
46434,2100,25.390625,25000000.000
46435,2102,26.367188,25000000.000
46436,2082,16.601562,25000000.000
46437,2071,11.230469,25000000.000
46438,2059,5.371094,25000000.000
46439,2056,3.906250,25000000.000
46440,2031,-8.300781,25000000.000
46441,2018,-14.648438,25000000.000
46442,2006,-20.507812,25000000.000
46443,2005,-20.996094,25000000.000
46444,1985,-30.761719,25000000.000
46445,1976,-35.156250,25000000.000
46446,1969,-38.574219,25000000.000
46447,1970,-38.085938,25000000.000
46448,1961,-42.480469,25000000.000
46449,1961,-42.480469,25000000.000
46450,1962,-41.992188,25000000.000
46451,1961,-42.480469,25000000.000
46452,1970,-38.085938,25000000.000
46453,1975,-35.644531,25000000.000
46454,1983,-31.738281,25000000.000
46455,1985,-30.761719,25000000.000
46456,2004,-21.484375,25000000.000
46457,2017,-15.136719,25000000.000
46458,2030,-8.789062,25000000.000
46459,2031,-8.300781,25000000.000
46460,2056,3.906250,25000000.000
46461,2069,10.253906,25000000.000
46462,2081,16.113281,25000000.000
46463,2084,17.578125,25000000.000
46464,2104,27.343750,25000000.000
46465,2113,31.738281,25000000.000
46466,2121,35.644531,25000000.000
46467,2121,35.644531,25000000.000
46468,2129,39.550781,25000000.000
46469,2130,40.039062,25000000.000
46470,2129,39.550781,25000000.000
46471,2130,40.039062,25000000.000
46472,2123,36.621094,25000000.000
46473,2116,33.203125,25000000.000
46474,2110,30.273438,25000000.000
46475,2110,30.273438,25000000.000
46476,2091,20.996094,25000000.000
46477,2081,16.113281,25000000.000
46478,2067,9.277344,25000000.000
46479,2065,8.300781,25000000.000
46480,2041,-3.417969,25000000.000
46481,2028,-9.765625,25000000.000
46482,2015,-16.113281,25000000.000
46483,2014,-16.601562,25000000.000
46484,1992,-27.343750,25000000.000
46485,1982,-32.226562,25000000.000
46486,1975,-35.644531,25000000.000
46487,1973,-36.621094,25000000.000
46488,1965,-40.527344,25000000.000
46489,1962,-41.992188,25000000.000
46490,1961,-42.480469,25000000.000
46491,1961,-42.480469,25000000.000
46492,1965,-40.527344,25000000.000
46493,1970,-38.085938,25000000.000
46494,1977,-34.667969,25000000.000
46495,1977,-34.667969,25000000.000
46496,1993,-26.855469,25000000.000
46497,2005,-20.996094,25000000.000
46498,2018,-14.648438,25000000.000
46499,2019,-14.160156,25000000.000
46500,2044,-1.953125,25000000.000
46501,2058,4.882812,25000000.000
46502,2073,12.207031,25000000.000
46503,2073,12.207031,25000000.000
46504,2096,23.437500,25000000.000
46505,2106,28.320312,25000000.000
46506,2115,32.714844,25000000.000
46507,2116,33.203125,25000000.000
46508,2126,38.085938,25000000.000
46509,2128,39.062500,25000000.000
46510,2129,39.550781,25000000.000
46511,2129,39.550781,25000000.000
46512,2125,37.597656,25000000.000
46513,2121,35.644531,25000000.000
46514,2115,32.714844,25000000.000
46515,2116,33.203125,25000000.000
46516,2099,24.902344,25000000.000
46517,2089,20.019531,25000000.000
46518,2079,15.136719,25000000.000
46519,2077,14.160156,25000000.000
46520,2054,2.929688,25000000.000
46521,2040,-3.906250,25000000.000
46522,2027,-10.253906,25000000.000
46523,2025,-11.230469,25000000.000
46524,2002,-22.460938,25000000.000
46525,1991,-27.832031,25000000.000
46526,1981,-32.714844,25000000.000
46527,1980,-33.203125,25000000.000
46528,1968,-39.062500,25000000.000
46529,1963,-41.503906,25000000.000
46530,1960,-42.968750,25000000.000
46531,1962,-41.992188,25000000.000
46532,1962,-41.992188,25000000.000
46533,1965,-40.527344,25000000.000
46534,1970,-38.085938,25000000.000
46535,1971,-37.597656,25000000.000
46536,1985,-30.761719,25000000.000
46537,1996,-25.390625,25000000.000
46538,2007,-20.019531,25000000.000
46539,2010,-18.554688,25000000.000
46540,2033,-7.324219,25000000.000
46541,2047,-0.488281,25000000.000
46542,2061,6.347656,25000000.000
46543,2062,6.835938,25000000.000
46544,2086,18.554688,25000000.000
46545,2097,23.925781,25000000.000
46546,2108,29.296875,25000000.000
46547,2108,29.296875,25000000.000
46548,2124,37.109375,25000000.000
46549,2127,38.574219,25000000.000
46550,2129,39.550781,25000000.000
46551,2130,40.039062,25000000.000
46552,2130,40.039062,25000000.000
46553,2127,38.574219,25000000.000
46554,2123,36.621094,25000000.000
46555,2121,35.644531,25000000.000
46556,2108,29.296875,25000000.000
46557,2100,25.390625,25000000.000
46558,2090,20.507812,25000000.000
46559,2088,19.531250,25000000.000
46560,2065,8.300781,25000000.000
46561,2051,1.464844,25000000.000
46562,2038,-4.882812,25000000.000
46563,2037,-5.371094,25000000.000
46564,2012,-17.578125,25000000.000
46565,2000,-23.437500,25000000.000
46566,1989,-28.808594,25000000.000
46567,1988,-29.296875,25000000.000
46568,1974,-36.132812,25000000.000
46569,1968,-39.062500,25000000.000
46570,1964,-41.015625,25000000.000
46571,1964,-41.015625,25000000.000
46572,1962,-41.992188,25000000.000
46573,1963,-41.503906,25000000.000
46574,1967,-39.550781,25000000.000
46575,1968,-39.062500,25000000.000
46576,1978,-34.179688,25000000.000
46577,1988,-29.296875,25000000.000
46578,1998,-24.414062,25000000.000
46579,1999,-23.925781,25000000.000
46580,2023,-12.207031,25000000.000
46581,2037,-5.371094,25000000.000
46582,2049,0.488281,25000000.000
46583,2052,1.953125,25000000.000
46584,2078,14.648438,25000000.000
46585,2089,20.019531,25000000.000
46586,2100,25.390625,25000000.000
46587,2101,25.878906,25000000.000
46588,2118,34.179688,25000000.000
46589,2124,37.109375,25000000.000
46590,2128,39.062500,25000000.000
46591,2128,39.062500,25000000.000
46592,2129,39.550781,25000000.000
46593,2128,39.062500,25000000.000
46594,2125,37.597656,25000000.000
46595,2125,37.597656,25000000.000
46596,2114,32.226562,25000000.000
46597,2106,28.320312,25000000.000
46598,2098,24.414062,25000000.000
46599,2095,22.949219,25000000.000
46600,2076,13.671875,25000000.000
46601,2063,7.324219,25000000.000
46602,2049,0.488281,25000000.000
46603,2048,0.000000,25000000.000
46604,2023,-12.207031,25000000.000
46605,2011,-18.066406,25000000.000
46606,1998,-24.414062,25000000.000
46607,1998,-24.414062,25000000.000
46608,1979,-33.691406,25000000.000
46609,1973,-36.621094,25000000.000
46610,1967,-39.550781,25000000.000
46611,1966,-40.039062,25000000.000
46612,1961,-42.480469,25000000.000
46613,1961,-42.480469,25000000.000
46614,1963,-41.503906,25000000.000
46615,1963,-41.503906,25000000.000
46616,1972,-37.109375,25000000.000
46617,1980,-33.203125,25000000.000
46618,1990,-28.320312,25000000.000
46619,1991,-27.832031,25000000.000
46620,2012,-17.578125,25000000.000
46621,2025,-11.230469,25000000.000
46622,2038,-4.882812,25000000.000
46623,2039,-4.394531,25000000.000
46624,2065,8.300781,25000000.000
46625,2077,14.160156,25000000.000
46626,2091,20.996094,25000000.000
46627,2090,20.507812,25000000.000
46628,2110,30.273438,25000000.000
46629,2117,33.691406,25000000.000
46630,2124,37.109375,25000000.000
46631,2125,37.597656,25000000.000
46632,2130,40.039062,25000000.000
46633,2130,40.039062,25000000.000
46634,2130,40.039062,25000000.000
46635,2127,38.574219,25000000.000
46636,2121,35.644531,25000000.000
46637,2114,32.226562,25000000.000
46638,2107,28.808594,25000000.000
46639,2105,27.832031,25000000.000
46640,2086,18.554688,25000000.000
46641,2073,12.207031,25000000.000
46642,2062,6.835938,25000000.000
46643,2060,5.859375,25000000.000
46644,2033,-7.324219,25000000.000
46645,2020,-13.671875,25000000.000
46646,2008,-19.531250,25000000.000
46647,2007,-20.019531,25000000.000
46648,1986,-30.273438,25000000.000
46649,1979,-33.691406,25000000.000
46650,1971,-37.597656,25000000.000
46651,1970,-38.085938,25000000.000
46652,1963,-41.503906,25000000.000
46653,1962,-41.992188,25000000.000
46654,1962,-41.992188,25000000.000
46655,1963,-41.503906,25000000.000
46656,1968,-39.062500,25000000.000
46657,1974,-36.132812,25000000.000
46658,1981,-32.714844,25000000.000
46659,1982,-32.226562,25000000.000
46660,2001,-22.949219,25000000.000
46661,2014,-16.601562,25000000.000
46662,2026,-10.742188,25000000.000
46663,2026,-10.742188,25000000.000
46664,2053,2.441406,25000000.000
46665,2068,9.765625,25000000.000
46666,2081,16.113281,25000000.000
46667,2080,15.625000,25000000.000
46668,2102,26.367188,25000000.000
46669,2112,31.250000,25000000.000
46670,2119,34.667969,25000000.000
46671,2120,35.156250,25000000.000
46672,2128,39.062500,25000000.000
46673,2129,39.550781,25000000.000
46674,2129,39.550781,25000000.000
46675,2128,39.062500,25000000.000
46676,2123,36.621094,25000000.000
46677,2117,33.691406,25000000.000
46678,2112,31.250000,25000000.000
46679,2110,30.273438,25000000.000
46680,2094,22.460938,25000000.000
46681,2082,16.601562,25000000.000
46682,2071,11.230469,25000000.000
46683,2070,10.742188,25000000.000
46684,2045,-1.464844,25000000.000
46685,2032,-7.812500,25000000.000
46686,2018,-14.648438,25000000.000
46687,2018,-14.648438,25000000.000
46688,1995,-25.878906,25000000.000
46689,1984,-31.250000,25000000.000
46690,1975,-35.644531,25000000.000
46691,1976,-35.156250,25000000.000
46692,1965,-40.527344,25000000.000
46693,1961,-42.480469,25000000.000
46694,1960,-42.968750,25000000.000
46695,1959,-43.457031,25000000.000
46696,1964,-41.015625,25000000.000
46697,1968,-39.062500,25000000.000
46698,1974,-36.132812,25000000.000
46699,1975,-35.644531,25000000.000
46700,1991,-27.832031,25000000.000
46701,2003,-21.972656,25000000.000
46702,2016,-15.625000,25000000.000
46703,2016,-15.625000,25000000.000
46704,2042,-2.929688,25000000.000
46705,2055,3.417969,25000000.000
46706,2068,9.765625,25000000.000
46707,2070,10.742188,25000000.000
46708,2093,21.972656,25000000.000
46709,2103,26.855469,25000000.000
46710,2112,31.250000,25000000.000
46711,2113,31.738281,25000000.000
46712,2124,37.109375,25000000.000
46713,2128,39.062500,25000000.000
46714,2130,40.039062,25000000.000
46715,2129,39.550781,25000000.000
46716,2127,38.574219,25000000.000
46717,2124,37.109375,25000000.000
46718,2118,34.179688,25000000.000
46719,2118,34.179688,25000000.000
46720,2102,26.367188,25000000.000
46721,2092,21.484375,25000000.000
46722,2081,16.113281,25000000.000
46723,2079,15.136719,25000000.000
46724,2055,3.417969,25000000.000
46725,2042,-2.929688,25000000.000
46726,2029,-9.277344,25000000.000
46727,2028,-9.765625,25000000.000
46728,2003,-21.972656,25000000.000
46729,1992,-27.343750,25000000.000
46730,1983,-31.738281,25000000.000
46731,1982,-32.226562,25000000.000
46732,1969,-38.574219,25000000.000
46733,1964,-41.015625,25000000.000
46734,1962,-41.992188,25000000.000
46735,1961,-42.480469,25000000.000
46736,1963,-41.503906,25000000.000
46737,1964,-41.015625,25000000.000
46738,1969,-38.574219,25000000.000
46739,1970,-38.085938,25000000.000
46740,1984,-31.250000,25000000.000
46741,1993,-26.855469,25000000.000
46742,2005,-20.996094,25000000.000
46743,2007,-20.019531,25000000.000
46744,2031,-8.300781,25000000.000
46745,2045,-1.464844,25000000.000
46746,2058,4.882812,25000000.000
46747,2059,5.371094,25000000.000
46748,2084,17.578125,25000000.000
46749,2096,23.437500,25000000.000
46750,2107,28.808594,25000000.000
46751,2108,29.296875,25000000.000
46752,2122,36.132812,25000000.000
46753,2126,38.085938,25000000.000
46754,2129,39.550781,25000000.000
46755,2129,39.550781,25000000.000
46756,2129,39.550781,25000000.000
46757,2127,38.574219,25000000.000
46758,2122,36.132812,25000000.000
46759,2122,36.132812,25000000.000
46760,2110,30.273438,25000000.000
46761,2101,25.878906,25000000.000
46762,2091,20.996094,25000000.000
46763,2090,20.507812,25000000.000
46764,2068,9.765625,25000000.000
46765,2055,3.417969,25000000.000
46766,2041,-3.417969,25000000.000
46767,2040,-3.906250,25000000.000
46768,2016,-15.625000,25000000.000
46769,2003,-21.972656,25000000.000
46770,1992,-27.343750,25000000.000
46771,1990,-28.320312,25000000.000
46772,1975,-35.644531,25000000.000
46773,1968,-39.062500,25000000.000
46774,1964,-41.015625,25000000.000
46775,1963,-41.503906,25000000.000
46776,1960,-42.968750,25000000.000
46777,1961,-42.480469,25000000.000
46778,1966,-40.039062,25000000.000
46779,1965,-40.527344,25000000.000
46780,1976,-35.156250,25000000.000
46781,1987,-29.785156,25000000.000
46782,1996,-25.390625,25000000.000
46783,1997,-24.902344,25000000.000
46784,2018,-14.648438,25000000.000
46785,2033,-7.324219,25000000.000
46786,2046,-0.976562,25000000.000
46787,2047,-0.488281,25000000.000
46788,2073,12.207031,25000000.000
46789,2084,17.578125,25000000.000
46790,2097,23.925781,25000000.000
46791,2098,24.414062,25000000.000
46792,2116,33.203125,25000000.000
46793,2123,36.621094,25000000.000
46794,2127,38.574219,25000000.000
46795,2127,38.574219,25000000.000
46796,2131,40.527344,25000000.000
46797,2131,40.527344,25000000.000
46798,2127,38.574219,25000000.000
46799,2126,38.085938,25000000.000
46800,2117,33.691406,25000000.000
46801,2109,29.785156,25000000.000
46802,2100,25.390625,25000000.000
46803,2099,24.902344,25000000.000
46804,2080,15.625000,25000000.000
46805,2066,8.789062,25000000.000
46806,2053,2.441406,25000000.000
46807,2052,1.953125,25000000.000
46808,2026,-10.742188,25000000.000
46809,2013,-17.089844,25000000.000
46810,2001,-22.949219,25000000.000
46811,1999,-23.925781,25000000.000
46812,1981,-32.714844,25000000.000
46813,1975,-35.644531,25000000.000
46814,1968,-39.062500,25000000.000
46815,1967,-39.550781,25000000.000
46816,1962,-41.992188,25000000.000
46817,1962,-41.992188,25000000.000
46818,1963,-41.503906,25000000.000
46819,1963,-41.503906,25000000.000
46820,1971,-37.597656,25000000.000
46821,1979,-33.691406,25000000.000
46822,1988,-29.296875,25000000.000
46823,1988,-29.296875,25000000.000
46824,2008,-19.531250,25000000.000
46825,2021,-13.183594,25000000.000
46826,2035,-6.347656,25000000.000
46827,2035,-6.347656,25000000.000
46828,2062,6.835938,25000000.000
46829,2076,13.671875,25000000.000
46830,2088,19.531250,25000000.000
46831,2090,20.507812,25000000.000
46832,2109,29.785156,25000000.000
46833,2118,34.179688,25000000.000
46834,2123,36.621094,25000000.000
46835,2124,37.109375,25000000.000
46836,2129,39.550781,25000000.000
46837,2130,40.039062,25000000.000
46838,2128,39.062500,25000000.000
46839,2128,39.062500,25000000.000
46840,2121,35.644531,25000000.000
46841,2115,32.714844,25000000.000
46842,2107,28.808594,25000000.000
46843,2107,28.808594,25000000.000
46844,2088,19.531250,25000000.000
46845,2076,13.671875,25000000.000
46846,2063,7.324219,25000000.000
46847,2062,6.835938,25000000.000
46848,2037,-5.371094,25000000.000
46849,2024,-11.718750,25000000.000
46850,2011,-18.066406,25000000.000
46851,2010,-18.554688,25000000.000
46852,1988,-29.296875,25000000.000
46853,1980,-33.203125,25000000.000
46854,1972,-37.109375,25000000.000
46855,1971,-37.597656,25000000.000
46856,1962,-41.992188,25000000.000
46857,1960,-42.968750,25000000.000
46858,1961,-42.480469,25000000.000
46859,1960,-42.968750,25000000.000
46860,1966,-40.039062,25000000.000
46861,1972,-37.109375,25000000.000
46862,1979,-33.691406,25000000.000
46863,1979,-33.691406,25000000.000
46864,1999,-23.925781,25000000.000
46865,2010,-18.554688,25000000.000
46866,2023,-12.207031,25000000.000
46867,2024,-11.718750,25000000.000
46868,2050,0.976562,25000000.000
46869,2063,7.324219,25000000.000
46870,2075,13.183594,25000000.000
46871,2078,14.648438,25000000.000
46872,2099,24.902344,25000000.000
46873,2109,29.785156,25000000.000
46874,2117,33.691406,25000000.000
46875,2117,33.691406,25000000.000
46876,2128,39.062500,25000000.000
46877,2129,39.550781,25000000.000
46878,2130,40.039062,25000000.000
46879,2129,39.550781,25000000.000
46880,2125,37.597656,25000000.000
46881,2121,35.644531,25000000.000
46882,2114,32.226562,25000000.000
46883,2114,32.226562,25000000.000
46884,2096,23.437500,25000000.000
46885,2087,19.042969,25000000.000
46886,2074,12.695312,25000000.000
46887,2073,12.207031,25000000.000
46888,2048,0.000000,25000000.000
46889,2035,-6.347656,25000000.000
46890,2019,-14.160156,25000000.000
46891,2020,-13.671875,25000000.000
46892,1996,-25.390625,25000000.000
46893,1986,-30.273438,25000000.000
46894,1978,-34.179688,25000000.000
46895,1977,-34.667969,25000000.000
46896,1965,-40.527344,25000000.000
46897,1963,-41.503906,25000000.000
46898,1962,-41.992188,25000000.000
46899,1960,-42.968750,25000000.000
46900,1963,-41.503906,25000000.000
46901,1966,-40.039062,25000000.000
46902,1973,-36.621094,25000000.000
46903,1973,-36.621094,25000000.000
46904,1990,-28.320312,25000000.000
46905,2000,-23.437500,25000000.000
46906,2012,-17.578125,25000000.000
46907,2013,-17.089844,25000000.000
46908,2038,-4.882812,25000000.000
46909,2052,1.953125,25000000.000
46910,2066,8.789062,25000000.000
46911,2068,9.765625,25000000.000
46912,2090,20.507812,25000000.000
46913,2101,25.878906,25000000.000
46914,2111,30.761719,25000000.000
46915,2112,31.250000,25000000.000
46916,2124,37.109375,25000000.000
46917,2128,39.062500,25000000.000
46918,2129,39.550781,25000000.000
46919,2130,40.039062,25000000.000
46920,2127,38.574219,25000000.000
46921,2123,36.621094,25000000.000
46922,2119,34.667969,25000000.000
46923,2118,34.179688,25000000.000
46924,2103,26.855469,25000000.000
46925,2094,22.460938,25000000.000
46926,2084,17.578125,25000000.000
46927,2084,17.578125,25000000.000
46928,2060,5.859375,25000000.000
46929,2047,-0.488281,25000000.000
46930,2033,-7.324219,25000000.000
46931,2032,-7.812500,25000000.000
46932,2007,-20.019531,25000000.000
46933,1997,-24.902344,25000000.000
46934,1985,-30.761719,25000000.000
46935,1986,-30.273438,25000000.000
46936,1970,-38.085938,25000000.000
46937,1966,-40.039062,25000000.000
46938,1962,-41.992188,25000000.000
46939,1961,-42.480469,25000000.000
46940,1962,-41.992188,25000000.000
46941,1964,-41.015625,25000000.000
46942,1969,-38.574219,25000000.000
46943,1968,-39.062500,25000000.000
46944,1982,-32.226562,25000000.000
46945,1992,-27.343750,25000000.000
46946,2003,-21.972656,25000000.000
46947,2003,-21.972656,25000000.000
46948,2027,-10.253906,25000000.000
46949,2041,-3.417969,25000000.000
46950,2054,2.929688,25000000.000
46951,2056,3.906250,25000000.000
46952,2081,16.113281,25000000.000
46953,2093,21.972656,25000000.000
46954,2103,26.855469,25000000.000
46955,2104,27.343750,25000000.000
46956,2120,35.156250,25000000.000
46957,2126,38.085938,25000000.000
46958,2129,39.550781,25000000.000
46959,2129,39.550781,25000000.000
46960,2131,40.527344,25000000.000
46961,2129,39.550781,25000000.000
46962,2125,37.597656,25000000.000
46963,2124,37.109375,25000000.000
46964,2113,31.738281,25000000.000
46965,2105,27.832031,25000000.000
46966,2094,22.460938,25000000.000
46967,2094,22.460938,25000000.000
46968,2072,11.718750,25000000.000
46969,2058,4.882812,25000000.000
46970,2045,-1.464844,25000000.000
46971,2044,-1.953125,25000000.000
46972,2018,-14.648438,25000000.000
46973,2005,-20.996094,25000000.000
46974,1994,-26.367188,25000000.000
46975,1993,-26.855469,25000000.000
46976,1977,-34.667969,25000000.000
46977,1969,-38.574219,25000000.000
46978,1965,-40.527344,25000000.000
46979,1965,-40.527344,25000000.000
46980,1961,-42.480469,25000000.000
46981,1963,-41.503906,25000000.000
46982,1965,-40.527344,25000000.000
46983,1965,-40.527344,25000000.000
46984,1975,-35.644531,25000000.000
46985,1984,-31.250000,25000000.000
46986,1993,-26.855469,25000000.000
46987,1993,-26.855469,25000000.000
46988,2017,-15.136719,25000000.000
46989,2028,-9.765625,25000000.000
46990,2042,-2.929688,25000000.000
46991,2044,-1.953125,25000000.000
46992,2069,10.253906,25000000.000
46993,2083,17.089844,25000000.000
46994,2094,22.460938,25000000.000
46995,2096,23.437500,25000000.000
46996,2114,32.226562,25000000.000
46997,2120,35.156250,25000000.000
46998,2125,37.597656,25000000.000
46999,2126,38.085938,25000000.000
47000,2129,39.550781,25000000.000
47001,2129,39.550781,25000000.000
47002,2127,38.574219,25000000.000
47003,2125,37.597656,25000000.000
47004,2117,33.691406,25000000.000
47005,2110,30.273438,25000000.000
47006,2101,25.878906,25000000.000
47007,2101,25.878906,25000000.000
47008,2081,16.113281,25000000.000
47009,2070,10.742188,25000000.000
47010,2055,3.417969,25000000.000
47011,2055,3.417969,25000000.000
47012,2029,-9.277344,25000000.000
47013,2016,-15.625000,25000000.000
47014,2004,-21.484375,25000000.000
47015,2003,-21.972656,25000000.000
47016,1984,-31.250000,25000000.000
47017,1975,-35.644531,25000000.000
47018,1969,-38.574219,25000000.000
47019,1969,-38.574219,25000000.000
47020,1962,-41.992188,25000000.000
47021,1962,-41.992188,25000000.000
47022,1962,-41.992188,25000000.000
47023,1962,-41.992188,25000000.000
47024,1970,-38.085938,25000000.000
47025,1976,-35.156250,25000000.000
47026,1985,-30.761719,25000000.000
47027,1986,-30.273438,25000000.000
47028,2006,-20.507812,25000000.000
47029,2019,-14.160156,25000000.000
47030,2030,-8.789062,25000000.000
47031,2032,-7.812500,25000000.000
47032,2058,4.882812,25000000.000
47033,2072,11.718750,25000000.000
47034,2085,18.066406,25000000.000
47035,2086,18.554688,25000000.000
47036,2107,28.808594,25000000.000
47037,2114,32.226562,25000000.000
47038,2122,36.132812,25000000.000
47039,2122,36.132812,25000000.000
47040,2129,39.550781,25000000.000
47041,2131,40.527344,25000000.000
47042,2130,40.039062,25000000.000
47043,2129,39.550781,25000000.000
47044,2123,36.621094,25000000.000
47045,2116,33.203125,25000000.000
47046,2110,30.273438,25000000.000
47047,2109,29.785156,25000000.000
47048,2091,20.996094,25000000.000
47049,2078,14.648438,25000000.000
47050,2066,8.789062,25000000.000
47051,2064,7.812500,25000000.000
47052,2039,-4.394531,25000000.000
47053,2026,-10.742188,25000000.000
47054,2013,-17.089844,25000000.000
47055,2011,-18.066406,25000000.000
47056,1991,-27.832031,25000000.000
47057,1981,-32.714844,25000000.000
47058,1974,-36.132812,25000000.000
47059,1973,-36.621094,25000000.000
47060,1964,-41.015625,25000000.000
47061,1960,-42.968750,25000000.000
47062,1961,-42.480469,25000000.000
47063,1962,-41.992188,25000000.000
47064,1965,-40.527344,25000000.000
47065,1970,-38.085938,25000000.000
47066,1978,-34.179688,25000000.000
47067,1978,-34.179688,25000000.000
47068,1994,-26.367188,25000000.000
47069,2006,-20.507812,25000000.000
47070,2019,-14.160156,25000000.000
47071,2022,-12.695312,25000000.000
47072,2046,-0.976562,25000000.000
47073,2061,6.347656,25000000.000
47074,2074,12.695312,25000000.000
47075,2075,13.183594,25000000.000
47076,2097,23.925781,25000000.000
47077,2108,29.296875,25000000.000
47078,2116,33.203125,25000000.000
47079,2116,33.203125,25000000.000
47080,2126,38.085938,25000000.000
47081,2129,39.550781,25000000.000
47082,2128,39.062500,25000000.000
47083,2129,39.550781,25000000.000
47084,2125,37.597656,25000000.000
47085,2121,35.644531,25000000.000
47086,2115,32.714844,25000000.000
47087,2114,32.226562,25000000.000
47088,2098,24.414062,25000000.000
47089,2088,19.531250,25000000.000
47090,2076,13.671875,25000000.000
47091,2076,13.671875,25000000.000
47092,2052,1.953125,25000000.000
47093,2038,-4.882812,25000000.000
47094,2025,-11.230469,25000000.000
47095,2023,-12.207031,25000000.000
47096,2001,-22.949219,25000000.000
47097,1990,-28.320312,25000000.000
47098,1981,-32.714844,25000000.000
47099,1979,-33.691406,25000000.000
47100,1967,-39.550781,25000000.000
47101,1963,-41.503906,25000000.000
47102,1960,-42.968750,25000000.000
47103,1961,-42.480469,25000000.000
47104,1962,-41.992188,25000000.000
47105,1965,-40.527344,25000000.000
47106,1971,-37.597656,25000000.000
47107,1972,-37.109375,25000000.000
47108,1986,-30.273438,25000000.000
47109,1997,-24.902344,25000000.000
47110,2009,-19.042969,25000000.000
47111,2010,-18.554688,25000000.000
47112,2035,-6.347656,25000000.000
47113,2048,0.000000,25000000.000
47114,2061,6.347656,25000000.000
47115,2063,7.324219,25000000.000
47116,2088,19.531250,25000000.000
47117,2098,24.414062,25000000.000
47118,2108,29.296875,25000000.000
47119,2110,30.273438,25000000.000
47120,2123,36.621094,25000000.000
47121,2127,38.574219,25000000.000
47122,2129,39.550781,25000000.000
47123,2129,39.550781,25000000.000
47124,2128,39.062500,25000000.000
47125,2125,37.597656,25000000.000
47126,2122,36.132812,25000000.000
47127,2121,35.644531,25000000.000
47128,2107,28.808594,25000000.000
47129,2099,24.902344,25000000.000
47130,2085,18.066406,25000000.000
47131,2089,20.019531,25000000.000
47132,2063,7.324219,25000000.000
47133,2050,0.976562,25000000.000
47134,2037,-5.371094,25000000.000
47135,2034,-6.835938,25000000.000
47136,2010,-18.554688,25000000.000
47137,1999,-23.925781,25000000.000
47138,1988,-29.296875,25000000.000
47139,1987,-29.785156,25000000.000
47140,1972,-37.109375,25000000.000
47141,1967,-39.550781,25000000.000
47142,1964,-41.015625,25000000.000
47143,1964,-41.015625,25000000.000
47144,1962,-41.992188,25000000.000
47145,1964,-41.015625,25000000.000
47146,1967,-39.550781,25000000.000
47147,1968,-39.062500,25000000.000
47148,1980,-33.203125,25000000.000
47149,1990,-28.320312,25000000.000
47150,2001,-22.949219,25000000.000
47151,2001,-22.949219,25000000.000
47152,2022,-12.695312,25000000.000
47153,2037,-5.371094,25000000.000
47154,2052,1.953125,25000000.000
47155,2053,2.441406,25000000.000
47156,2078,14.648438,25000000.000
47157,2090,20.507812,25000000.000
47158,2103,26.855469,25000000.000
47159,2102,26.367188,25000000.000
47160,2118,34.179688,25000000.000
47161,2125,37.597656,25000000.000
47162,2128,39.062500,25000000.000
47163,2128,39.062500,25000000.000
47164,2130,40.039062,25000000.000
47165,2128,39.062500,25000000.000
47166,2124,37.109375,25000000.000
47167,2124,37.109375,25000000.000
47168,2113,31.738281,25000000.000
47169,2105,27.832031,25000000.000
47170,2096,23.437500,25000000.000
47171,2095,22.949219,25000000.000
47172,2074,12.695312,25000000.000
47173,2061,6.347656,25000000.000
47174,2048,0.000000,25000000.000
47175,2047,-0.488281,25000000.000
47176,2020,-13.671875,25000000.000
47177,2008,-19.531250,25000000.000
47178,1997,-24.902344,25000000.000
47179,1996,-25.390625,25000000.000
47180,1978,-34.179688,25000000.000
47181,1971,-37.597656,25000000.000
47182,1966,-40.039062,25000000.000
47183,1965,-40.527344,25000000.000
47184,1961,-42.480469,25000000.000
47185,1961,-42.480469,25000000.000
47186,1963,-41.503906,25000000.000
47187,1964,-41.015625,25000000.000
47188,1973,-36.621094,25000000.000
47189,1980,-33.203125,25000000.000
47190,1991,-27.832031,25000000.000
47191,1991,-27.832031,25000000.000
47192,2013,-17.089844,25000000.000
47193,2025,-11.230469,25000000.000
47194,2040,-3.906250,25000000.000
47195,2041,-3.417969,25000000.000
47196,2066,8.789062,25000000.000
47197,2079,15.136719,25000000.000
47198,2092,21.484375,25000000.000
47199,2093,21.972656,25000000.000
47200,2113,31.738281,25000000.000
47201,2120,35.156250,25000000.000
47202,2125,37.597656,25000000.000
47203,2126,38.085938,25000000.000
47204,2131,40.527344,25000000.000
47205,2131,40.527344,25000000.000
47206,2128,39.062500,25000000.000
47207,2129,39.550781,25000000.000
47208,2120,35.156250,25000000.000
47209,2114,32.226562,25000000.000
47210,2106,28.320312,25000000.000
47211,2105,27.832031,25000000.000
47212,2086,18.554688,25000000.000
47213,2074,12.695312,25000000.000
47214,2060,5.859375,25000000.000
47215,2057,4.394531,25000000.000
47216,2033,-7.324219,25000000.000
47217,2019,-14.160156,25000000.000
47218,2007,-20.019531,25000000.000
47219,2006,-20.507812,25000000.000
47220,1986,-30.273438,25000000.000
47221,1977,-34.667969,25000000.000
47222,1971,-37.597656,25000000.000
47223,1970,-38.085938,25000000.000
47224,1964,-41.015625,25000000.000
47225,1962,-41.992188,25000000.000
47226,1962,-41.992188,25000000.000
47227,1963,-41.503906,25000000.000
47228,1968,-39.062500,25000000.000
47229,1976,-35.156250,25000000.000
47230,1982,-32.226562,25000000.000
47231,1982,-32.226562,25000000.000
47232,2003,-21.972656,25000000.000
47233,2015,-16.113281,25000000.000
47234,2028,-9.765625,25000000.000
47235,2030,-8.789062,25000000.000
47236,2056,3.906250,25000000.000
47237,2069,10.253906,25000000.000
47238,2082,16.601562,25000000.000
47239,2083,17.089844,25000000.000
47240,2105,27.832031,25000000.000
47241,2113,31.738281,25000000.000
47242,2120,35.156250,25000000.000
47243,2120,35.156250,25000000.000
47244,2128,39.062500,25000000.000
47245,2130,40.039062,25000000.000
47246,2129,39.550781,25000000.000
47247,2129,39.550781,25000000.000
47248,2122,36.132812,25000000.000
47249,2118,34.179688,25000000.000
47250,2110,30.273438,25000000.000
47251,2109,29.785156,25000000.000
47252,2093,21.972656,25000000.000
47253,2080,15.625000,25000000.000
47254,2070,10.742188,25000000.000
47255,2067,9.277344,25000000.000
47256,2042,-2.929688,25000000.000
47257,2030,-8.789062,25000000.000
47258,2016,-15.625000,25000000.000
47259,2015,-16.113281,25000000.000
47260,1993,-26.855469,25000000.000
47261,1984,-31.250000,25000000.000
47262,1975,-35.644531,25000000.000
47263,1975,-35.644531,25000000.000
47264,1964,-41.015625,25000000.000
47265,1962,-41.992188,25000000.000
47266,1961,-42.480469,25000000.000
47267,1960,-42.968750,25000000.000
47268,1964,-41.015625,25000000.000
47269,1969,-38.574219,25000000.000
47270,1974,-36.132812,25000000.000
47271,1977,-34.667969,25000000.000
47272,1994,-26.367188,25000000.000
47273,2004,-21.484375,25000000.000
47274,2016,-15.625000,25000000.000
47275,2017,-15.136719,25000000.000
47276,2043,-2.441406,25000000.000
47277,2057,4.394531,25000000.000
47278,2070,10.742188,25000000.000
47279,2071,11.230469,25000000.000
47280,2097,23.925781,25000000.000
47281,2109,29.785156,25000000.000
47282,2111,30.761719,25000000.000
47283,2113,31.738281,25000000.000
47284,2124,37.109375,25000000.000
47285,2129,39.550781,25000000.000
47286,2130,40.039062,25000000.000
47287,2129,39.550781,25000000.000
47288,2127,38.574219,25000000.000
47289,2123,36.621094,25000000.000
47290,2118,34.179688,25000000.000
47291,2117,33.691406,25000000.000
47292,2102,26.367188,25000000.000
47293,2093,21.972656,25000000.000
47294,2079,15.136719,25000000.000
47295,2080,15.625000,25000000.000
47296,2054,2.929688,25000000.000
47297,2041,-3.417969,25000000.000
47298,2027,-10.253906,25000000.000
47299,2026,-10.742188,25000000.000
47300,2001,-22.949219,25000000.000
47301,1991,-27.832031,25000000.000
47302,1982,-32.226562,25000000.000
47303,1982,-32.226562,25000000.000
47304,1969,-38.574219,25000000.000
47305,1964,-41.015625,25000000.000
47306,1961,-42.480469,25000000.000
47307,1962,-41.992188,25000000.000
47308,1962,-41.992188,25000000.000
47309,1965,-40.527344,25000000.000
47310,1970,-38.085938,25000000.000
47311,1971,-37.597656,25000000.000
47312,1984,-31.250000,25000000.000
47313,1994,-26.367188,25000000.000
47314,2006,-20.507812,25000000.000
47315,2007,-20.019531,25000000.000
47316,2031,-8.300781,25000000.000
47317,2045,-1.464844,25000000.000
47318,2059,5.371094,25000000.000
47319,2060,5.859375,25000000.000
47320,2085,18.066406,25000000.000
47321,2097,23.925781,25000000.000
47322,2107,28.808594,25000000.000
47323,2108,29.296875,25000000.000
47324,2123,36.621094,25000000.000
47325,2126,38.085938,25000000.000
47326,2129,39.550781,25000000.000
47327,2130,40.039062,25000000.000
47328,2128,39.062500,25000000.000
47329,2126,38.085938,25000000.000
47330,2121,35.644531,25000000.000
47331,2121,35.644531,25000000.000
47332,2108,29.296875,25000000.000
47333,2100,25.390625,25000000.000
47334,2090,20.507812,25000000.000
47335,2090,20.507812,25000000.000
47336,2067,9.277344,25000000.000
47337,2054,2.929688,25000000.000
47338,2039,-4.394531,25000000.000
47339,2038,-4.882812,25000000.000
47340,2014,-16.601562,25000000.000
47341,2002,-22.460938,25000000.000
47342,1992,-27.343750,25000000.000
47343,1989,-28.808594,25000000.000
47344,1975,-35.644531,25000000.000
47345,1969,-38.574219,25000000.000
47346,1965,-40.527344,25000000.000
47347,1964,-41.015625,25000000.000
47348,1961,-42.480469,25000000.000
47349,1963,-41.503906,25000000.000
47350,1967,-39.550781,25000000.000
47351,1967,-39.550781,25000000.000
47352,1978,-34.179688,25000000.000
47353,1986,-30.273438,25000000.000
47354,1997,-24.902344,25000000.000
47355,1998,-24.414062,25000000.000
47356,2021,-13.183594,25000000.000
47357,2035,-6.347656,25000000.000
47358,2048,0.000000,25000000.000
47359,2049,0.488281,25000000.000
47360,2075,13.183594,25000000.000
47361,2087,19.042969,25000000.000
47362,2099,24.902344,25000000.000
47363,2098,24.414062,25000000.000
47364,2116,33.203125,25000000.000
47365,2123,36.621094,25000000.000
47366,2127,38.574219,25000000.000
47367,2127,38.574219,25000000.000
47368,2130,40.039062,25000000.000
47369,2129,39.550781,25000000.000
47370,2126,38.085938,25000000.000
47371,2127,38.574219,25000000.000
47372,2117,33.691406,25000000.000
47373,2109,29.785156,25000000.000
47374,2101,25.878906,25000000.000
47375,2099,24.902344,25000000.000
47376,2078,14.648438,25000000.000
47377,2065,8.300781,25000000.000
47378,2053,2.441406,25000000.000
47379,2050,0.976562,25000000.000
47380,2024,-11.718750,25000000.000
47381,2012,-17.578125,25000000.000
47382,1999,-23.925781,25000000.000
47383,1998,-24.414062,25000000.000
47384,1980,-33.203125,25000000.000
47385,1973,-36.621094,25000000.000
47386,1966,-40.039062,25000000.000
47387,1966,-40.039062,25000000.000
47388,1961,-42.480469,25000000.000
47389,1961,-42.480469,25000000.000
47390,1962,-41.992188,25000000.000
47391,1962,-41.992188,25000000.000
47392,1972,-37.109375,25000000.000
47393,1979,-33.691406,25000000.000
47394,1988,-29.296875,25000000.000
47395,1988,-29.296875,25000000.000
47396,2009,-19.042969,25000000.000
47397,2023,-12.207031,25000000.000
47398,2036,-5.859375,25000000.000
47399,2037,-5.371094,25000000.000
47400,2063,7.324219,25000000.000
47401,2078,14.648438,25000000.000
47402,2089,20.019531,25000000.000
47403,2093,21.972656,25000000.000
47404,2111,30.761719,25000000.000
47405,2117,33.691406,25000000.000
47406,2124,37.109375,25000000.000
47407,2125,37.597656,25000000.000
47408,2130,40.039062,25000000.000
47409,2130,40.039062,25000000.000
47410,2129,39.550781,25000000.000
47411,2129,39.550781,25000000.000
47412,2121,35.644531,25000000.000
47413,2114,32.226562,25000000.000
47414,2107,28.808594,25000000.000
47415,2106,28.320312,25000000.000
47416,2087,19.042969,25000000.000
47417,2075,13.183594,25000000.000
47418,2063,7.324219,25000000.000
47419,2062,6.835938,25000000.000
47420,2034,-6.835938,25000000.000
47421,2024,-11.718750,25000000.000
47422,2010,-18.554688,25000000.000
47423,2008,-19.531250,25000000.000
47424,1988,-29.296875,25000000.000
47425,1979,-33.691406,25000000.000
47426,1972,-37.109375,25000000.000
47427,1971,-37.597656,25000000.000
47428,1963,-41.503906,25000000.000
47429,1960,-42.968750,25000000.000
47430,1961,-42.480469,25000000.000
47431,1961,-42.480469,25000000.000
47432,1967,-39.550781,25000000.000
47433,1972,-37.109375,25000000.000
47434,1979,-33.691406,25000000.000
47435,1980,-33.203125,25000000.000
47436,1999,-23.925781,25000000.000
47437,2012,-17.578125,25000000.000
47438,2025,-11.230469,25000000.000
47439,2026,-10.742188,25000000.000
47440,2053,2.441406,25000000.000
47441,2066,8.789062,25000000.000
47442,2078,14.648438,25000000.000
47443,2078,14.648438,25000000.000
47444,2102,26.367188,25000000.000
47445,2110,30.273438,25000000.000
47446,2118,34.179688,25000000.000
47447,2119,34.667969,25000000.000
47448,2129,39.550781,25000000.000
47449,2130,40.039062,25000000.000
47450,2130,40.039062,25000000.000
47451,2130,40.039062,25000000.000
47452,2125,37.597656,25000000.000
47453,2121,35.644531,25000000.000
47454,2113,31.738281,25000000.000
47455,2112,31.250000,25000000.000
47456,2096,23.437500,25000000.000
47457,2084,17.578125,25000000.000
47458,2074,12.695312,25000000.000
47459,2072,11.718750,25000000.000
47460,2045,-1.464844,25000000.000
47461,2033,-7.324219,25000000.000
47462,2020,-13.671875,25000000.000
47463,2018,-14.648438,25000000.000
47464,1995,-25.878906,25000000.000
47465,1985,-30.761719,25000000.000
47466,1976,-35.156250,25000000.000
47467,1976,-35.156250,25000000.000
47468,1965,-40.527344,25000000.000
47469,1962,-41.992188,25000000.000
47470,1961,-42.480469,25000000.000
47471,1960,-42.968750,25000000.000
47472,1964,-41.015625,25000000.000
47473,1968,-39.062500,25000000.000
47474,1973,-36.621094,25000000.000
47475,1973,-36.621094,25000000.000
47476,1990,-28.320312,25000000.000
47477,2001,-22.949219,25000000.000
47478,2012,-17.578125,25000000.000
47479,2018,-14.648438,25000000.000
47480,2040,-3.906250,25000000.000
47481,2054,2.929688,25000000.000
47482,2067,9.277344,25000000.000
47483,2069,10.253906,25000000.000
47484,2093,21.972656,25000000.000
47485,2103,26.855469,25000000.000
47486,2112,31.250000,25000000.000
47487,2113,31.738281,25000000.000
47488,2124,37.109375,25000000.000
47489,2128,39.062500,25000000.000
47490,2130,40.039062,25000000.000
47491,2129,39.550781,25000000.000
47492,2128,39.062500,25000000.000
47493,2123,36.621094,25000000.000
47494,2118,34.179688,25000000.000
47495,2118,34.179688,25000000.000
47496,2103,26.855469,25000000.000
47497,2094,22.460938,25000000.000
47498,2084,17.578125,25000000.000
47499,2081,16.113281,25000000.000
47500,2057,4.394531,25000000.000
47501,2044,-1.953125,25000000.000
47502,2031,-8.300781,25000000.000
47503,2030,-8.789062,25000000.000
47504,2007,-20.019531,25000000.000
47505,1995,-25.878906,25000000.000
47506,1983,-31.738281,25000000.000
47507,1982,-32.226562,25000000.000
47508,1969,-38.574219,25000000.000
47509,1964,-41.015625,25000000.000
47510,1961,-42.480469,25000000.000
47511,1960,-42.968750,25000000.000
47512,1961,-42.480469,25000000.000
47513,1963,-41.503906,25000000.000
47514,1968,-39.062500,25000000.000
47515,1969,-38.574219,25000000.000
47516,1983,-31.738281,25000000.000
47517,1993,-26.855469,25000000.000
47518,2004,-21.484375,25000000.000
47519,2004,-21.484375,25000000.000
47520,2028,-9.765625,25000000.000
47521,2042,-2.929688,25000000.000
47522,2055,3.417969,25000000.000
47523,2057,4.394531,25000000.000
47524,2082,16.601562,25000000.000
47525,2094,22.460938,25000000.000
47526,2104,27.343750,25000000.000
47527,2106,28.320312,25000000.000
47528,2120,35.156250,25000000.000
47529,2125,37.597656,25000000.000
47530,2129,39.550781,25000000.000
47531,2129,39.550781,25000000.000
47532,2130,40.039062,25000000.000
47533,2129,39.550781,25000000.000
47534,2123,36.621094,25000000.000
47535,2125,37.597656,25000000.000
47536,2113,31.738281,25000000.000
47537,2103,26.855469,25000000.000
47538,2094,22.460938,25000000.000
47539,2093,21.972656,25000000.000
47540,2070,10.742188,25000000.000
47541,2056,3.906250,25000000.000
47542,2043,-2.441406,25000000.000
47543,2041,-3.417969,25000000.000
47544,2016,-15.625000,25000000.000
47545,2004,-21.484375,25000000.000
47546,1993,-26.855469,25000000.000
47547,1992,-27.343750,25000000.000
47548,1976,-35.156250,25000000.000
47549,1969,-38.574219,25000000.000
47550,1965,-40.527344,25000000.000
47551,1964,-41.015625,25000000.000
47552,1962,-41.992188,25000000.000
47553,1963,-41.503906,25000000.000
47554,1965,-40.527344,25000000.000
47555,1965,-40.527344,25000000.000
47556,1976,-35.156250,25000000.000
47557,1985,-30.761719,25000000.000
47558,1994,-26.367188,25000000.000
47559,1995,-25.878906,25000000.000
47560,2018,-14.648438,25000000.000
47561,2032,-7.812500,25000000.000
47562,2045,-1.464844,25000000.000
47563,2046,-0.976562,25000000.000
47564,2072,11.718750,25000000.000
47565,2085,18.066406,25000000.000
47566,2097,23.925781,25000000.000
47567,2098,24.414062,25000000.000
47568,2115,32.714844,25000000.000
47569,2122,36.132812,25000000.000
47570,2126,38.085938,25000000.000
47571,2128,39.062500,25000000.000
47572,2130,40.039062,25000000.000
47573,2129,39.550781,25000000.000
47574,2127,38.574219,25000000.000
47575,2126,38.085938,25000000.000
47576,2116,33.203125,25000000.000
47577,2110,30.273438,25000000.000
47578,2100,25.390625,25000000.000
47579,2100,25.390625,25000000.000
47580,2079,15.136719,25000000.000
47581,2066,8.789062,25000000.000
47582,2054,2.929688,25000000.000
47583,2053,2.441406,25000000.000
47584,2027,-10.253906,25000000.000
47585,2014,-16.601562,25000000.000
47586,2002,-22.460938,25000000.000
47587,2001,-22.949219,25000000.000
47588,1981,-32.714844,25000000.000
47589,1974,-36.132812,25000000.000
47590,1967,-39.550781,25000000.000
47591,1967,-39.550781,25000000.000
47592,1962,-41.992188,25000000.000
47593,1960,-42.968750,25000000.000
47594,1961,-42.480469,25000000.000
47595,1962,-41.992188,25000000.000
47596,1970,-38.085938,25000000.000
47597,1978,-34.179688,25000000.000
47598,1986,-30.273438,25000000.000
47599,1987,-29.785156,25000000.000
47600,2008,-19.531250,25000000.000
47601,2021,-13.183594,25000000.000
47602,2033,-7.324219,25000000.000
47603,2036,-5.859375,25000000.000
47604,2061,6.347656,25000000.000
47605,2075,13.183594,25000000.000
47606,2087,19.042969,25000000.000
47607,2088,19.531250,25000000.000
47608,2108,29.296875,25000000.000
47609,2117,33.691406,25000000.000
47610,2122,36.132812,25000000.000
47611,2124,37.109375,25000000.000
47612,2130,40.039062,25000000.000
47613,2131,40.527344,25000000.000
47614,2130,40.039062,25000000.000
47615,2129,39.550781,25000000.000
47616,2122,36.132812,25000000.000
47617,2117,33.691406,25000000.000
47618,2109,29.785156,25000000.000
47619,2109,29.785156,25000000.000
47620,2090,20.507812,25000000.000
47621,2079,15.136719,25000000.000
47622,2067,9.277344,25000000.000
47623,2064,7.812500,25000000.000
47624,2039,-4.394531,25000000.000
47625,2025,-11.230469,25000000.000
47626,2013,-17.089844,25000000.000
47627,2011,-18.066406,25000000.000
47628,1990,-28.320312,25000000.000
47629,1981,-32.714844,25000000.000
47630,1973,-36.621094,25000000.000
47631,1973,-36.621094,25000000.000
47632,1964,-41.015625,25000000.000
47633,1962,-41.992188,25000000.000
47634,1962,-41.992188,25000000.000
47635,1962,-41.992188,25000000.000
47636,1966,-40.039062,25000000.000
47637,1971,-37.597656,25000000.000
47638,1979,-33.691406,25000000.000
47639,1979,-33.691406,25000000.000
47640,1997,-24.902344,25000000.000
47641,2008,-19.531250,25000000.000
47642,2021,-13.183594,25000000.000
47643,2022,-12.695312,25000000.000
47644,2049,0.488281,25000000.000
47645,2063,7.324219,25000000.000
47646,2075,13.183594,25000000.000
47647,2076,13.671875,25000000.000
47648,2100,25.390625,25000000.000
47649,2109,29.785156,25000000.000
47650,2116,33.203125,25000000.000
47651,2117,33.691406,25000000.000
47652,2127,38.574219,25000000.000
47653,2128,39.062500,25000000.000
47654,2129,39.550781,25000000.000
47655,2129,39.550781,25000000.000
47656,2125,37.597656,25000000.000
47657,2120,35.156250,25000000.000
47658,2114,32.226562,25000000.000
47659,2114,32.226562,25000000.000
47660,2097,23.925781,25000000.000
47661,2088,19.531250,25000000.000
47662,2075,13.183594,25000000.000
47663,2074,12.695312,25000000.000
47664,2049,0.488281,25000000.000
47665,2036,-5.859375,25000000.000
47666,2024,-11.718750,25000000.000
47667,2021,-13.183594,25000000.000
47668,2000,-23.437500,25000000.000
47669,1988,-29.296875,25000000.000
47670,1980,-33.203125,25000000.000
47671,1979,-33.691406,25000000.000
47672,1967,-39.550781,25000000.000
47673,1962,-41.992188,25000000.000
47674,1961,-42.480469,25000000.000
47675,1961,-42.480469,25000000.000
47676,1962,-41.992188,25000000.000
47677,1966,-40.039062,25000000.000
47678,1972,-37.109375,25000000.000
47679,1973,-36.621094,25000000.000
47680,1988,-29.296875,25000000.000
47681,1999,-23.925781,25000000.000
47682,2010,-18.554688,25000000.000
47683,2011,-18.066406,25000000.000
47684,2035,-6.347656,25000000.000
47685,2050,0.976562,25000000.000
47686,2062,6.835938,25000000.000
47687,2063,7.324219,25000000.000
47688,2089,20.019531,25000000.000
47689,2099,24.902344,25000000.000
47690,2109,29.785156,25000000.000
47691,2110,30.273438,25000000.000
47692,2122,36.132812,25000000.000
47693,2127,38.574219,25000000.000
47694,2129,39.550781,25000000.000
47695,2129,39.550781,25000000.000
47696,2128,39.062500,25000000.000
47697,2125,37.597656,25000000.000
47698,2121,35.644531,25000000.000
47699,2119,34.667969,25000000.000
47700,2106,28.320312,25000000.000
47701,2097,23.925781,25000000.000
47702,2086,18.554688,25000000.000
47703,2086,18.554688,25000000.000
47704,2061,6.347656,25000000.000
47705,2048,0.000000,25000000.000
47706,2034,-6.835938,25000000.000
47707,2033,-7.324219,25000000.000
47708,2007,-20.019531,25000000.000
47709,1996,-25.390625,25000000.000
47710,1987,-29.785156,25000000.000
47711,1986,-30.273438,25000000.000
47712,1971,-37.597656,25000000.000
47713,1965,-40.527344,25000000.000
47714,1963,-41.503906,25000000.000
47715,1962,-41.992188,25000000.000
47716,1961,-42.480469,25000000.000
47717,1964,-41.015625,25000000.000
47718,1968,-39.062500,25000000.000
47719,1968,-39.062500,25000000.000
47720,1981,-32.714844,25000000.000
47721,1989,-28.808594,25000000.000
47722,2000,-23.437500,25000000.000
47723,2001,-22.949219,25000000.000
47724,2026,-10.742188,25000000.000
47725,2038,-4.882812,25000000.000
47726,2053,2.441406,25000000.000
47727,2054,2.929688,25000000.000
47728,2080,15.625000,25000000.000
47729,2091,20.996094,25000000.000
47730,2103,26.855469,25000000.000
47731,2104,27.343750,25000000.000
47732,2119,34.667969,25000000.000
47733,2125,37.597656,25000000.000
47734,2129,39.550781,25000000.000
47735,2128,39.062500,25000000.000
47736,2129,39.550781,25000000.000
47737,2128,39.062500,25000000.000
47738,2124,37.109375,25000000.000
47739,2124,37.109375,25000000.000
47740,2113,31.738281,25000000.000
47741,2105,27.832031,25000000.000
47742,2095,22.949219,25000000.000
47743,2094,22.460938,25000000.000
47744,2074,12.695312,25000000.000
47745,2060,5.859375,25000000.000
47746,2047,-0.488281,25000000.000
47747,2045,-1.464844,25000000.000
47748,2020,-13.671875,25000000.000
47749,2007,-20.019531,25000000.000
47750,1996,-25.390625,25000000.000
47751,1995,-25.878906,25000000.000
47752,1977,-34.667969,25000000.000
47753,1970,-38.085938,25000000.000
47754,1966,-40.039062,25000000.000
47755,1965,-40.527344,25000000.000
47756,1961,-42.480469,25000000.000
47757,1962,-41.992188,25000000.000
47758,1963,-41.503906,25000000.000
47759,1965,-40.527344,25000000.000
47760,1975,-35.644531,25000000.000
47761,1982,-32.226562,25000000.000
47762,1993,-26.855469,25000000.000
47763,1993,-26.855469,25000000.000
47764,2015,-16.113281,25000000.000
47765,2027,-10.253906,25000000.000
47766,2040,-3.906250,25000000.000
47767,2042,-2.929688,25000000.000
47768,2068,9.765625,25000000.000
47769,2081,16.113281,25000000.000
47770,2093,21.972656,25000000.000
47771,2093,21.972656,25000000.000
47772,2112,31.250000,25000000.000
47773,2120,35.156250,25000000.000
47774,2125,37.597656,25000000.000
47775,2126,38.085938,25000000.000
47776,2130,40.039062,25000000.000
47777,2130,40.039062,25000000.000
47778,2128,39.062500,25000000.000
47779,2127,38.574219,25000000.000
47780,2119,34.667969,25000000.000
47781,2113,31.738281,25000000.000
47782,2105,27.832031,25000000.000
47783,2104,27.343750,25000000.000
47784,2083,17.089844,25000000.000
47785,2071,11.230469,25000000.000
47786,2058,4.882812,25000000.000
47787,2057,4.394531,25000000.000
47788,2030,-8.789062,25000000.000
47789,2017,-15.136719,25000000.000
47790,2004,-21.484375,25000000.000
47791,2004,-21.484375,25000000.000
47792,1984,-31.250000,25000000.000
47793,1975,-35.644531,25000000.000
47794,1969,-38.574219,25000000.000
47795,1968,-39.062500,25000000.000
47796,1961,-42.480469,25000000.000
47797,1961,-42.480469,25000000.000
47798,1962,-41.992188,25000000.000
47799,1962,-41.992188,25000000.000
47800,1969,-38.574219,25000000.000
47801,1974,-36.132812,25000000.000
47802,1983,-31.738281,25000000.000
47803,1985,-30.761719,25000000.000
47804,2003,-21.972656,25000000.000
47805,2017,-15.136719,25000000.000
47806,2030,-8.789062,25000000.000
47807,2031,-8.300781,25000000.000
47808,2057,4.394531,25000000.000
47809,2071,11.230469,25000000.000
47810,2084,17.578125,25000000.000
47811,2085,18.066406,25000000.000
47812,2106,28.320312,25000000.000
47813,2115,32.714844,25000000.000
47814,2122,36.132812,25000000.000
47815,2121,35.644531,25000000.000
47816,2129,39.550781,25000000.000
47817,2130,40.039062,25000000.000
47818,2129,39.550781,25000000.000
47819,2129,39.550781,25000000.000
47820,2122,36.132812,25000000.000
47821,2117,33.691406,25000000.000
47822,2110,30.273438,25000000.000
47823,2109,29.785156,25000000.000
47824,2091,20.996094,25000000.000
47825,2079,15.136719,25000000.000
47826,2067,9.277344,25000000.000
47827,2067,9.277344,25000000.000
47828,2042,-2.929688,25000000.000
47829,2028,-9.765625,25000000.000
47830,2016,-15.625000,25000000.000
47831,2014,-16.601562,25000000.000
47832,1992,-27.343750,25000000.000
47833,1983,-31.738281,25000000.000
47834,1975,-35.644531,25000000.000
47835,1975,-35.644531,25000000.000
47836,1964,-41.015625,25000000.000
47837,1961,-42.480469,25000000.000
47838,1961,-42.480469,25000000.000
47839,1961,-42.480469,25000000.000
47840,1964,-41.015625,25000000.000
47841,1971,-37.597656,25000000.000
47842,1976,-35.156250,25000000.000
47843,1977,-34.667969,25000000.000
47844,1995,-25.878906,25000000.000
47845,2005,-20.996094,25000000.000
47846,2018,-14.648438,25000000.000
47847,2019,-14.160156,25000000.000
47848,2045,-1.464844,25000000.000
47849,2059,5.371094,25000000.000
47850,2072,11.718750,25000000.000
47851,2073,12.207031,25000000.000
47852,2096,23.437500,25000000.000
47853,2106,28.320312,25000000.000
47854,2113,31.738281,25000000.000
47855,2114,32.226562,25000000.000
47856,2127,38.574219,25000000.000
47857,2128,39.062500,25000000.000
47858,2129,39.550781,25000000.000
47859,2130,40.039062,25000000.000
47860,2126,38.085938,25000000.000
47861,2120,35.156250,25000000.000
47862,2117,33.691406,25000000.000
47863,2117,33.691406,25000000.000
47864,2100,25.390625,25000000.000
47865,2089,20.019531,25000000.000
47866,2080,15.625000,25000000.000
47867,2080,15.625000,25000000.000
47868,2053,2.441406,25000000.000
47869,2041,-3.417969,25000000.000
47870,2025,-11.230469,25000000.000
47871,2026,-10.742188,25000000.000
47872,2001,-22.949219,25000000.000
47873,1990,-28.320312,25000000.000
47874,1980,-33.203125,25000000.000
47875,1980,-33.203125,25000000.000
47876,1967,-39.550781,25000000.000
47877,1964,-41.015625,25000000.000
47878,1961,-42.480469,25000000.000
47879,1961,-42.480469,25000000.000
47880,1963,-41.503906,25000000.000
47881,1966,-40.039062,25000000.000
47882,1971,-37.597656,25000000.000
47883,1973,-36.621094,25000000.000
47884,1986,-30.273438,25000000.000
47885,1996,-25.390625,25000000.000
47886,2007,-20.019531,25000000.000
47887,2009,-19.042969,25000000.000
47888,2033,-7.324219,25000000.000
47889,2047,-0.488281,25000000.000
47890,2060,5.859375,25000000.000
47891,2062,6.835938,25000000.000
47892,2087,19.042969,25000000.000
47893,2098,24.414062,25000000.000
47894,2108,29.296875,25000000.000
47895,2109,29.785156,25000000.000
47896,2123,36.621094,25000000.000
47897,2127,38.574219,25000000.000
47898,2129,39.550781,25000000.000
47899,2129,39.550781,25000000.000
47900,2129,39.550781,25000000.000
47901,2125,37.597656,25000000.000
47902,2121,35.644531,25000000.000
47903,2121,35.644531,25000000.000
47904,2108,29.296875,25000000.000
47905,2099,24.902344,25000000.000
47906,2089,20.019531,25000000.000
47907,2088,19.531250,25000000.000
47908,2064,7.812500,25000000.000
47909,2052,1.953125,25000000.000
47910,2038,-4.882812,25000000.000
47911,2037,-5.371094,25000000.000
47912,2013,-17.089844,25000000.000
47913,2001,-22.949219,25000000.000
47914,1990,-28.320312,25000000.000
47915,1988,-29.296875,25000000.000
47916,1973,-36.621094,25000000.000
47917,1967,-39.550781,25000000.000
47918,1963,-41.503906,25000000.000
47919,1963,-41.503906,25000000.000
47920,1962,-41.992188,25000000.000
47921,1963,-41.503906,25000000.000
47922,1967,-39.550781,25000000.000
47923,1967,-39.550781,25000000.000
47924,1979,-33.691406,25000000.000
47925,1987,-29.785156,25000000.000
47926,1997,-24.902344,25000000.000
47927,1999,-23.925781,25000000.000
47928,2021,-13.183594,25000000.000
47929,2035,-6.347656,25000000.000
47930,2050,0.976562,25000000.000
47931,2050,0.976562,25000000.000
47932,2076,13.671875,25000000.000
47933,2088,19.531250,25000000.000
47934,2099,24.902344,25000000.000
47935,2101,25.878906,25000000.000
47936,2117,33.691406,25000000.000
47937,2124,37.109375,25000000.000
47938,2127,38.574219,25000000.000
47939,2127,38.574219,25000000.000
47940,2130,40.039062,25000000.000
47941,2129,39.550781,25000000.000
47942,2126,38.085938,25000000.000
47943,2125,37.597656,25000000.000
47944,2115,32.714844,25000000.000
47945,2108,29.296875,25000000.000
47946,2098,24.414062,25000000.000
47947,2098,24.414062,25000000.000
47948,2077,14.160156,25000000.000
47949,2063,7.324219,25000000.000
47950,2050,0.976562,25000000.000
47951,2049,0.488281,25000000.000
47952,2023,-12.207031,25000000.000
47953,2010,-18.554688,25000000.000
47954,1998,-24.414062,25000000.000
47955,1997,-24.902344,25000000.000
47956,1980,-33.203125,25000000.000
47957,1972,-37.109375,25000000.000
47958,1967,-39.550781,25000000.000
47959,1967,-39.550781,25000000.000
47960,1962,-41.992188,25000000.000
47961,1962,-41.992188,25000000.000
47962,1964,-41.015625,25000000.000
47963,1964,-41.015625,25000000.000
47964,1974,-36.132812,25000000.000
47965,1981,-32.714844,25000000.000
47966,1989,-28.808594,25000000.000
47967,1990,-28.320312,25000000.000
47968,2012,-17.578125,25000000.000
47969,2023,-12.207031,25000000.000
47970,2038,-4.882812,25000000.000
47971,2040,-3.906250,25000000.000
47972,2065,8.300781,25000000.000
47973,2078,14.648438,25000000.000
47974,2090,20.507812,25000000.000
47975,2091,20.996094,25000000.000
47976,2111,30.761719,25000000.000
47977,2119,34.667969,25000000.000
47978,2124,37.109375,25000000.000
47979,2125,37.597656,25000000.000
47980,2130,40.039062,25000000.000
47981,2130,40.039062,25000000.000
47982,2128,39.062500,25000000.000
47983,2128,39.062500,25000000.000
47984,2120,35.156250,25000000.000
47985,2113,31.738281,25000000.000
47986,2105,27.832031,25000000.000
47987,2104,27.343750,25000000.000
47988,2086,18.554688,25000000.000
47989,2074,12.695312,25000000.000
47990,2061,6.347656,25000000.000
47991,2060,5.859375,25000000.000
47992,2035,-6.347656,25000000.000
47993,2021,-13.183594,25000000.000
47994,2007,-20.019531,25000000.000
47995,2007,-20.019531,25000000.000
47996,1985,-30.761719,25000000.000
47997,1978,-34.179688,25000000.000
47998,1970,-38.085938,25000000.000
47999,1969,-38.574219,25000000.000
48000,1962,-41.992188,25000000.000
48001,1960,-42.968750,25000000.000
48002,1960,-42.968750,25000000.000
48003,1961,-42.480469,25000000.000
48004,1967,-39.550781,25000000.000
48005,1974,-36.132812,25000000.000
48006,1981,-32.714844,25000000.000
48007,1982,-32.226562,25000000.000
48008,2000,-23.437500,25000000.000
48009,2012,-17.578125,25000000.000
48010,2025,-11.230469,25000000.000
48011,2027,-10.253906,25000000.000
48012,2052,1.953125,25000000.000
48013,2066,8.789062,25000000.000
48014,2079,15.136719,25000000.000
48015,2081,16.113281,25000000.000
48016,2103,26.855469,25000000.000
48017,2111,30.761719,25000000.000
48018,2119,34.667969,25000000.000
48019,2119,34.667969,25000000.000
48020,2127,38.574219,25000000.000
48021,2129,39.550781,25000000.000
48022,2129,39.550781,25000000.000
48023,2129,39.550781,25000000.000
48024,2123,36.621094,25000000.000
48025,2118,34.179688,25000000.000
48026,2112,31.250000,25000000.000
48027,2110,30.273438,25000000.000
48028,2094,22.460938,25000000.000
48029,2084,17.578125,25000000.000
48030,2071,11.230469,25000000.000
48031,2070,10.742188,25000000.000
48032,2044,-1.953125,25000000.000
48033,2031,-8.300781,25000000.000
48034,2017,-15.136719,25000000.000
48035,2016,-15.625000,25000000.000
48036,1994,-26.367188,25000000.000
48037,1984,-31.250000,25000000.000
48038,1976,-35.156250,25000000.000
48039,1976,-35.156250,25000000.000
48040,1964,-41.015625,25000000.000
48041,1963,-41.503906,25000000.000
48042,1962,-41.992188,25000000.000
48043,1961,-42.480469,25000000.000
48044,1965,-40.527344,25000000.000
48045,1969,-38.574219,25000000.000
48046,1974,-36.132812,25000000.000
48047,1976,-35.156250,25000000.000
48048,1991,-27.832031,25000000.000
48049,2002,-22.460938,25000000.000
48050,2015,-16.113281,25000000.000
48051,2016,-15.625000,25000000.000
48052,2040,-3.906250,25000000.000
48053,2055,3.417969,25000000.000
48054,2068,9.765625,25000000.000
48055,2068,9.765625,25000000.000
48056,2092,21.484375,25000000.000
48057,2104,27.343750,25000000.000
48058,2112,31.250000,25000000.000
48059,2113,31.738281,25000000.000
48060,2125,37.597656,25000000.000
48061,2128,39.062500,25000000.000
48062,2130,40.039062,25000000.000
48063,2129,39.550781,25000000.000
48064,2127,38.574219,25000000.000
48065,2123,36.621094,25000000.000
48066,2118,34.179688,25000000.000
48067,2117,33.691406,25000000.000
48068,2103,26.855469,25000000.000
48069,2093,21.972656,25000000.000
48070,2083,17.089844,25000000.000
48071,2080,15.625000,25000000.000
48072,2057,4.394531,25000000.000
48073,2044,-1.953125,25000000.000
48074,2030,-8.789062,25000000.000
48075,2028,-9.765625,25000000.000
48076,2005,-20.996094,25000000.000
48077,1993,-26.855469,25000000.000
48078,1982,-32.226562,25000000.000
48079,1982,-32.226562,25000000.000
48080,1969,-38.574219,25000000.000
48081,1964,-41.015625,25000000.000
48082,1962,-41.992188,25000000.000
48083,1961,-42.480469,25000000.000
48084,1962,-41.992188,25000000.000
48085,1964,-41.015625,25000000.000
48086,1969,-38.574219,25000000.000
48087,1969,-38.574219,25000000.000
48088,1983,-31.738281,25000000.000
48089,1993,-26.855469,25000000.000
48090,2002,-22.460938,25000000.000
48091,2005,-20.996094,25000000.000
48092,2030,-8.789062,25000000.000
48093,2043,-2.441406,25000000.000
48094,2058,4.882812,25000000.000
48095,2057,4.394531,25000000.000
48096,2084,17.578125,25000000.000
48097,2096,23.437500,25000000.000
48098,2106,28.320312,25000000.000
48099,2107,28.808594,25000000.000
48100,2121,35.644531,25000000.000
48101,2126,38.085938,25000000.000
48102,2130,40.039062,25000000.000
48103,2130,40.039062,25000000.000
48104,2130,40.039062,25000000.000
48105,2128,39.062500,25000000.000
48106,2123,36.621094,25000000.000
48107,2123,36.621094,25000000.000
48108,2111,30.761719,25000000.000
48109,2101,25.878906,25000000.000
48110,2092,21.484375,25000000.000
48111,2091,20.996094,25000000.000
48112,2068,9.765625,25000000.000
48113,2055,3.417969,25000000.000
48114,2041,-3.417969,25000000.000
48115,2040,-3.906250,25000000.000
48116,2015,-16.113281,25000000.000
48117,2002,-22.460938,25000000.000
48118,1993,-26.855469,25000000.000
48119,1991,-27.832031,25000000.000
48120,1974,-36.132812,25000000.000
48121,1968,-39.062500,25000000.000
48122,1963,-41.503906,25000000.000
48123,1964,-41.015625,25000000.000
48124,1961,-42.480469,25000000.000
48125,1963,-41.503906,25000000.000
48126,1966,-40.039062,25000000.000
48127,1966,-40.039062,25000000.000
48128,1978,-34.179688,25000000.000
48129,1986,-30.273438,25000000.000
48130,1995,-25.878906,25000000.000
48131,1998,-24.414062,25000000.000
48132,2019,-14.160156,25000000.000
48133,2032,-7.812500,25000000.000
48134,2046,-0.976562,25000000.000
48135,2047,-0.488281,25000000.000
48136,2072,11.718750,25000000.000
48137,2086,18.554688,25000000.000
48138,2097,23.925781,25000000.000
48139,2099,24.902344,25000000.000
48140,2116,33.203125,25000000.000
48141,2122,36.132812,25000000.000
48142,2127,38.574219,25000000.000
48143,2127,38.574219,25000000.000
48144,2130,40.039062,25000000.000
48145,2130,40.039062,25000000.000
48146,2126,38.085938,25000000.000
48147,2126,38.085938,25000000.000
48148,2115,32.714844,25000000.000
48149,2108,29.296875,25000000.000
48150,2099,24.902344,25000000.000
48151,2099,24.902344,25000000.000
48152,2078,14.648438,25000000.000
48153,2066,8.789062,25000000.000
48154,2053,2.441406,25000000.000
48155,2051,1.464844,25000000.000
48156,2026,-10.742188,25000000.000
48157,2013,-17.089844,25000000.000
48158,2001,-22.949219,25000000.000
48159,2000,-23.437500,25000000.000
48160,1981,-32.714844,25000000.000
48161,1973,-36.621094,25000000.000
48162,1968,-39.062500,25000000.000
48163,1967,-39.550781,25000000.000
48164,1963,-41.503906,25000000.000
48165,1962,-41.992188,25000000.000
48166,1964,-41.015625,25000000.000
48167,1964,-41.015625,25000000.000
48168,1972,-37.109375,25000000.000
48169,1978,-34.179688,25000000.000
48170,1987,-29.785156,25000000.000
48171,1988,-29.296875,25000000.000
48172,2008,-19.531250,25000000.000
48173,2021,-13.183594,25000000.000
48174,2033,-7.324219,25000000.000
48175,2034,-6.835938,25000000.000
48176,2063,7.324219,25000000.000
48177,2074,12.695312,25000000.000
48178,2087,19.042969,25000000.000
48179,2089,20.019531,25000000.000
48180,2109,29.785156,25000000.000
48181,2118,34.179688,25000000.000
48182,2124,37.109375,25000000.000
48183,2124,37.109375,25000000.000
48184,2131,40.527344,25000000.000
48185,2131,40.527344,25000000.000
48186,2129,39.550781,25000000.000
48187,2129,39.550781,25000000.000
48188,2122,36.132812,25000000.000
48189,2116,33.203125,25000000.000
48190,2108,29.296875,25000000.000
48191,2107,28.808594,25000000.000
48192,2089,20.019531,25000000.000
48193,2077,14.160156,25000000.000
48194,2063,7.324219,25000000.000
48195,2062,6.835938,25000000.000
48196,2037,-5.371094,25000000.000
48197,2024,-11.718750,25000000.000
48198,2012,-17.578125,25000000.000
48199,2010,-18.554688,25000000.000
48200,1989,-28.808594,25000000.000
48201,1980,-33.203125,25000000.000
48202,1972,-37.109375,25000000.000
48203,1971,-37.597656,25000000.000
48204,1961,-42.480469,25000000.000
48205,1961,-42.480469,25000000.000
48206,1961,-42.480469,25000000.000
48207,1961,-42.480469,25000000.000
48208,1966,-40.039062,25000000.000
48209,1972,-37.109375,25000000.000
48210,1979,-33.691406,25000000.000
48211,1980,-33.203125,25000000.000
48212,1999,-23.925781,25000000.000
48213,2009,-19.042969,25000000.000
48214,2022,-12.695312,25000000.000
48215,2023,-12.207031,25000000.000
48216,2050,0.976562,25000000.000
48217,2064,7.812500,25000000.000
48218,2076,13.671875,25000000.000
48219,2076,13.671875,25000000.000
48220,2102,26.367188,25000000.000
48221,2110,30.273438,25000000.000
48222,2117,33.691406,25000000.000
48223,2118,34.179688,25000000.000
48224,2128,39.062500,25000000.000
48225,2129,39.550781,25000000.000
48226,2130,40.039062,25000000.000
48227,2130,40.039062,25000000.000
48228,2124,37.109375,25000000.000
48229,2120,35.156250,25000000.000
48230,2114,32.226562,25000000.000
48231,2112,31.250000,25000000.000
48232,2097,23.925781,25000000.000
48233,2086,18.554688,25000000.000
48234,2073,12.207031,25000000.000
48235,2074,12.695312,25000000.000
48236,2048,0.000000,25000000.000
48237,2034,-6.835938,25000000.000
48238,2022,-12.695312,25000000.000
48239,2019,-14.160156,25000000.000
48240,1997,-24.902344,25000000.000
48241,1987,-29.785156,25000000.000
48242,1979,-33.691406,25000000.000
48243,1978,-34.179688,25000000.000
48244,1966,-40.039062,25000000.000
48245,1963,-41.503906,25000000.000
48246,1962,-41.992188,25000000.000
48247,1962,-41.992188,25000000.000
48248,1963,-41.503906,25000000.000
48249,1968,-39.062500,25000000.000
48250,1974,-36.132812,25000000.000
48251,1974,-36.132812,25000000.000
48252,1989,-28.808594,25000000.000
48253,2001,-22.949219,25000000.000
48254,2012,-17.578125,25000000.000
48255,2012,-17.578125,25000000.000
48256,2038,-4.882812,25000000.000
48257,2051,1.464844,25000000.000
48258,2065,8.300781,25000000.000
48259,2065,8.300781,25000000.000
48260,2090,20.507812,25000000.000
48261,2101,25.878906,25000000.000
48262,2111,30.761719,25000000.000
48263,2111,30.761719,25000000.000
48264,2124,37.109375,25000000.000
48265,2127,38.574219,25000000.000
48266,2129,39.550781,25000000.000
48267,2129,39.550781,25000000.000
48268,2127,38.574219,25000000.000
48269,2123,36.621094,25000000.000
48270,2118,34.179688,25000000.000
48271,2118,34.179688,25000000.000
48272,2105,27.832031,25000000.000
48273,2095,22.949219,25000000.000
48274,2086,18.554688,25000000.000
48275,2083,17.089844,25000000.000
48276,2061,6.347656,25000000.000
48277,2047,-0.488281,25000000.000
48278,2034,-6.835938,25000000.000
48279,2032,-7.812500,25000000.000
48280,2007,-20.019531,25000000.000
48281,1995,-25.878906,25000000.000
48282,1986,-30.273438,25000000.000
48283,1984,-31.250000,25000000.000
48284,1970,-38.085938,25000000.000
48285,1965,-40.527344,25000000.000
48286,1962,-41.992188,25000000.000
48287,1962,-41.992188,25000000.000
48288,1962,-41.992188,25000000.000
48289,1964,-41.015625,25000000.000
48290,1969,-38.574219,25000000.000
48291,1969,-38.574219,25000000.000
48292,1982,-32.226562,25000000.000
48293,1992,-27.343750,25000000.000
48294,2001,-22.949219,25000000.000
48295,2003,-21.972656,25000000.000
48296,2027,-10.253906,25000000.000
48297,2041,-3.417969,25000000.000
48298,2055,3.417969,25000000.000
48299,2055,3.417969,25000000.000
48300,2081,16.113281,25000000.000
48301,2092,21.484375,25000000.000
48302,2104,27.343750,25000000.000
48303,2106,28.320312,25000000.000
48304,2120,35.156250,25000000.000
48305,2126,38.085938,25000000.000
48306,2130,40.039062,25000000.000
48307,2129,39.550781,25000000.000
48308,2130,40.039062,25000000.000
48309,2129,39.550781,25000000.000
48310,2124,37.109375,25000000.000
48311,2124,37.109375,25000000.000
48312,2112,31.250000,25000000.000
48313,2104,27.343750,25000000.000
48314,2094,22.460938,25000000.000
48315,2094,22.460938,25000000.000
48316,2072,11.718750,25000000.000
48317,2058,4.882812,25000000.000
48318,2045,-1.464844,25000000.000
48319,2044,-1.953125,25000000.000
48320,2017,-15.136719,25000000.000
48321,2006,-20.507812,25000000.000
48322,1995,-25.878906,25000000.000
48323,1993,-26.855469,25000000.000
48324,1977,-34.667969,25000000.000
48325,1970,-38.085938,25000000.000
48326,1966,-40.039062,25000000.000
48327,1965,-40.527344,25000000.000
48328,1962,-41.992188,25000000.000
48329,1962,-41.992188,25000000.000
48330,1965,-40.527344,25000000.000
48331,1966,-40.039062,25000000.000
48332,1977,-34.667969,25000000.000
48333,1983,-31.738281,25000000.000
48334,1994,-26.367188,25000000.000
48335,1994,-26.367188,25000000.000
48336,2016,-15.625000,25000000.000
48337,2029,-9.277344,25000000.000
48338,2042,-2.929688,25000000.000
48339,2043,-2.441406,25000000.000
48340,2069,10.253906,25000000.000
48341,2082,16.601562,25000000.000
48342,2093,21.972656,25000000.000
48343,2095,22.949219,25000000.000
48344,2115,32.714844,25000000.000
48345,2120,35.156250,25000000.000
48346,2124,37.109375,25000000.000
48347,2126,38.085938,25000000.000
48348,2132,41.015625,25000000.000
48349,2131,40.527344,25000000.000
48350,2126,38.085938,25000000.000
48351,2125,37.597656,25000000.000
48352,2118,34.179688,25000000.000
48353,2111,30.761719,25000000.000
48354,2102,26.367188,25000000.000
48355,2100,25.390625,25000000.000
48356,2081,16.113281,25000000.000
48357,2069,10.253906,25000000.000
48358,2056,3.906250,25000000.000
48359,2055,3.417969,25000000.000
48360,2029,-9.277344,25000000.000
48361,2017,-15.136719,25000000.000
48362,2004,-21.484375,25000000.000
48363,2003,-21.972656,25000000.000
48364,1983,-31.738281,25000000.000
48365,1976,-35.156250,25000000.000
48366,1971,-37.597656,25000000.000
48367,1969,-38.574219,25000000.000
48368,1964,-41.015625,25000000.000
48369,1962,-41.992188,25000000.000
48370,1964,-41.015625,25000000.000
48371,1964,-41.015625,25000000.000
48372,1971,-37.597656,25000000.000
48373,1977,-34.667969,25000000.000
48374,1985,-30.761719,25000000.000
48375,1986,-30.273438,25000000.000
48376,2005,-20.996094,25000000.000
48377,2018,-14.648438,25000000.000
48378,2030,-8.789062,25000000.000
48379,2032,-7.812500,25000000.000
48380,2058,4.882812,25000000.000
48381,2071,11.230469,25000000.000
48382,2084,17.578125,25000000.000
48383,2084,17.578125,25000000.000
48384,2107,28.808594,25000000.000
48385,2115,32.714844,25000000.000
48386,2121,35.644531,25000000.000
48387,2122,36.132812,25000000.000
48388,2130,40.039062,25000000.000
48389,2129,39.550781,25000000.000
48390,2129,39.550781,25000000.000
48391,2129,39.550781,25000000.000
48392,2123,36.621094,25000000.000
48393,2117,33.691406,25000000.000
48394,2110,30.273438,25000000.000
48395,2109,29.785156,25000000.000
48396,2091,20.996094,25000000.000
48397,2080,15.625000,25000000.000
48398,2068,9.765625,25000000.000
48399,2067,9.277344,25000000.000
48400,2042,-2.929688,25000000.000
48401,2027,-10.253906,25000000.000
48402,2014,-16.601562,25000000.000
48403,2012,-17.578125,25000000.000
48404,1992,-27.343750,25000000.000
48405,1982,-32.226562,25000000.000
48406,1973,-36.621094,25000000.000
48407,1973,-36.621094,25000000.000
48408,1964,-41.015625,25000000.000
48409,1960,-42.968750,25000000.000
48410,1961,-42.480469,25000000.000
48411,1961,-42.480469,25000000.000
48412,1965,-40.527344,25000000.000
48413,1971,-37.597656,25000000.000
48414,1977,-34.667969,25000000.000
48415,1978,-34.179688,25000000.000
48416,1995,-25.878906,25000000.000
48417,2008,-19.531250,25000000.000
48418,2019,-14.160156,25000000.000
48419,2019,-14.160156,25000000.000
48420,2047,-0.488281,25000000.000
48421,2061,6.347656,25000000.000
48422,2072,11.718750,25000000.000
48423,2074,12.695312,25000000.000
48424,2098,24.414062,25000000.000
48425,2108,29.296875,25000000.000
48426,2115,32.714844,25000000.000
48427,2117,33.691406,25000000.000
48428,2126,38.085938,25000000.000
48429,2129,39.550781,25000000.000
48430,2130,40.039062,25000000.000
48431,2130,40.039062,25000000.000
48432,2126,38.085938,25000000.000
48433,2121,35.644531,25000000.000
48434,2115,32.714844,25000000.000
48435,2115,32.714844,25000000.000
48436,2099,24.902344,25000000.000
48437,2088,19.531250,25000000.000
48438,2077,14.160156,25000000.000
48439,2076,13.671875,25000000.000
48440,2052,1.953125,25000000.000
48441,2038,-4.882812,25000000.000
48442,2025,-11.230469,25000000.000
48443,2023,-12.207031,25000000.000
48444,1999,-23.925781,25000000.000
48445,1989,-28.808594,25000000.000
48446,1980,-33.203125,25000000.000
48447,1980,-33.203125,25000000.000
48448,1967,-39.550781,25000000.000
48449,1963,-41.503906,25000000.000
48450,1961,-42.480469,25000000.000
48451,1961,-42.480469,25000000.000
48452,1963,-41.503906,25000000.000
48453,1967,-39.550781,25000000.000
48454,1971,-37.597656,25000000.000
48455,1972,-37.109375,25000000.000
48456,1988,-29.296875,25000000.000
48457,1996,-25.390625,25000000.000
48458,2009,-19.042969,25000000.000
48459,2009,-19.042969,25000000.000
48460,2034,-6.835938,25000000.000
48461,2048,0.000000,25000000.000
48462,2061,6.347656,25000000.000
48463,2063,7.324219,25000000.000
48464,2088,19.531250,25000000.000
48465,2099,24.902344,25000000.000
48466,2109,29.785156,25000000.000
48467,2111,30.761719,25000000.000
48468,2123,36.621094,25000000.000
48469,2127,38.574219,25000000.000
48470,2130,40.039062,25000000.000
48471,2129,39.550781,25000000.000
48472,2128,39.062500,25000000.000
48473,2126,38.085938,25000000.000
48474,2121,35.644531,25000000.000
48475,2119,34.667969,25000000.000
48476,2107,28.808594,25000000.000
48477,2097,23.925781,25000000.000
48478,2086,18.554688,25000000.000
48479,2086,18.554688,25000000.000
48480,2065,8.300781,25000000.000
48481,2050,0.976562,25000000.000
48482,2036,-5.859375,25000000.000
48483,2035,-6.347656,25000000.000
48484,2012,-17.578125,25000000.000
48485,1999,-23.925781,25000000.000
48486,1989,-28.808594,25000000.000
48487,1987,-29.785156,25000000.000
48488,1972,-37.109375,25000000.000
48489,1967,-39.550781,25000000.000
48490,1963,-41.503906,25000000.000
48491,1963,-41.503906,25000000.000
48492,1962,-41.992188,25000000.000
48493,1964,-41.015625,25000000.000
48494,1968,-39.062500,25000000.000
48495,1968,-39.062500,25000000.000
48496,1977,-34.667969,25000000.000
48497,1991,-27.832031,25000000.000
48498,1997,-24.902344,25000000.000
48499,1998,-24.414062,25000000.000
48500,2021,-13.183594,25000000.000
48501,2038,-4.882812,25000000.000
48502,2050,0.976562,25000000.000
48503,2052,1.953125,25000000.000
48504,2077,14.160156,25000000.000
48505,2090,20.507812,25000000.000
48506,2100,25.390625,25000000.000
48507,2102,26.367188,25000000.000
48508,2120,35.156250,25000000.000
48509,2124,37.109375,25000000.000
48510,2128,39.062500,25000000.000
48511,2129,39.550781,25000000.000
48512,2131,40.527344,25000000.000
48513,2129,39.550781,25000000.000
48514,2126,38.085938,25000000.000
48515,2125,37.597656,25000000.000
48516,2115,32.714844,25000000.000
48517,2107,28.808594,25000000.000
48518,2097,23.925781,25000000.000
48519,2096,23.437500,25000000.000
48520,2075,13.183594,25000000.000
48521,2062,6.835938,25000000.000
48522,2048,0.000000,25000000.000
48523,2046,-0.976562,25000000.000
48524,2019,-14.160156,25000000.000
48525,2008,-19.531250,25000000.000
48526,1998,-24.414062,25000000.000
48527,1995,-25.878906,25000000.000
48528,1978,-34.179688,25000000.000
48529,1972,-37.109375,25000000.000
48530,1967,-39.550781,25000000.000
48531,1966,-40.039062,25000000.000
48532,1961,-42.480469,25000000.000
48533,1963,-41.503906,25000000.000
48534,1964,-41.015625,25000000.000
48535,1965,-40.527344,25000000.000
48536,1973,-36.621094,25000000.000
48537,1980,-33.203125,25000000.000
48538,1990,-28.320312,25000000.000
48539,1991,-27.832031,25000000.000
48540,2012,-17.578125,25000000.000
48541,2023,-12.207031,25000000.000
48542,2038,-4.882812,25000000.000
48543,2041,-3.417969,25000000.000
48544,2065,8.300781,25000000.000
48545,2079,15.136719,25000000.000
48546,2091,20.996094,25000000.000
48547,2092,21.484375,25000000.000
48548,2111,30.761719,25000000.000
48549,2119,34.667969,25000000.000
48550,2126,38.085938,25000000.000
48551,2125,37.597656,25000000.000
48552,2132,41.015625,25000000.000
48553,2130,40.039062,25000000.000
48554,2129,39.550781,25000000.000
48555,2129,39.550781,25000000.000
48556,2119,34.667969,25000000.000
48557,2113,31.738281,25000000.000
48558,2105,27.832031,25000000.000
48559,2105,27.832031,25000000.000
48560,2085,18.066406,25000000.000
48561,2072,11.718750,25000000.000
48562,2061,6.347656,25000000.000
48563,2059,5.371094,25000000.000
48564,2033,-7.324219,25000000.000
48565,2021,-13.183594,25000000.000
48566,2006,-20.507812,25000000.000
48567,2006,-20.507812,25000000.000
48568,1987,-29.785156,25000000.000
48569,1977,-34.667969,25000000.000
48570,1970,-38.085938,25000000.000
48571,1971,-37.597656,25000000.000
48572,1962,-41.992188,25000000.000
48573,1962,-41.992188,25000000.000
48574,1963,-41.503906,25000000.000
48575,1961,-42.480469,25000000.000
48576,1969,-38.574219,25000000.000
48577,1975,-35.644531,25000000.000
48578,1982,-32.226562,25000000.000
48579,1984,-31.250000,25000000.000
48580,2001,-22.949219,25000000.000
48581,2015,-16.113281,25000000.000
48582,2027,-10.253906,25000000.000
48583,2029,-9.277344,25000000.000
48584,2055,3.417969,25000000.000
48585,2068,9.765625,25000000.000
48586,2081,16.113281,25000000.000
48587,2082,16.601562,25000000.000
48588,2103,26.855469,25000000.000
48589,2112,31.250000,25000000.000
48590,2120,35.156250,25000000.000
48591,2120,35.156250,25000000.000
48592,2129,39.550781,25000000.000
48593,2130,40.039062,25000000.000
48594,2129,39.550781,25000000.000
48595,2129,39.550781,25000000.000
48596,2122,36.132812,25000000.000
48597,2118,34.179688,25000000.000
48598,2111,30.761719,25000000.000
48599,2111,30.761719,25000000.000
48600,2094,22.460938,25000000.000
48601,2083,17.089844,25000000.000
48602,2070,10.742188,25000000.000
48603,2069,10.253906,25000000.000
48604,2044,-1.953125,25000000.000
48605,2031,-8.300781,25000000.000
48606,2017,-15.136719,25000000.000
48607,2016,-15.625000,25000000.000
48608,1994,-26.367188,25000000.000
48609,1983,-31.738281,25000000.000
48610,1976,-35.156250,25000000.000
48611,1975,-35.644531,25000000.000
48612,1965,-40.527344,25000000.000
48613,1962,-41.992188,25000000.000
48614,1961,-42.480469,25000000.000
48615,1961,-42.480469,25000000.000
48616,1963,-41.503906,25000000.000
48617,1969,-38.574219,25000000.000
48618,1975,-35.644531,25000000.000
48619,1976,-35.156250,25000000.000
48620,1993,-26.855469,25000000.000
48621,2004,-21.484375,25000000.000
48622,2015,-16.113281,25000000.000
48623,2017,-15.136719,25000000.000
48624,2042,-2.929688,25000000.000
48625,2056,3.906250,25000000.000
48626,2070,10.742188,25000000.000
48627,2070,10.742188,25000000.000
48628,2095,22.949219,25000000.000
48629,2107,28.808594,25000000.000
48630,2115,32.714844,25000000.000
48631,2115,32.714844,25000000.000
48632,2126,38.085938,25000000.000
48633,2129,39.550781,25000000.000
48634,2129,39.550781,25000000.000
48635,2129,39.550781,25000000.000
48636,2127,38.574219,25000000.000
48637,2123,36.621094,25000000.000
48638,2117,33.691406,25000000.000
48639,2115,32.714844,25000000.000
48640,2101,25.878906,25000000.000
48641,2091,20.996094,25000000.000
48642,2080,15.625000,25000000.000
48643,2079,15.136719,25000000.000
48644,2055,3.417969,25000000.000
48645,2041,-3.417969,25000000.000
48646,2028,-9.765625,25000000.000
48647,2027,-10.253906,25000000.000
48648,2002,-22.460938,25000000.000
48649,1991,-27.832031,25000000.000
48650,1983,-31.738281,25000000.000
48651,1981,-32.714844,25000000.000
48652,1968,-39.062500,25000000.000
48653,1963,-41.503906,25000000.000
48654,1961,-42.480469,25000000.000
48655,1961,-42.480469,25000000.000
48656,1962,-41.992188,25000000.000
48657,1964,-41.015625,25000000.000
48658,1970,-38.085938,25000000.000
48659,1970,-38.085938,25000000.000
48660,1984,-31.250000,25000000.000
48661,1993,-26.855469,25000000.000
48662,2004,-21.484375,25000000.000
48663,2006,-20.507812,25000000.000
48664,2031,-8.300781,25000000.000
48665,2045,-1.464844,25000000.000
48666,2057,4.394531,25000000.000
48667,2060,5.859375,25000000.000
48668,2084,17.578125,25000000.000
48669,2096,23.437500,25000000.000
48670,2108,29.296875,25000000.000
48671,2108,29.296875,25000000.000
48672,2122,36.132812,25000000.000
48673,2126,38.085938,25000000.000
48674,2128,39.062500,25000000.000
48675,2128,39.062500,25000000.000
48676,2130,40.039062,25000000.000
48677,2127,38.574219,25000000.000
48678,2123,36.621094,25000000.000
48679,2123,36.621094,25000000.000
48680,2110,30.273438,25000000.000
48681,2099,24.902344,25000000.000
48682,2091,20.996094,25000000.000
48683,2089,20.019531,25000000.000
48684,2067,9.277344,25000000.000
48685,2055,3.417969,25000000.000
48686,2040,-3.906250,25000000.000
48687,2040,-3.906250,25000000.000
48688,2014,-16.601562,25000000.000
48689,2002,-22.460938,25000000.000
48690,1990,-28.320312,25000000.000
48691,1990,-28.320312,25000000.000
48692,1974,-36.132812,25000000.000
48693,1968,-39.062500,25000000.000
48694,1964,-41.015625,25000000.000
48695,1964,-41.015625,25000000.000
48696,1961,-42.480469,25000000.000
48697,1964,-41.015625,25000000.000
48698,1966,-40.039062,25000000.000
48699,1967,-39.550781,25000000.000
48700,1977,-34.667969,25000000.000
48701,1986,-30.273438,25000000.000
48702,1996,-25.390625,25000000.000
48703,1997,-24.902344,25000000.000
48704,2019,-14.160156,25000000.000
48705,2032,-7.812500,25000000.000
48706,2046,-0.976562,25000000.000
48707,2048,0.000000,25000000.000
48708,2074,12.695312,25000000.000
48709,2086,18.554688,25000000.000
48710,2098,24.414062,25000000.000
48711,2099,24.902344,25000000.000
48712,2117,33.691406,25000000.000
48713,2124,37.109375,25000000.000
48714,2128,39.062500,25000000.000
48715,2128,39.062500,25000000.000
48716,2131,40.527344,25000000.000
48717,2129,39.550781,25000000.000
48718,2127,38.574219,25000000.000
48719,2126,38.085938,25000000.000
48720,2116,33.203125,25000000.000
48721,2108,29.296875,25000000.000
48722,2100,25.390625,25000000.000
48723,2099,24.902344,25000000.000
48724,2078,14.648438,25000000.000
48725,2066,8.789062,25000000.000
48726,2051,1.464844,25000000.000
48727,2050,0.976562,25000000.000
48728,2025,-11.230469,25000000.000
48729,2011,-18.066406,25000000.000
48730,1999,-23.925781,25000000.000
48731,1998,-24.414062,25000000.000
48732,1979,-33.691406,25000000.000
48733,1973,-36.621094,25000000.000
48734,1966,-40.039062,25000000.000
48735,1967,-39.550781,25000000.000
48736,1961,-42.480469,25000000.000
48737,1962,-41.992188,25000000.000
48738,1963,-41.503906,25000000.000
48739,1963,-41.503906,25000000.000
48740,1971,-37.597656,25000000.000
48741,1978,-34.179688,25000000.000
48742,1987,-29.785156,25000000.000
48743,1989,-28.808594,25000000.000
48744,2009,-19.042969,25000000.000
48745,2021,-13.183594,25000000.000
48746,2035,-6.347656,25000000.000
48747,2036,-5.859375,25000000.000
48748,2062,6.835938,25000000.000
48749,2076,13.671875,25000000.000
48750,2088,19.531250,25000000.000
48751,2089,20.019531,25000000.000
48752,2111,30.761719,25000000.000
48753,2119,34.667969,25000000.000
48754,2124,37.109375,25000000.000
48755,2125,37.597656,25000000.000
48756,2130,40.039062,25000000.000
48757,2130,40.039062,25000000.000
48758,2130,40.039062,25000000.000
48759,2129,39.550781,25000000.000
48760,2121,35.644531,25000000.000
48761,2115,32.714844,25000000.000
48762,2107,28.808594,25000000.000
48763,2106,28.320312,25000000.000
48764,2087,19.042969,25000000.000
48765,2075,13.183594,25000000.000
48766,2063,7.324219,25000000.000
48767,2062,6.835938,25000000.000
48768,2037,-5.371094,25000000.000
48769,2023,-12.207031,25000000.000
48770,2010,-18.554688,25000000.000
48771,2008,-19.531250,25000000.000
48772,1987,-29.785156,25000000.000
48773,1980,-33.203125,25000000.000
48774,1972,-37.109375,25000000.000
48775,1970,-38.085938,25000000.000
48776,1963,-41.503906,25000000.000
48777,1962,-41.992188,25000000.000
48778,1961,-42.480469,25000000.000
48779,1961,-42.480469,25000000.000
48780,1967,-39.550781,25000000.000
48781,1973,-36.621094,25000000.000
48782,1980,-33.203125,25000000.000
48783,1981,-32.714844,25000000.000
48784,2000,-23.437500,25000000.000
48785,2011,-18.066406,25000000.000
48786,2023,-12.207031,25000000.000
48787,2025,-11.230469,25000000.000
48788,2050,0.976562,25000000.000
48789,2064,7.812500,25000000.000
48790,2077,14.160156,25000000.000
48791,2080,15.625000,25000000.000
48792,2100,25.390625,25000000.000
48793,2111,30.761719,25000000.000
48794,2118,34.179688,25000000.000
48795,2118,34.179688,25000000.000
48796,2128,39.062500,25000000.000
48797,2129,39.550781,25000000.000
48798,2129,39.550781,25000000.000
48799,2128,39.062500,25000000.000
48800,2124,37.109375,25000000.000
48801,2120,35.156250,25000000.000
48802,2112,31.250000,25000000.000
48803,2112,31.250000,25000000.000
48804,2095,22.949219,25000000.000
48805,2085,18.066406,25000000.000
48806,2074,12.695312,25000000.000
48807,2072,11.718750,25000000.000
48808,2048,0.000000,25000000.000
48809,2034,-6.835938,25000000.000
48810,2020,-13.671875,25000000.000
48811,2019,-14.160156,25000000.000
48812,1996,-25.390625,25000000.000
48813,1986,-30.273438,25000000.000
48814,1977,-34.667969,25000000.000
48815,1976,-35.156250,25000000.000
48816,1965,-40.527344,25000000.000
48817,1962,-41.992188,25000000.000
48818,1962,-41.992188,25000000.000
48819,1961,-42.480469,25000000.000
48820,1964,-41.015625,25000000.000
48821,1967,-39.550781,25000000.000
48822,1973,-36.621094,25000000.000
48823,1974,-36.132812,25000000.000
48824,1990,-28.320312,25000000.000
48825,2001,-22.949219,25000000.000
48826,2011,-18.066406,25000000.000
48827,2013,-17.089844,25000000.000
48828,2038,-4.882812,25000000.000
48829,2052,1.953125,25000000.000
48830,2064,7.812500,25000000.000
48831,2067,9.277344,25000000.000
48832,2091,20.996094,25000000.000
48833,2102,26.367188,25000000.000
48834,2112,31.250000,25000000.000
48835,2112,31.250000,25000000.000
48836,2124,37.109375,25000000.000
48837,2126,38.085938,25000000.000
48838,2131,40.527344,25000000.000
48839,2128,39.062500,25000000.000
48840,2127,38.574219,25000000.000
48841,2124,37.109375,25000000.000
48842,2119,34.667969,25000000.000
48843,2118,34.179688,25000000.000
48844,2104,27.343750,25000000.000
48845,2094,22.460938,25000000.000
48846,2083,17.089844,25000000.000
48847,2083,17.089844,25000000.000
48848,2058,4.882812,25000000.000
48849,2046,-0.976562,25000000.000
48850,2032,-7.812500,25000000.000
48851,2030,-8.789062,25000000.000
48852,2006,-20.507812,25000000.000
48853,1994,-26.367188,25000000.000
48854,1984,-31.250000,25000000.000
48855,1983,-31.738281,25000000.000
48856,1968,-39.062500,25000000.000
48857,1964,-41.015625,25000000.000
48858,1961,-42.480469,25000000.000
48859,1961,-42.480469,25000000.000
48860,1961,-42.480469,25000000.000
48861,1964,-41.015625,25000000.000
48862,1968,-39.062500,25000000.000
48863,1970,-38.085938,25000000.000
48864,1983,-31.738281,25000000.000
48865,1992,-27.343750,25000000.000
48866,2003,-21.972656,25000000.000
48867,2004,-21.484375,25000000.000
48868,2028,-9.765625,25000000.000
48869,2041,-3.417969,25000000.000
48870,2055,3.417969,25000000.000
48871,2056,3.906250,25000000.000
48872,2082,16.601562,25000000.000
48873,2097,23.925781,25000000.000
48874,2104,27.343750,25000000.000
48875,2106,28.320312,25000000.000
48876,2122,36.132812,25000000.000
48877,2126,38.085938,25000000.000
48878,2129,39.550781,25000000.000
48879,2130,40.039062,25000000.000
48880,2130,40.039062,25000000.000
48881,2128,39.062500,25000000.000
48882,2124,37.109375,25000000.000
48883,2122,36.132812,25000000.000
48884,2112,31.250000,25000000.000
48885,2104,27.343750,25000000.000
48886,2094,22.460938,25000000.000
48887,2092,21.484375,25000000.000
48888,2071,11.230469,25000000.000
48889,2057,4.394531,25000000.000
48890,2044,-1.953125,25000000.000
48891,2042,-2.929688,25000000.000
48892,2017,-15.136719,25000000.000
48893,2006,-20.507812,25000000.000
48894,1994,-26.367188,25000000.000
48895,1992,-27.343750,25000000.000
48896,1975,-35.644531,25000000.000
48897,1970,-38.085938,25000000.000
48898,1965,-40.527344,25000000.000
48899,1963,-41.503906,25000000.000
48900,1961,-42.480469,25000000.000
48901,1962,-41.992188,25000000.000
48902,1966,-40.039062,25000000.000
48903,1966,-40.039062,25000000.000
48904,1975,-35.644531,25000000.000
48905,1984,-31.250000,25000000.000
48906,1994,-26.367188,25000000.000
48907,1994,-26.367188,25000000.000
48908,2017,-15.136719,25000000.000
48909,2029,-9.277344,25000000.000
48910,2042,-2.929688,25000000.000
48911,2045,-1.464844,25000000.000
48912,2070,10.742188,25000000.000
48913,2083,17.089844,25000000.000
48914,2096,23.437500,25000000.000
48915,2097,23.925781,25000000.000
48916,2113,31.738281,25000000.000
48917,2121,35.644531,25000000.000
48918,2127,38.574219,25000000.000
48919,2126,38.085938,25000000.000
48920,2130,40.039062,25000000.000
48921,2129,39.550781,25000000.000
48922,2127,38.574219,25000000.000
48923,2126,38.085938,25000000.000
48924,2117,33.691406,25000000.000
48925,2110,30.273438,25000000.000
48926,2102,26.367188,25000000.000
48927,2101,25.878906,25000000.000
48928,2081,16.113281,25000000.000
48929,2069,10.253906,25000000.000
48930,2055,3.417969,25000000.000
48931,2054,2.929688,25000000.000
48932,2029,-9.277344,25000000.000
48933,2015,-16.113281,25000000.000
48934,2003,-21.972656,25000000.000
48935,2002,-22.460938,25000000.000
48936,1983,-31.738281,25000000.000
48937,1975,-35.644531,25000000.000
48938,1969,-38.574219,25000000.000
48939,1969,-38.574219,25000000.000
48940,1963,-41.503906,25000000.000
48941,1962,-41.992188,25000000.000
48942,1964,-41.015625,25000000.000
48943,1964,-41.015625,25000000.000
48944,1971,-37.597656,25000000.000
48945,1977,-34.667969,25000000.000
48946,1986,-30.273438,25000000.000
48947,1987,-29.785156,25000000.000
48948,2006,-20.507812,25000000.000
48949,2019,-14.160156,25000000.000
48950,2032,-7.812500,25000000.000
48951,2033,-7.324219,25000000.000
48952,2060,5.859375,25000000.000
48953,2073,12.207031,25000000.000
48954,2085,18.066406,25000000.000
48955,2087,19.042969,25000000.000
48956,2107,28.808594,25000000.000
48957,2116,33.203125,25000000.000
48958,2123,36.621094,25000000.000
48959,2124,37.109375,25000000.000
48960,2130,40.039062,25000000.000
48961,2130,40.039062,25000000.000
48962,2129,39.550781,25000000.000
48963,2128,39.062500,25000000.000
48964,2122,36.132812,25000000.000
48965,2116,33.203125,25000000.000
48966,2109,29.785156,25000000.000
48967,2109,29.785156,25000000.000
48968,2090,20.507812,25000000.000
48969,2079,15.136719,25000000.000
48970,2067,9.277344,25000000.000
48971,2065,8.300781,25000000.000
48972,2040,-3.906250,25000000.000
48973,2027,-10.253906,25000000.000
48974,2012,-17.578125,25000000.000
48975,2011,-18.066406,25000000.000
48976,1989,-28.808594,25000000.000
48977,1980,-33.203125,25000000.000
48978,1973,-36.621094,25000000.000
48979,1971,-37.597656,25000000.000
48980,1963,-41.503906,25000000.000
48981,1961,-42.480469,25000000.000
48982,1961,-42.480469,25000000.000
48983,1960,-42.968750,25000000.000
48984,1966,-40.039062,25000000.000
48985,1971,-37.597656,25000000.000
48986,1977,-34.667969,25000000.000
48987,1978,-34.179688,25000000.000
48988,1996,-25.390625,25000000.000
48989,2007,-20.019531,25000000.000
48990,2020,-13.671875,25000000.000
48991,2021,-13.183594,25000000.000
48992,2046,-0.976562,25000000.000
48993,2060,5.859375,25000000.000
48994,2075,13.183594,25000000.000
48995,2075,13.183594,25000000.000
48996,2098,24.414062,25000000.000
48997,2109,29.785156,25000000.000
48998,2117,33.691406,25000000.000
48999,2117,33.691406,25000000.000
49000,2127,38.574219,25000000.000
49001,2129,39.550781,25000000.000
49002,2130,40.039062,25000000.000
49003,2129,39.550781,25000000.000
49004,2125,37.597656,25000000.000
49005,2121,35.644531,25000000.000
49006,2114,32.226562,25000000.000
49007,2114,32.226562,25000000.000
49008,2098,24.414062,25000000.000
49009,2088,19.531250,25000000.000
49010,2076,13.671875,25000000.000
49011,2075,13.183594,25000000.000
49012,2049,0.488281,25000000.000
49013,2037,-5.371094,25000000.000
49014,2023,-12.207031,25000000.000
49015,2022,-12.695312,25000000.000
49016,1998,-24.414062,25000000.000
49017,1988,-29.296875,25000000.000
49018,1979,-33.691406,25000000.000
49019,1977,-34.667969,25000000.000
49020,1967,-39.550781,25000000.000
49021,1962,-41.992188,25000000.000
49022,1961,-42.480469,25000000.000
49023,1961,-42.480469,25000000.000
49024,1963,-41.503906,25000000.000
49025,1967,-39.550781,25000000.000
49026,1972,-37.109375,25000000.000
49027,1973,-36.621094,25000000.000
49028,1989,-28.808594,25000000.000
49029,1998,-24.414062,25000000.000
49030,2009,-19.042969,25000000.000
49031,2010,-18.554688,25000000.000
49032,2036,-5.859375,25000000.000
49033,2050,0.976562,25000000.000
49034,2062,6.835938,25000000.000
49035,2065,8.300781,25000000.000
49036,2089,20.019531,25000000.000
49037,2100,25.390625,25000000.000
49038,2110,30.273438,25000000.000
49039,2110,30.273438,25000000.000
49040,2124,37.109375,25000000.000
49041,2128,39.062500,25000000.000
49042,2129,39.550781,25000000.000
49043,2130,40.039062,25000000.000
49044,2128,39.062500,25000000.000
49045,2124,37.109375,25000000.000
49046,2120,35.156250,25000000.000
49047,2119,34.667969,25000000.000
49048,2105,27.832031,25000000.000
49049,2097,23.925781,25000000.000
49050,2087,19.042969,25000000.000
49051,2084,17.578125,25000000.000
49052,2062,6.835938,25000000.000
49053,2048,0.000000,25000000.000
49054,2034,-6.835938,25000000.000
49055,2034,-6.835938,25000000.000
49056,2008,-19.531250,25000000.000
49057,1997,-24.902344,25000000.000
49058,1986,-30.273438,25000000.000
49059,1986,-30.273438,25000000.000
49060,1971,-37.597656,25000000.000
49061,1967,-39.550781,25000000.000
49062,1963,-41.503906,25000000.000
49063,1963,-41.503906,25000000.000
49064,1961,-42.480469,25000000.000
49065,1964,-41.015625,25000000.000
49066,1968,-39.062500,25000000.000
49067,1969,-38.574219,25000000.000
49068,1979,-33.691406,25000000.000
49069,1989,-28.808594,25000000.000
49070,2000,-23.437500,25000000.000
49071,2002,-22.460938,25000000.000
49072,2024,-11.718750,25000000.000
49073,2038,-4.882812,25000000.000
49074,2052,1.953125,25000000.000
49075,2054,2.929688,25000000.000
49076,2079,15.136719,25000000.000
49077,2092,21.484375,25000000.000
49078,2103,26.855469,25000000.000
49079,2103,26.855469,25000000.000
49080,2118,34.179688,25000000.000
49081,2125,37.597656,25000000.000
49082,2128,39.062500,25000000.000
49083,2129,39.550781,25000000.000
49084,2130,40.039062,25000000.000
49085,2129,39.550781,25000000.000
49086,2125,37.597656,25000000.000
49087,2125,37.597656,25000000.000
49088,2114,32.226562,25000000.000
49089,2105,27.832031,25000000.000
49090,2096,23.437500,25000000.000
49091,2095,22.949219,25000000.000
49092,2074,12.695312,25000000.000
49093,2060,5.859375,25000000.000
49094,2047,-0.488281,25000000.000
49095,2045,-1.464844,25000000.000
49096,2020,-13.671875,25000000.000
49097,2007,-20.019531,25000000.000
49098,1996,-25.390625,25000000.000
49099,1994,-26.367188,25000000.000
49100,1978,-34.179688,25000000.000
49101,1971,-37.597656,25000000.000
49102,1966,-40.039062,25000000.000
49103,1966,-40.039062,25000000.000
49104,1962,-41.992188,25000000.000
49105,1961,-42.480469,25000000.000
49106,1964,-41.015625,25000000.000
49107,1964,-41.015625,25000000.000
49108,1974,-36.132812,25000000.000
49109,1982,-32.226562,25000000.000
49110,1990,-28.320312,25000000.000
49111,1992,-27.343750,25000000.000
49112,2014,-16.601562,25000000.000
49113,2026,-10.742188,25000000.000
49114,2041,-3.417969,25000000.000
49115,2042,-2.929688,25000000.000
49116,2067,9.277344,25000000.000
49117,2081,16.113281,25000000.000
49118,2093,21.972656,25000000.000
49119,2094,22.460938,25000000.000
49120,2114,32.226562,25000000.000
49121,2121,35.644531,25000000.000
49122,2126,38.085938,25000000.000
49123,2127,38.574219,25000000.000
49124,2132,41.015625,25000000.000
49125,2131,40.527344,25000000.000
49126,2129,39.550781,25000000.000
49127,2129,39.550781,25000000.000
49128,2119,34.667969,25000000.000
49129,2112,31.250000,25000000.000
49130,2104,27.343750,25000000.000
49131,2104,27.343750,25000000.000
49132,2083,17.089844,25000000.000
49133,2071,11.230469,25000000.000
49134,2058,4.882812,25000000.000
49135,2057,4.394531,25000000.000
49136,2030,-8.789062,25000000.000
49137,2018,-14.648438,25000000.000
49138,2005,-20.996094,25000000.000
49139,2003,-21.972656,25000000.000
49140,1984,-31.250000,25000000.000
49141,1975,-35.644531,25000000.000
49142,1969,-38.574219,25000000.000
49143,1968,-39.062500,25000000.000
49144,1961,-42.480469,25000000.000
49145,1961,-42.480469,25000000.000
49146,1962,-41.992188,25000000.000
49147,1962,-41.992188,25000000.000
49148,1969,-38.574219,25000000.000
49149,1975,-35.644531,25000000.000
49150,1983,-31.738281,25000000.000
49151,1984,-31.250000,25000000.000
49152,2003,-21.972656,25000000.000
49153,2015,-16.113281,25000000.000
49154,2028,-9.765625,25000000.000
49155,2029,-9.277344,25000000.000
49156,2056,3.906250,25000000.000
49157,2069,10.253906,25000000.000
49158,2083,17.089844,25000000.000
49159,2084,17.578125,25000000.000
49160,2106,28.320312,25000000.000
49161,2114,32.226562,25000000.000
49162,2121,35.644531,25000000.000
49163,2121,35.644531,25000000.000
49164,2129,39.550781,25000000.000
49165,2132,41.015625,25000000.000
49166,2129,39.550781,25000000.000
49167,2131,40.527344,25000000.000
49168,2123,36.621094,25000000.000
49169,2118,34.179688,25000000.000
49170,2109,29.785156,25000000.000
49171,2110,30.273438,25000000.000
49172,2092,21.484375,25000000.000
49173,2081,16.113281,25000000.000
49174,2069,10.253906,25000000.000
49175,2067,9.277344,25000000.000
49176,2042,-2.929688,25000000.000
49177,2029,-9.277344,25000000.000
49178,2017,-15.136719,25000000.000
49179,2015,-16.113281,25000000.000
49180,1994,-26.367188,25000000.000
49181,1983,-31.738281,25000000.000
49182,1975,-35.644531,25000000.000
49183,1974,-36.132812,25000000.000
49184,1964,-41.015625,25000000.000
49185,1961,-42.480469,25000000.000
49186,1961,-42.480469,25000000.000
49187,1962,-41.992188,25000000.000
49188,1965,-40.527344,25000000.000
49189,1970,-38.085938,25000000.000
49190,1976,-35.156250,25000000.000
49191,1976,-35.156250,25000000.000
49192,1994,-26.367188,25000000.000
49193,2005,-20.996094,25000000.000
49194,2016,-15.625000,25000000.000
49195,2019,-14.160156,25000000.000
49196,2044,-1.953125,25000000.000
49197,2057,4.394531,25000000.000
49198,2072,11.718750,25000000.000
49199,2072,11.718750,25000000.000
49200,2096,23.437500,25000000.000
49201,2106,28.320312,25000000.000
49202,2115,32.714844,25000000.000
49203,2116,33.203125,25000000.000
49204,2126,38.085938,25000000.000
49205,2129,39.550781,25000000.000
49206,2129,39.550781,25000000.000
49207,2130,40.039062,25000000.000
49208,2125,37.597656,25000000.000
49209,2123,36.621094,25000000.000
49210,2117,33.691406,25000000.000
49211,2115,32.714844,25000000.000
49212,2100,25.390625,25000000.000
49213,2090,20.507812,25000000.000
49214,2079,15.136719,25000000.000
49215,2077,14.160156,25000000.000
49216,2053,2.441406,25000000.000
49217,2040,-3.906250,25000000.000
49218,2027,-10.253906,25000000.000
49219,2025,-11.230469,25000000.000
49220,2004,-21.484375,25000000.000
49221,1991,-27.832031,25000000.000
49222,1981,-32.714844,25000000.000
49223,1982,-32.226562,25000000.000
49224,1967,-39.550781,25000000.000
49225,1963,-41.503906,25000000.000
49226,1961,-42.480469,25000000.000
49227,1961,-42.480469,25000000.000
49228,1962,-41.992188,25000000.000
49229,1965,-40.527344,25000000.000
49230,1971,-37.597656,25000000.000
49231,1971,-37.597656,25000000.000
49232,1985,-30.761719,25000000.000
49233,1996,-25.390625,25000000.000
49234,2006,-20.507812,25000000.000
49235,2008,-19.531250,25000000.000
49236,2033,-7.324219,25000000.000
49237,2046,-0.976562,25000000.000
49238,2060,5.859375,25000000.000
49239,2061,6.347656,25000000.000
49240,2086,18.554688,25000000.000
49241,2097,23.925781,25000000.000
49242,2107,28.808594,25000000.000
49243,2108,29.296875,25000000.000
49244,2123,36.621094,25000000.000
49245,2127,38.574219,25000000.000
49246,2130,40.039062,25000000.000
49247,2130,40.039062,25000000.000
49248,2129,39.550781,25000000.000
49249,2126,38.085938,25000000.000
49250,2122,36.132812,25000000.000
49251,2121,35.644531,25000000.000
49252,2107,28.808594,25000000.000
49253,2100,25.390625,25000000.000
49254,2089,20.019531,25000000.000
49255,2087,19.042969,25000000.000
49256,2064,7.812500,25000000.000
49257,2052,1.953125,25000000.000
49258,2038,-4.882812,25000000.000
49259,2036,-5.859375,25000000.000
49260,2012,-17.578125,25000000.000
49261,2000,-23.437500,25000000.000
49262,1990,-28.320312,25000000.000
49263,1988,-29.296875,25000000.000
49264,1974,-36.132812,25000000.000
49265,1967,-39.550781,25000000.000
49266,1963,-41.503906,25000000.000
49267,1963,-41.503906,25000000.000
49268,1961,-42.480469,25000000.000
49269,1963,-41.503906,25000000.000
49270,1966,-40.039062,25000000.000
49271,1967,-39.550781,25000000.000
49272,1979,-33.691406,25000000.000
49273,1987,-29.785156,25000000.000
49274,1997,-24.902344,25000000.000
49275,1997,-24.902344,25000000.000
49276,2021,-13.183594,25000000.000
49277,2034,-6.835938,25000000.000
49278,2048,0.000000,25000000.000
49279,2049,0.488281,25000000.000
49280,2075,13.183594,25000000.000
49281,2088,19.531250,25000000.000
49282,2100,25.390625,25000000.000
49283,2101,25.878906,25000000.000
49284,2118,34.179688,25000000.000
49285,2124,37.109375,25000000.000
49286,2128,39.062500,25000000.000
49287,2128,39.062500,25000000.000
49288,2131,40.527344,25000000.000
49289,2130,40.039062,25000000.000
49290,2126,38.085938,25000000.000
49291,2126,38.085938,25000000.000
49292,2116,33.203125,25000000.000
49293,2108,29.296875,25000000.000
49294,2099,24.902344,25000000.000
49295,2098,24.414062,25000000.000
49296,2076,13.671875,25000000.000
49297,2064,7.812500,25000000.000
49298,2050,0.976562,25000000.000
49299,2048,0.000000,25000000.000
49300,2022,-12.695312,25000000.000
49301,2010,-18.554688,25000000.000
49302,1998,-24.414062,25000000.000
49303,1996,-25.390625,25000000.000
49304,1978,-34.179688,25000000.000
49305,1971,-37.597656,25000000.000
49306,1966,-40.039062,25000000.000
49307,1966,-40.039062,25000000.000
49308,1960,-42.968750,25000000.000
49309,1961,-42.480469,25000000.000
49310,1963,-41.503906,25000000.000
49311,1965,-40.527344,25000000.000
49312,1973,-36.621094,25000000.000
49313,1980,-33.203125,25000000.000
49314,1988,-29.296875,25000000.000
49315,1991,-27.832031,25000000.000
49316,2011,-18.066406,25000000.000
49317,2023,-12.207031,25000000.000
49318,2037,-5.371094,25000000.000
49319,2039,-4.394531,25000000.000
49320,2065,8.300781,25000000.000
49321,2079,15.136719,25000000.000
49322,2090,20.507812,25000000.000
49323,2093,21.972656,25000000.000
49324,2112,31.250000,25000000.000
49325,2120,35.156250,25000000.000
49326,2126,38.085938,25000000.000
49327,2127,38.574219,25000000.000
49328,2131,40.527344,25000000.000
49329,2131,40.527344,25000000.000
49330,2128,39.062500,25000000.000
49331,2128,39.062500,25000000.000
49332,2121,35.644531,25000000.000
49333,2113,31.738281,25000000.000
49334,2105,27.832031,25000000.000
49335,2105,27.832031,25000000.000
49336,2088,19.531250,25000000.000
49337,2075,13.183594,25000000.000
49338,2061,6.347656,25000000.000
49339,2060,5.859375,25000000.000
49340,2034,-6.835938,25000000.000
49341,2021,-13.183594,25000000.000
49342,2009,-19.042969,25000000.000
49343,2008,-19.531250,25000000.000
49344,1987,-29.785156,25000000.000
49345,1979,-33.691406,25000000.000
49346,1972,-37.109375,25000000.000
49347,1971,-37.597656,25000000.000
49348,1962,-41.992188,25000000.000
49349,1962,-41.992188,25000000.000
49350,1962,-41.992188,25000000.000
49351,1962,-41.992188,25000000.000
49352,1968,-39.062500,25000000.000
49353,1975,-35.644531,25000000.000
49354,1980,-33.203125,25000000.000
49355,1982,-32.226562,25000000.000
49356,2001,-22.949219,25000000.000
49357,2012,-17.578125,25000000.000
49358,2026,-10.742188,25000000.000
49359,2027,-10.253906,25000000.000
49360,2053,2.441406,25000000.000
49361,2067,9.277344,25000000.000
49362,2079,15.136719,25000000.000
49363,2081,16.113281,25000000.000
49364,2103,26.855469,25000000.000
49365,2112,31.250000,25000000.000
49366,2119,34.667969,25000000.000
49367,2120,35.156250,25000000.000
49368,2129,39.550781,25000000.000
49369,2129,39.550781,25000000.000
49370,2130,40.039062,25000000.000
49371,2129,39.550781,25000000.000
49372,2124,37.109375,25000000.000
49373,2120,35.156250,25000000.000
49374,2112,31.250000,25000000.000
49375,2111,30.761719,25000000.000
49376,2095,22.949219,25000000.000
49377,2084,17.578125,25000000.000
49378,2072,11.718750,25000000.000
49379,2070,10.742188,25000000.000
49380,2046,-0.976562,25000000.000
49381,2031,-8.300781,25000000.000
49382,2019,-14.160156,25000000.000
49383,2017,-15.136719,25000000.000
49384,1995,-25.878906,25000000.000
49385,1985,-30.761719,25000000.000
49386,1976,-35.156250,25000000.000
49387,1975,-35.644531,25000000.000
49388,1965,-40.527344,25000000.000
49389,1962,-41.992188,25000000.000
49390,1961,-42.480469,25000000.000
49391,1960,-42.968750,25000000.000
49392,1963,-41.503906,25000000.000
49393,1968,-39.062500,25000000.000
49394,1975,-35.644531,25000000.000
49395,1975,-35.644531,25000000.000
49396,1991,-27.832031,25000000.000
49397,2001,-22.949219,25000000.000
49398,2014,-16.601562,25000000.000
49399,2014,-16.601562,25000000.000
49400,2040,-3.906250,25000000.000
49401,2053,2.441406,25000000.000
49402,2067,9.277344,25000000.000
49403,2069,10.253906,25000000.000
49404,2093,21.972656,25000000.000
49405,2103,26.855469,25000000.000
49406,2112,31.250000,25000000.000
49407,2114,32.226562,25000000.000
49408,2125,37.597656,25000000.000
49409,2129,39.550781,25000000.000
49410,2130,40.039062,25000000.000
49411,2129,39.550781,25000000.000
49412,2127,38.574219,25000000.000
49413,2124,37.109375,25000000.000
49414,2118,34.179688,25000000.000
49415,2117,33.691406,25000000.000
49416,2103,26.855469,25000000.000
49417,2093,21.972656,25000000.000
49418,2082,16.601562,25000000.000
49419,2081,16.113281,25000000.000
49420,2057,4.394531,25000000.000
49421,2043,-2.441406,25000000.000
49422,2030,-8.789062,25000000.000
49423,2029,-9.277344,25000000.000
49424,2004,-21.484375,25000000.000
49425,1994,-26.367188,25000000.000
49426,1983,-31.738281,25000000.000
49427,1983,-31.738281,25000000.000
49428,1968,-39.062500,25000000.000
49429,1964,-41.015625,25000000.000
49430,1962,-41.992188,25000000.000
49431,1962,-41.992188,25000000.000
49432,1961,-42.480469,25000000.000
49433,1964,-41.015625,25000000.000
49434,1969,-38.574219,25000000.000
49435,1969,-38.574219,25000000.000
49436,1982,-32.226562,25000000.000
49437,1992,-27.343750,25000000.000
49438,2004,-21.484375,25000000.000
49439,2004,-21.484375,25000000.000
49440,2029,-9.277344,25000000.000
49441,2041,-3.417969,25000000.000
49442,2056,3.906250,25000000.000
49443,2057,4.394531,25000000.000
49444,2082,16.601562,25000000.000
49445,2095,22.949219,25000000.000
49446,2104,27.343750,25000000.000
49447,2107,28.808594,25000000.000
49448,2121,35.644531,25000000.000
49449,2125,37.597656,25000000.000
49450,2129,39.550781,25000000.000
49451,2129,39.550781,25000000.000
49452,2129,39.550781,25000000.000
49453,2127,38.574219,25000000.000
49454,2123,36.621094,25000000.000
49455,2122,36.132812,25000000.000
49456,2110,30.273438,25000000.000
49457,2101,25.878906,25000000.000
49458,2092,21.484375,25000000.000
49459,2090,20.507812,25000000.000
49460,2069,10.253906,25000000.000
49461,2055,3.417969,25000000.000
49462,2042,-2.929688,25000000.000
49463,2041,-3.417969,25000000.000
49464,2016,-15.625000,25000000.000
49465,2004,-21.484375,25000000.000
49466,1992,-27.343750,25000000.000
49467,1992,-27.343750,25000000.000
49468,1975,-35.644531,25000000.000
49469,1968,-39.062500,25000000.000
49470,1964,-41.015625,25000000.000
49471,1963,-41.503906,25000000.000
49472,1961,-42.480469,25000000.000
49473,1962,-41.992188,25000000.000
49474,1965,-40.527344,25000000.000
49475,1966,-40.039062,25000000.000
49476,1977,-34.667969,25000000.000
49477,1985,-30.761719,25000000.000
49478,1994,-26.367188,25000000.000
49479,1993,-26.855469,25000000.000
49480,2018,-14.648438,25000000.000
49481,2032,-7.812500,25000000.000
49482,2047,-0.488281,25000000.000
49483,2044,-1.953125,25000000.000
49484,2072,11.718750,25000000.000
49485,2086,18.554688,25000000.000
49486,2097,23.925781,25000000.000
49487,2099,24.902344,25000000.000
49488,2117,33.691406,25000000.000
49489,2123,36.621094,25000000.000
49490,2127,38.574219,25000000.000
49491,2128,39.062500,25000000.000
49492,2131,40.527344,25000000.000
49493,2130,40.039062,25000000.000
49494,2127,38.574219,25000000.000
49495,2127,38.574219,25000000.000
49496,2117,33.691406,25000000.000
49497,2109,29.785156,25000000.000
49498,2101,25.878906,25000000.000
49499,2100,25.390625,25000000.000
49500,2079,15.136719,25000000.000
49501,2067,9.277344,25000000.000
49502,2054,2.929688,25000000.000
49503,2052,1.953125,25000000.000
49504,2026,-10.742188,25000000.000
49505,2013,-17.089844,25000000.000
49506,2001,-22.949219,25000000.000
49507,2000,-23.437500,25000000.000
49508,1981,-32.714844,25000000.000
49509,1973,-36.621094,25000000.000
49510,1967,-39.550781,25000000.000
49511,1968,-39.062500,25000000.000
49512,1961,-42.480469,25000000.000
49513,1961,-42.480469,25000000.000
49514,1963,-41.503906,25000000.000
49515,1963,-41.503906,25000000.000
49516,1971,-37.597656,25000000.000
49517,1978,-34.179688,25000000.000
49518,1988,-29.296875,25000000.000
49519,1988,-29.296875,25000000.000
49520,2007,-20.019531,25000000.000
49521,2021,-13.183594,25000000.000
49522,2034,-6.835938,25000000.000
49523,2034,-6.835938,25000000.000
49524,2061,6.347656,25000000.000
49525,2075,13.183594,25000000.000
49526,2087,19.042969,25000000.000
49527,2088,19.531250,25000000.000
49528,2109,29.785156,25000000.000
49529,2118,34.179688,25000000.000
49530,2123,36.621094,25000000.000
49531,2124,37.109375,25000000.000
49532,2130,40.039062,25000000.000
49533,2131,40.527344,25000000.000
49534,2129,39.550781,25000000.000
49535,2129,39.550781,25000000.000
49536,2122,36.132812,25000000.000
49537,2115,32.714844,25000000.000
49538,2107,28.808594,25000000.000
49539,2106,28.320312,25000000.000
49540,2088,19.531250,25000000.000
49541,2078,14.648438,25000000.000
49542,2065,8.300781,25000000.000
49543,2063,7.324219,25000000.000
49544,2037,-5.371094,25000000.000
49545,2025,-11.230469,25000000.000
49546,2012,-17.578125,25000000.000
49547,2009,-19.042969,25000000.000
49548,1989,-28.808594,25000000.000
49549,1980,-33.203125,25000000.000
49550,1972,-37.109375,25000000.000
49551,1972,-37.109375,25000000.000
49552,1963,-41.503906,25000000.000
49553,1961,-42.480469,25000000.000
49554,1961,-42.480469,25000000.000
49555,1961,-42.480469,25000000.000
49556,1967,-39.550781,25000000.000
49557,1971,-37.597656,25000000.000
49558,1978,-34.179688,25000000.000
49559,1980,-33.203125,25000000.000
49560,1998,-24.414062,25000000.000
49561,2009,-19.042969,25000000.000
49562,2022,-12.695312,25000000.000
49563,2023,-12.207031,25000000.000
49564,2049,0.488281,25000000.000
49565,2062,6.835938,25000000.000
49566,2077,14.160156,25000000.000
49567,2077,14.160156,25000000.000
49568,2101,25.878906,25000000.000
49569,2112,31.250000,25000000.000
49570,2118,34.179688,25000000.000
49571,2120,35.156250,25000000.000
49572,2127,38.574219,25000000.000
49573,2130,40.039062,25000000.000
49574,2130,40.039062,25000000.000
49575,2129,39.550781,25000000.000
49576,2125,37.597656,25000000.000
49577,2119,34.667969,25000000.000
49578,2114,32.226562,25000000.000
49579,2113,31.738281,25000000.000
49580,2097,23.925781,25000000.000
49581,2086,18.554688,25000000.000
49582,2075,13.183594,25000000.000
49583,2073,12.207031,25000000.000
49584,2048,0.000000,25000000.000
49585,2035,-6.347656,25000000.000
49586,2022,-12.695312,25000000.000
49587,2021,-13.183594,25000000.000
49588,1997,-24.902344,25000000.000
49589,1986,-30.273438,25000000.000
49590,1977,-34.667969,25000000.000
49591,1977,-34.667969,25000000.000
49592,1966,-40.039062,25000000.000
49593,1962,-41.992188,25000000.000
49594,1961,-42.480469,25000000.000
49595,1960,-42.968750,25000000.000
49596,1963,-41.503906,25000000.000
49597,1967,-39.550781,25000000.000
49598,1972,-37.109375,25000000.000
49599,1973,-36.621094,25000000.000
49600,1989,-28.808594,25000000.000
49601,2000,-23.437500,25000000.000
49602,2010,-18.554688,25000000.000
49603,2012,-17.578125,25000000.000
49604,2037,-5.371094,25000000.000
49605,2051,1.464844,25000000.000
49606,2064,7.812500,25000000.000
49607,2066,8.789062,25000000.000
49608,2090,20.507812,25000000.000
49609,2101,25.878906,25000000.000
49610,2111,30.761719,25000000.000
49611,2111,30.761719,25000000.000
49612,2126,38.085938,25000000.000
49613,2128,39.062500,25000000.000
49614,2131,40.527344,25000000.000
49615,2130,40.039062,25000000.000
49616,2128,39.062500,25000000.000
49617,2124,37.109375,25000000.000
49618,2120,35.156250,25000000.000
49619,2118,34.179688,25000000.000
49620,2105,27.832031,25000000.000
49621,2096,23.437500,25000000.000
49622,2085,18.066406,25000000.000
49623,2083,17.089844,25000000.000
49624,2060,5.859375,25000000.000
49625,2047,-0.488281,25000000.000
49626,2033,-7.324219,25000000.000
49627,2032,-7.812500,25000000.000
49628,2007,-20.019531,25000000.000
49629,1996,-25.390625,25000000.000
49630,1985,-30.761719,25000000.000
49631,1984,-31.250000,25000000.000
49632,1971,-37.597656,25000000.000
49633,1964,-41.015625,25000000.000
49634,1962,-41.992188,25000000.000
49635,1960,-42.968750,25000000.000
49636,1961,-42.480469,25000000.000
49637,1963,-41.503906,25000000.000
49638,1968,-39.062500,25000000.000
49639,1968,-39.062500,25000000.000
49640,1981,-32.714844,25000000.000
49641,1991,-27.832031,25000000.000
49642,2001,-22.949219,25000000.000
49643,2001,-22.949219,25000000.000
49644,2026,-10.742188,25000000.000
49645,2040,-3.906250,25000000.000
49646,2054,2.929688,25000000.000
49647,2056,3.906250,25000000.000
49648,2080,15.625000,25000000.000
49649,2093,21.972656,25000000.000
49650,2103,26.855469,25000000.000
49651,2105,27.832031,25000000.000
49652,2120,35.156250,25000000.000
49653,2126,38.085938,25000000.000
49654,2129,39.550781,25000000.000
49655,2129,39.550781,25000000.000
49656,2129,39.550781,25000000.000
49657,2127,38.574219,25000000.000
49658,2124,37.109375,25000000.000
49659,2123,36.621094,25000000.000
49660,2111,30.761719,25000000.000
49661,2103,26.855469,25000000.000
49662,2094,22.460938,25000000.000
49663,2092,21.484375,25000000.000
49664,2071,11.230469,25000000.000
49665,2058,4.882812,25000000.000
49666,2045,-1.464844,25000000.000
49667,2044,-1.953125,25000000.000
49668,2018,-14.648438,25000000.000
49669,2006,-20.507812,25000000.000
49670,1995,-25.878906,25000000.000
49671,1993,-26.855469,25000000.000
49672,1977,-34.667969,25000000.000
49673,1969,-38.574219,25000000.000
49674,1965,-40.527344,25000000.000
49675,1964,-41.015625,25000000.000
49676,1961,-42.480469,25000000.000
49677,1962,-41.992188,25000000.000
49678,1966,-40.039062,25000000.000
49679,1965,-40.527344,25000000.000
49680,1974,-36.132812,25000000.000
49681,1983,-31.738281,25000000.000
49682,1993,-26.855469,25000000.000
49683,1993,-26.855469,25000000.000
49684,2015,-16.113281,25000000.000
49685,2027,-10.253906,25000000.000
49686,2043,-2.441406,25000000.000
49687,2044,-1.953125,25000000.000
49688,2070,10.742188,25000000.000
49689,2082,16.601562,25000000.000
49690,2094,22.460938,25000000.000
49691,2095,22.949219,25000000.000
49692,2114,32.226562,25000000.000
49693,2121,35.644531,25000000.000
49694,2126,38.085938,25000000.000
49695,2127,38.574219,25000000.000
49696,2131,40.527344,25000000.000
49697,2130,40.039062,25000000.000
49698,2128,39.062500,25000000.000
49699,2129,39.550781,25000000.000
49700,2118,34.179688,25000000.000
49701,2112,31.250000,25000000.000
49702,2104,27.343750,25000000.000
49703,2103,26.855469,25000000.000
49704,2082,16.601562,25000000.000
49705,2069,10.253906,25000000.000
49706,2056,3.906250,25000000.000
49707,2056,3.906250,25000000.000
49708,2030,-8.789062,25000000.000
49709,2018,-14.648438,25000000.000
49710,2004,-21.484375,25000000.000
49711,2003,-21.972656,25000000.000
49712,1981,-32.714844,25000000.000
49713,1975,-35.644531,25000000.000
49714,1968,-39.062500,25000000.000
49715,1969,-38.574219,25000000.000
49716,1962,-41.992188,25000000.000
49717,1961,-42.480469,25000000.000
49718,1963,-41.503906,25000000.000
49719,1962,-41.992188,25000000.000
49720,1970,-38.085938,25000000.000
49721,1976,-35.156250,25000000.000
49722,1984,-31.250000,25000000.000
49723,1985,-30.761719,25000000.000
49724,2004,-21.484375,25000000.000
49725,2016,-15.625000,25000000.000
49726,2031,-8.300781,25000000.000
49727,2032,-7.812500,25000000.000
49728,2059,5.371094,25000000.000
49729,2071,11.230469,25000000.000
49730,2083,17.089844,25000000.000
49731,2085,18.066406,25000000.000
49732,2106,28.320312,25000000.000
49733,2115,32.714844,25000000.000
49734,2122,36.132812,25000000.000
49735,2122,36.132812,25000000.000
49736,2131,40.527344,25000000.000
49737,2131,40.527344,25000000.000
49738,2130,40.039062,25000000.000
49739,2129,39.550781,25000000.000
49740,2123,36.621094,25000000.000
49741,2116,33.203125,25000000.000
49742,2110,30.273438,25000000.000
49743,2109,29.785156,25000000.000
49744,2091,20.996094,25000000.000
49745,2080,15.625000,25000000.000
49746,2067,9.277344,25000000.000
49747,2066,8.789062,25000000.000
49748,2041,-3.417969,25000000.000
49749,2026,-10.742188,25000000.000
49750,2014,-16.601562,25000000.000
49751,2012,-17.578125,25000000.000
49752,1990,-28.320312,25000000.000
49753,1982,-32.226562,25000000.000
49754,1974,-36.132812,25000000.000
49755,1972,-37.109375,25000000.000
49756,1964,-41.015625,25000000.000
49757,1962,-41.992188,25000000.000
49758,1961,-42.480469,25000000.000
49759,1961,-42.480469,25000000.000
49760,1966,-40.039062,25000000.000
49761,1971,-37.597656,25000000.000
49762,1975,-35.644531,25000000.000
49763,1978,-34.179688,25000000.000
49764,1995,-25.878906,25000000.000
49765,2004,-21.484375,25000000.000
49766,2019,-14.160156,25000000.000
49767,2019,-14.160156,25000000.000
49768,2045,-1.464844,25000000.000
49769,2059,5.371094,25000000.000
49770,2072,11.718750,25000000.000
49771,2073,12.207031,25000000.000
49772,2096,23.437500,25000000.000
49773,2107,28.808594,25000000.000
49774,2115,32.714844,25000000.000
49775,2117,33.691406,25000000.000
49776,2126,38.085938,25000000.000
49777,2130,40.039062,25000000.000
49778,2129,39.550781,25000000.000
49779,2129,39.550781,25000000.000
49780,2126,38.085938,25000000.000
49781,2120,35.156250,25000000.000
49782,2115,32.714844,25000000.000
49783,2115,32.714844,25000000.000
49784,2100,25.390625,25000000.000
49785,2089,20.019531,25000000.000
49786,2077,14.160156,25000000.000
49787,2077,14.160156,25000000.000
49788,2052,1.953125,25000000.000
49789,2039,-4.394531,25000000.000
49790,2025,-11.230469,25000000.000
49791,2023,-12.207031,25000000.000
49792,2000,-23.437500,25000000.000
49793,1989,-28.808594,25000000.000
49794,1980,-33.203125,25000000.000
49795,1979,-33.691406,25000000.000
49796,1967,-39.550781,25000000.000
49797,1963,-41.503906,25000000.000
49798,1961,-42.480469,25000000.000
49799,1961,-42.480469,25000000.000
49800,1962,-41.992188,25000000.000
49801,1965,-40.527344,25000000.000
49802,1971,-37.597656,25000000.000
49803,1971,-37.597656,25000000.000
49804,1985,-30.761719,25000000.000
49805,1996,-25.390625,25000000.000
49806,2007,-20.019531,25000000.000
49807,2010,-18.554688,25000000.000
49808,2033,-7.324219,25000000.000
49809,2047,-0.488281,25000000.000
49810,2061,6.347656,25000000.000
49811,2063,7.324219,25000000.000
49812,2088,19.531250,25000000.000
49813,2099,24.902344,25000000.000
49814,2108,29.296875,25000000.000
49815,2109,29.785156,25000000.000
49816,2123,36.621094,25000000.000
49817,2127,38.574219,25000000.000
49818,2129,39.550781,25000000.000
49819,2129,39.550781,25000000.000
49820,2128,39.062500,25000000.000
49821,2124,37.109375,25000000.000
49822,2123,36.621094,25000000.000
49823,2120,35.156250,25000000.000
49824,2107,28.808594,25000000.000
49825,2099,24.902344,25000000.000
49826,2088,19.531250,25000000.000
49827,2086,18.554688,25000000.000
49828,2064,7.812500,25000000.000
49829,2050,0.976562,25000000.000
49830,2037,-5.371094,25000000.000
49831,2036,-5.859375,25000000.000
49832,2010,-18.554688,25000000.000
49833,1999,-23.925781,25000000.000
49834,1987,-29.785156,25000000.000
49835,1986,-30.273438,25000000.000
49836,1973,-36.621094,25000000.000
49837,1966,-40.039062,25000000.000
49838,1963,-41.503906,25000000.000
49839,1962,-41.992188,25000000.000
49840,1962,-41.992188,25000000.000
49841,1963,-41.503906,25000000.000
49842,1966,-40.039062,25000000.000
49843,1966,-40.039062,25000000.000
49844,1979,-33.691406,25000000.000
49845,1988,-29.296875,25000000.000
49846,1998,-24.414062,25000000.000
49847,2000,-23.437500,25000000.000
49848,2024,-11.718750,25000000.000
49849,2036,-5.859375,25000000.000
49850,2050,0.976562,25000000.000
49851,2052,1.953125,25000000.000
49852,2077,14.160156,25000000.000
49853,2090,20.507812,25000000.000
49854,2101,25.878906,25000000.000
49855,2102,26.367188,25000000.000
49856,2119,34.667969,25000000.000
49857,2124,37.109375,25000000.000
49858,2129,39.550781,25000000.000
49859,2128,39.062500,25000000.000
49860,2131,40.527344,25000000.000
49861,2129,39.550781,25000000.000
49862,2125,37.597656,25000000.000
49863,2125,37.597656,25000000.000
49864,2114,32.226562,25000000.000
49865,2107,28.808594,25000000.000
49866,2096,23.437500,25000000.000
49867,2096,23.437500,25000000.000
49868,2075,13.183594,25000000.000
49869,2062,6.835938,25000000.000
49870,2048,0.000000,25000000.000
49871,2047,-0.488281,25000000.000
49872,2021,-13.183594,25000000.000
49873,2009,-19.042969,25000000.000
49874,1998,-24.414062,25000000.000
49875,1996,-25.390625,25000000.000
49876,1978,-34.179688,25000000.000
49877,1972,-37.109375,25000000.000
49878,1966,-40.039062,25000000.000
49879,1965,-40.527344,25000000.000
49880,1962,-41.992188,25000000.000
49881,1961,-42.480469,25000000.000
49882,1964,-41.015625,25000000.000
49883,1965,-40.527344,25000000.000
49884,1973,-36.621094,25000000.000
49885,1981,-32.714844,25000000.000
49886,1990,-28.320312,25000000.000
49887,1991,-27.832031,25000000.000
49888,2012,-17.578125,25000000.000
49889,2026,-10.742188,25000000.000
49890,2038,-4.882812,25000000.000
49891,2040,-3.906250,25000000.000
49892,2067,9.277344,25000000.000
49893,2080,15.625000,25000000.000
49894,2092,21.484375,25000000.000
49895,2093,21.972656,25000000.000
49896,2112,31.250000,25000000.000
49897,2119,34.667969,25000000.000
49898,2125,37.597656,25000000.000
49899,2124,37.109375,25000000.000
49900,2129,39.550781,25000000.000
49901,2130,40.039062,25000000.000
49902,2129,39.550781,25000000.000
49903,2128,39.062500,25000000.000
49904,2119,34.667969,25000000.000
49905,2112,31.250000,25000000.000
49906,2106,28.320312,25000000.000
49907,2103,26.855469,25000000.000
49908,2085,18.066406,25000000.000
49909,2073,12.207031,25000000.000
49910,2059,5.371094,25000000.000
49911,2059,5.371094,25000000.000
49912,2032,-7.812500,25000000.000
49913,2018,-14.648438,25000000.000
49914,2006,-20.507812,25000000.000
49915,2006,-20.507812,25000000.000
49916,1985,-30.761719,25000000.000
49917,1976,-35.156250,25000000.000
49918,1972,-37.109375,25000000.000
49919,1968,-39.062500,25000000.000
49920,1961,-42.480469,25000000.000
49921,1962,-41.992188,25000000.000
49922,1961,-42.480469,25000000.000
49923,1962,-41.992188,25000000.000
49924,1968,-39.062500,25000000.000
49925,1973,-36.621094,25000000.000
49926,1983,-31.738281,25000000.000
49927,1983,-31.738281,25000000.000
49928,2002,-22.460938,25000000.000
49929,2014,-16.601562,25000000.000
49930,2027,-10.253906,25000000.000
49931,2029,-9.277344,25000000.000
49932,2054,2.929688,25000000.000
49933,2068,9.765625,25000000.000
49934,2082,16.601562,25000000.000
49935,2082,16.601562,25000000.000
49936,2104,27.343750,25000000.000
49937,2114,32.226562,25000000.000
49938,2122,36.132812,25000000.000
49939,2121,35.644531,25000000.000
49940,2129,39.550781,25000000.000
49941,2131,40.527344,25000000.000
49942,2130,40.039062,25000000.000
49943,2131,40.527344,25000000.000
49944,2123,36.621094,25000000.000
49945,2118,34.179688,25000000.000
49946,2112,31.250000,25000000.000
49947,2112,31.250000,25000000.000
49948,2094,22.460938,25000000.000
49949,2082,16.601562,25000000.000
49950,2071,11.230469,25000000.000
49951,2070,10.742188,25000000.000
49952,2044,-1.953125,25000000.000
49953,2030,-8.789062,25000000.000
49954,2017,-15.136719,25000000.000
49955,2016,-15.625000,25000000.000
49956,1993,-26.855469,25000000.000
49957,1983,-31.738281,25000000.000
49958,1975,-35.644531,25000000.000
49959,1974,-36.132812,25000000.000
49960,1965,-40.527344,25000000.000
49961,1961,-42.480469,25000000.000
49962,1961,-42.480469,25000000.000
49963,1961,-42.480469,25000000.000
49964,1965,-40.527344,25000000.000
49965,1969,-38.574219,25000000.000
49966,1976,-35.156250,25000000.000
49967,1976,-35.156250,25000000.000
49968,1991,-27.832031,25000000.000
49969,2004,-21.484375,25000000.000
49970,2016,-15.625000,25000000.000
49971,2016,-15.625000,25000000.000
49972,2042,-2.929688,25000000.000
49973,2056,3.906250,25000000.000
49974,2070,10.742188,25000000.000
49975,2070,10.742188,25000000.000
49976,2094,22.460938,25000000.000
49977,2105,27.832031,25000000.000
49978,2113,31.738281,25000000.000
49979,2114,32.226562,25000000.000
49980,2126,38.085938,25000000.000
49981,2128,39.062500,25000000.000
49982,2129,39.550781,25000000.000
49983,2130,40.039062,25000000.000
49984,2127,38.574219,25000000.000
49985,2122,36.132812,25000000.000
49986,2117,33.691406,25000000.000
49987,2116,33.203125,25000000.000
49988,2102,26.367188,25000000.000
49989,2092,21.484375,25000000.000
49990,2080,15.625000,25000000.000
49991,2080,15.625000,25000000.000
49992,2056,3.906250,25000000.000
49993,2042,-2.929688,25000000.000
49994,2029,-9.277344,25000000.000
49995,2028,-9.765625,25000000.000
49996,2003,-21.972656,25000000.000
49997,1992,-27.343750,25000000.000
49998,1983,-31.738281,25000000.000
49999,1983,-31.738281,25000000.000
